strategy,money,countries,utilities,stations,totalLandsOwned
DEFAULT,13588,13,1,3,17
,,,,
DEFAULT,6617,11,2,3,16
DEFAULT,1324,11,0,2,13
DEFAULT,1335,5,1,2,8
DEFAULT,17764,9,2,1,12
DEFAULT,56259,10,1,1,12
DEFAULT,10410,12,0,2,14
DEFAULT,3994,12,2,2,16
DEFAULT,560,7,1,2,10
DEFAULT,15856,13,1,2,16
DEFAULT,14405,12,0,0,12
,,,,
DEFAULT,3183,10,1,2,13
DEFAULT,10460,13,0,1,14
DEFAULT,13543,14,1,2,17
DEFAULT,13182,16,1,2,19
,,,,
DEFAULT,462,9,0,1,10
DEFAULT,334,9,0,1,10
DEFAULT,7138,14,2,2,18
DEFAULT,15746,8,1,3,12
DEFAULT,23385,13,1,3,17
DEFAULT,3594,13,1,4,18
DEFAULT,13024,15,1,1,17
DEFAULT,4385,11,0,1,12
DEFAULT,457,8,0,3,11
DEFAULT,76918,11,1,2,14
DEFAULT,1255,7,0,0,7
DEFAULT,1157,5,0,4,9
DEFAULT,86933,11,0,2,13
DEFAULT,21115,13,2,1,16
DEFAULT,2176,6,0,3,9
DEFAULT,565,11,2,2,15
DEFAULT,819,7,2,1,10
DEFAULT,692,8,2,0,10
,,,,
,,,,
DEFAULT,342,8,1,2,11
DEFAULT,77,6,0,3,9
DEFAULT,195,6,0,2,8
DEFAULT,16024,13,1,3,17
DEFAULT,6396,11,0,2,13
DEFAULT,59454,12,1,2,15
DEFAULT,8103,12,1,2,15
,,,,
DEFAULT,6021,11,1,2,14
DEFAULT,3909,13,0,4,17
DEFAULT,23893,14,0,2,16
DEFAULT,9313,10,2,1,13
DEFAULT,1900,12,1,3,16
DEFAULT,20783,11,1,4,16
DEFAULT,27465,12,1,2,15
DEFAULT,14372,13,2,2,17
DEFAULT,1307,9,1,4,14
DEFAULT,1792,9,2,2,13
DEFAULT,46037,14,0,2,16
DEFAULT,5682,10,1,4,15
DEFAULT,18140,7,1,1,9
,,,,
DEFAULT,12903,12,2,3,17
DEFAULT,22570,10,1,4,15
,,,,
,,,,
DEFAULT,33013,11,2,2,15
DEFAULT,4246,12,2,2,16
DEFAULT,2149,12,2,3,17
DEFAULT,175,5,0,2,7
DEFAULT,1245,6,2,1,9
DEFAULT,759,6,0,2,8
DEFAULT,430,8,0,0,8
,,,,
,,,,
DEFAULT,427,8,2,1,11
DEFAULT,4607,13,1,4,18
DEFAULT,45537,12,1,3,16
DEFAULT,25622,10,1,3,14
,,,,
DEFAULT,36272,10,2,2,14
DEFAULT,10688,11,2,3,16
DEFAULT,23778,13,1,1,15
DEFAULT,985,10,1,3,14
DEFAULT,613,9,2,1,12
DEFAULT,26105,14,1,3,18
DEFAULT,8589,14,0,2,16
DEFAULT,21793,15,2,2,19
,,,,
DEFAULT,11468,13,1,1,15
,,,,
DEFAULT,11144,12,2,3,17
DEFAULT,1326,3,2,3,8
DEFAULT,502,6,1,0,7
,,,,
DEFAULT,873,2,0,0,2
DEFAULT,7627,11,1,1,13
DEFAULT,5267,10,1,4,15
DEFAULT,497,4,2,1,7
DEFAULT,3432,9,2,3,14
DEFAULT,411,9,0,0,9
DEFAULT,3075,11,1,3,15
DEFAULT,1145,6,1,1,8
DEFAULT,23326,12,1,1,14
DEFAULT,12975,12,1,3,16
DEFAULT,41255,13,0,1,14
DEFAULT,1330,11,1,2,14
DEFAULT,12814,12,1,2,15
DEFAULT,762,9,0,0,9
DEFAULT,23268,12,1,2,15
DEFAULT,522,9,2,2,13
,,,,
DEFAULT,440,4,1,1,6
DEFAULT,12140,13,1,3,17
DEFAULT,499,5,1,2,8
,,,,
DEFAULT,7133,12,0,1,13
DEFAULT,308,7,0,1,8
DEFAULT,1242,4,0,0,4
DEFAULT,8974,13,1,2,16
DEFAULT,9174,10,0,3,13
DEFAULT,1202,7,1,2,10
DEFAULT,3583,13,1,1,15
DEFAULT,12383,10,1,2,13
DEFAULT,5132,12,0,1,13
,,,,
,,,,
DEFAULT,9266,13,2,4,19
DEFAULT,82492,14,1,2,17
,,,,
DEFAULT,16906,11,1,2,14
DEFAULT,6187,10,0,2,12
DEFAULT,18034,12,1,3,16
DEFAULT,8151,13,0,3,16
,,,,
DEFAULT,1202,4,1,0,5
DEFAULT,13685,11,0,2,13
DEFAULT,527,5,2,2,9
DEFAULT,438,5,1,3,9
DEFAULT,7853,12,0,4,16
DEFAULT,542,7,0,1,8
DEFAULT,54169,12,1,2,15
DEFAULT,802,3,1,2,6
DEFAULT,23647,12,1,4,17
DEFAULT,2621,8,1,2,11
DEFAULT,21465,14,1,2,17
DEFAULT,28610,13,1,3,17
DEFAULT,29817,13,1,2,16
DEFAULT,426,9,0,2,11
,,,,
DEFAULT,938,6,0,0,6
DEFAULT,25100,13,1,1,15
,,,,
DEFAULT,43905,15,0,2,17
DEFAULT,5843,15,0,3,18
DEFAULT,1929,9,2,4,15
DEFAULT,991,2,0,2,4
DEFAULT,2205,9,1,4,14
DEFAULT,69919,13,1,2,16
DEFAULT,713,5,0,4,9
DEFAULT,29500,11,1,3,15
DEFAULT,6767,12,1,1,14
DEFAULT,1592,10,2,4,16
,,,,
DEFAULT,133,10,1,1,12
DEFAULT,3473,9,1,4,14
DEFAULT,56544,12,2,0,14
DEFAULT,19584,13,0,1,14
DEFAULT,1930,9,2,2,13
DEFAULT,22581,9,0,2,11
DEFAULT,5999,14,2,3,19
DEFAULT,17655,14,0,1,15
DEFAULT,2130,6,1,2,9
DEFAULT,23583,12,0,1,13
DEFAULT,7639,13,1,2,16
DEFAULT,1210,7,1,0,8
DEFAULT,2788,11,0,2,13
DEFAULT,1258,8,2,4,14
DEFAULT,30745,11,1,3,15
,,,,
DEFAULT,4459,12,2,2,16
DEFAULT,9877,11,1,3,15
,,,,
DEFAULT,20180,15,2,3,20
DEFAULT,13253,12,0,2,14
DEFAULT,10689,8,1,1,10
DEFAULT,2873,7,1,3,11
DEFAULT,8836,10,1,1,12
DEFAULT,692,8,0,3,11
DEFAULT,1608,10,0,4,14
,,,,
DEFAULT,9666,12,0,2,14
DEFAULT,2093,11,1,4,16
DEFAULT,36581,11,1,1,13
DEFAULT,1395,11,1,0,12
DEFAULT,4281,12,0,4,16
DEFAULT,2986,12,1,4,17
DEFAULT,580,6,1,3,10
DEFAULT,1193,13,1,3,17
DEFAULT,14341,12,1,2,15
DEFAULT,16448,11,2,0,13
DEFAULT,15952,10,1,3,14
DEFAULT,4361,11,1,2,14
DEFAULT,16011,13,1,2,16
DEFAULT,9160,13,1,3,17
DEFAULT,2031,9,2,3,14
DEFAULT,1506,8,1,3,12
,,,,
DEFAULT,8963,13,1,2,16
DEFAULT,3347,11,1,3,15
DEFAULT,10758,14,1,3,18
,,,,
,,,,
DEFAULT,293,11,1,0,12
DEFAULT,10197,11,1,3,15
DEFAULT,1171,4,0,1,5
DEFAULT,17365,13,0,1,14
DEFAULT,225,8,0,1,9
DEFAULT,984,9,2,3,14
DEFAULT,4731,11,2,4,17
DEFAULT,31660,10,1,1,12
DEFAULT,1709,11,0,4,15
DEFAULT,968,4,0,0,4
DEFAULT,3640,13,2,3,18
DEFAULT,670,8,1,2,11
DEFAULT,436,4,0,3,7
DEFAULT,19683,8,1,2,11
DEFAULT,14796,12,2,2,16
DEFAULT,23492,11,2,1,14
DEFAULT,7233,13,2,2,17
DEFAULT,17587,10,1,4,15
DEFAULT,1360,3,0,4,7
,,,,
DEFAULT,745,9,1,2,12
DEFAULT,30996,11,2,2,15
,,,,
DEFAULT,16809,10,1,2,13
DEFAULT,47772,13,2,2,17
DEFAULT,55176,12,1,2,15
DEFAULT,89788,9,2,3,14
DEFAULT,15918,12,2,2,16
DEFAULT,18850,13,0,2,15
DEFAULT,24298,11,1,1,13
DEFAULT,113,11,1,1,13
DEFAULT,21162,11,1,3,15
DEFAULT,2481,9,2,3,14
DEFAULT,22362,11,0,2,13
,,,,
DEFAULT,11080,9,0,1,10
DEFAULT,18342,15,2,3,20
DEFAULT,2191,10,1,2,13
DEFAULT,22734,11,2,1,14
DEFAULT,6469,14,2,2,18
DEFAULT,20047,12,0,2,14
DEFAULT,780,8,0,2,10
DEFAULT,8365,15,0,3,18
DEFAULT,6311,10,2,4,16
DEFAULT,12491,13,0,2,15
DEFAULT,11682,10,2,1,13
,,,,
DEFAULT,76569,12,2,2,16
DEFAULT,1136,3,1,0,4
DEFAULT,1134,5,0,3,8
DEFAULT,728,9,1,2,12
DEFAULT,1742,7,1,4,12
DEFAULT,1476,5,1,1,7
DEFAULT,832,6,1,2,9
DEFAULT,41205,10,0,3,13
DEFAULT,8882,14,2,3,19
DEFAULT,1833,1,0,0,1
DEFAULT,1740,11,1,4,16
DEFAULT,13435,12,0,3,15
DEFAULT,17376,12,2,2,16
DEFAULT,19436,11,1,1,13
DEFAULT,6659,11,1,2,14
DEFAULT,8027,11,1,4,16
DEFAULT,48905,10,0,4,14
DEFAULT,204,7,1,3,11
DEFAULT,625,8,2,2,12
DEFAULT,1723,4,1,1,6
DEFAULT,14515,11,1,2,14
,,,,
DEFAULT,913,2,1,1,4
,,,,
DEFAULT,18684,12,1,1,14
DEFAULT,681,10,0,3,13
DEFAULT,9874,11,1,2,14
DEFAULT,528,6,0,3,9
DEFAULT,169,9,1,3,13
DEFAULT,907,3,1,1,5
,,,,
DEFAULT,1107,10,0,3,13
DEFAULT,5545,14,2,3,19
DEFAULT,992,4,1,0,5
DEFAULT,20613,13,0,3,16
DEFAULT,4634,12,1,2,15
,,,,
DEFAULT,10197,14,2,3,19
DEFAULT,327,7,0,2,9
DEFAULT,860,10,2,2,14
DEFAULT,18813,10,1,2,13
DEFAULT,272,4,1,1,6
DEFAULT,49064,13,2,2,17
DEFAULT,14550,12,1,1,14
,,,,
DEFAULT,37583,12,1,1,14
DEFAULT,5452,13,1,2,16
DEFAULT,510,11,2,1,14
DEFAULT,21235,11,1,3,15
DEFAULT,999,7,1,4,12
,,,,
DEFAULT,9211,14,0,2,16
DEFAULT,10546,7,1,2,10
,,,,
DEFAULT,67099,13,1,3,17
DEFAULT,951,5,0,1,6
DEFAULT,573,12,0,1,13
DEFAULT,13697,13,1,4,18
DEFAULT,20954,12,1,2,15
DEFAULT,13311,12,2,0,14
DEFAULT,8173,11,1,3,15
DEFAULT,908,4,0,0,4
DEFAULT,1071,4,0,0,4
DEFAULT,15285,11,0,2,13
DEFAULT,103,11,0,1,12
DEFAULT,1005,6,1,1,8
,,,,
DEFAULT,28226,13,1,2,16
DEFAULT,11631,10,1,1,12
DEFAULT,38170,12,1,2,15
DEFAULT,638,9,0,3,12
DEFAULT,3084,8,0,4,12
DEFAULT,21514,9,1,2,12
DEFAULT,72646,11,2,2,15
DEFAULT,3913,8,2,3,13
,,,,
DEFAULT,1754,2,0,2,4
DEFAULT,13491,12,1,3,16
DEFAULT,26688,11,0,3,14
DEFAULT,256,6,0,3,9
DEFAULT,3862,11,2,2,15
DEFAULT,27735,12,1,2,15
DEFAULT,611,6,1,3,10
DEFAULT,9511,13,2,2,17
DEFAULT,39583,10,1,2,13
DEFAULT,1263,3,2,4,9
DEFAULT,10733,12,0,1,13
DEFAULT,23699,13,1,1,15
DEFAULT,285,6,0,1,7
DEFAULT,32427,12,2,2,16
DEFAULT,23245,11,0,2,13
DEFAULT,6346,12,2,1,15
,,,,
DEFAULT,2178,12,2,4,18
DEFAULT,4177,13,2,1,16
DEFAULT,1348,6,0,4,10
,,,,
DEFAULT,15331,11,1,2,14
DEFAULT,1081,10,1,4,15
DEFAULT,26196,13,1,1,15
DEFAULT,8408,14,2,2,18
DEFAULT,5243,9,2,3,14
DEFAULT,9887,13,1,1,15
DEFAULT,11183,12,0,3,15
DEFAULT,5628,10,1,2,13
,,,,
DEFAULT,369,9,1,0,10
,,,,
DEFAULT,6622,13,2,3,18
DEFAULT,1406,7,1,4,12
DEFAULT,10755,11,2,1,14
DEFAULT,5483,13,2,2,17
DEFAULT,762,7,0,3,10
DEFAULT,5975,12,1,3,16
DEFAULT,26406,13,0,1,14
DEFAULT,6169,11,1,2,14
DEFAULT,12083,13,1,2,16
DEFAULT,10854,12,2,2,16
DEFAULT,9888,13,2,3,18
DEFAULT,168,7,1,1,9
DEFAULT,18849,13,1,2,16
DEFAULT,1794,6,1,0,7
DEFAULT,528,9,1,3,13
DEFAULT,4800,12,1,3,16
DEFAULT,11752,12,1,1,14
,,,,
DEFAULT,7650,12,0,2,14
DEFAULT,8577,12,1,2,15
DEFAULT,18359,11,0,2,13
DEFAULT,20404,13,1,1,15
DEFAULT,13414,14,2,1,17
DEFAULT,1001,8,2,2,12
DEFAULT,830,4,2,0,6
,,,,
DEFAULT,6519,12,0,1,13
DEFAULT,1778,10,1,4,15
DEFAULT,747,6,0,2,8
DEFAULT,1300,7,1,3,11
DEFAULT,2541,6,2,3,11
DEFAULT,14349,9,0,4,13
DEFAULT,729,10,2,4,16
DEFAULT,1265,6,1,0,7
DEFAULT,738,7,0,3,10
DEFAULT,5158,11,2,4,17
DEFAULT,556,6,0,1,7
DEFAULT,20018,14,1,1,16
DEFAULT,19,8,1,1,10
DEFAULT,907,8,1,2,11
DEFAULT,12289,10,1,3,14
DEFAULT,2682,10,1,4,15
DEFAULT,14297,13,0,2,15
DEFAULT,15336,10,1,3,14
DEFAULT,422,3,1,3,7
DEFAULT,6502,11,1,3,15
DEFAULT,1110,6,0,1,7
DEFAULT,19423,10,2,1,13
DEFAULT,18598,12,2,2,16
,,,,
DEFAULT,13010,11,2,1,14
DEFAULT,7084,13,2,1,16
DEFAULT,31900,10,2,3,15
DEFAULT,25095,11,1,1,13
DEFAULT,32261,11,1,2,14
DEFAULT,4131,13,2,4,19
DEFAULT,1736,10,1,4,15
DEFAULT,452,9,1,1,11
DEFAULT,18258,11,1,3,15
DEFAULT,16446,12,1,1,14
DEFAULT,473,7,1,3,11
DEFAULT,90206,11,1,3,15
DEFAULT,8635,14,1,3,18
DEFAULT,15727,10,1,3,14
DEFAULT,622,3,0,2,5
DEFAULT,4738,11,2,1,14
DEFAULT,10006,10,1,3,14
DEFAULT,2352,10,2,4,16
DEFAULT,1666,10,1,3,14
,,,,
DEFAULT,16425,14,0,2,16
DEFAULT,10215,14,0,1,15
DEFAULT,15526,15,2,2,19
DEFAULT,11016,12,0,2,14
,,,,
DEFAULT,30571,13,2,0,15
,,,,
DEFAULT,1067,8,2,3,13
DEFAULT,1498,9,0,4,13
DEFAULT,14552,11,1,2,14
DEFAULT,1497,6,0,0,6
DEFAULT,1067,2,1,3,6
DEFAULT,1331,6,0,0,6
DEFAULT,287,5,0,2,7
DEFAULT,18921,14,2,1,17
DEFAULT,384,9,1,4,14
DEFAULT,16050,11,1,0,12
DEFAULT,13973,11,2,3,16
DEFAULT,878,3,2,2,7
DEFAULT,1565,6,0,4,10
DEFAULT,3721,11,1,2,14
,,,,
DEFAULT,7215,13,2,3,18
DEFAULT,15086,9,2,4,15
DEFAULT,10279,15,1,2,18
DEFAULT,1862,8,0,4,12
DEFAULT,750,9,0,0,9
DEFAULT,856,4,1,0,5
,,,,
,,,,
DEFAULT,6977,12,1,1,14
DEFAULT,12147,12,0,2,14
DEFAULT,36007,13,0,2,15
DEFAULT,13649,12,0,1,13
DEFAULT,1181,9,1,3,13
,,,,
,,,,
DEFAULT,4230,12,2,3,17
DEFAULT,767,8,2,3,13
DEFAULT,256,8,1,1,10
DEFAULT,666,5,1,0,6
DEFAULT,19470,11,0,2,13
DEFAULT,3708,10,2,3,15
DEFAULT,7321,16,0,3,19
,,,,
,,,,
DEFAULT,19565,11,1,3,15
DEFAULT,1910,10,2,3,15
DEFAULT,13446,11,1,2,14
DEFAULT,1268,14,1,0,15
DEFAULT,917,9,1,3,13
,,,,
DEFAULT,675,10,1,0,11
DEFAULT,3498,12,2,2,16
DEFAULT,1240,3,1,0,4
DEFAULT,713,4,2,1,7
DEFAULT,44674,13,1,2,16
DEFAULT,19678,13,1,0,14
DEFAULT,648,7,0,1,8
,,,,
DEFAULT,864,10,1,1,12
DEFAULT,43930,14,1,1,16
,,,,
DEFAULT,424,6,0,0,6
DEFAULT,4532,10,0,1,11
DEFAULT,750,4,0,1,5
DEFAULT,902,4,0,1,5
DEFAULT,2146,9,2,2,13
DEFAULT,12502,12,1,3,16
DEFAULT,12076,9,0,4,13
DEFAULT,252,7,1,1,9
DEFAULT,1404,10,2,2,14
DEFAULT,2058,8,2,3,13
DEFAULT,4589,12,0,2,14
DEFAULT,18546,14,2,1,17
DEFAULT,19484,14,1,2,17
DEFAULT,782,8,0,2,10
DEFAULT,12293,13,1,3,17
DEFAULT,1019,13,0,2,15
DEFAULT,8577,15,1,1,17
DEFAULT,759,6,0,2,8
DEFAULT,7784,12,1,1,14
DEFAULT,594,7,0,0,7
,,,,
DEFAULT,22595,11,1,2,14
DEFAULT,666,3,1,1,5
DEFAULT,12341,13,0,0,13
,,,,
,,,,
DEFAULT,1478,6,2,0,8
,,,,
DEFAULT,19502,13,1,2,16
DEFAULT,387,9,0,0,9
DEFAULT,7108,12,1,4,17
,,,,
DEFAULT,14207,11,1,2,14
DEFAULT,847,6,2,2,10
DEFAULT,608,6,0,0,6
DEFAULT,215,7,0,1,8
,,,,
DEFAULT,2485,14,1,4,19
DEFAULT,20838,12,0,2,14
,,,,
DEFAULT,2366,10,2,3,15
DEFAULT,159,7,1,2,10
,,,,
DEFAULT,9786,14,1,1,16
DEFAULT,15025,12,1,2,15
DEFAULT,9338,13,1,1,15
DEFAULT,6161,14,1,3,18
,,,,
,,,,
,,,,
DEFAULT,369,5,0,3,8
DEFAULT,9268,15,0,1,16
DEFAULT,950,5,2,3,10
DEFAULT,13837,12,1,1,14
,,,,
DEFAULT,13582,15,1,1,17
,,,,
DEFAULT,80889,15,1,0,16
,,,,
DEFAULT,581,9,1,2,12
,,,,
DEFAULT,1203,4,0,2,6
DEFAULT,4747,11,1,2,14
DEFAULT,37179,13,0,1,14
DEFAULT,458,6,1,3,10
DEFAULT,17856,12,0,3,15
DEFAULT,12584,12,0,2,14
DEFAULT,4327,12,1,2,15
DEFAULT,633,7,1,3,11
DEFAULT,828,4,0,1,5
DEFAULT,1897,11,0,3,14
DEFAULT,7458,12,2,1,15
DEFAULT,2027,8,2,4,14
DEFAULT,35,12,1,2,15
,,,,
DEFAULT,2327,15,1,2,18
DEFAULT,4172,9,0,3,12
DEFAULT,1641,5,0,3,8
DEFAULT,9198,12,2,1,15
DEFAULT,11847,12,2,2,16
DEFAULT,6133,12,1,0,13
DEFAULT,1994,14,0,3,17
DEFAULT,3080,9,1,4,14
DEFAULT,738,6,0,1,7
DEFAULT,29388,10,2,1,13
DEFAULT,1535,4,1,0,5
DEFAULT,5636,14,1,1,16
DEFAULT,1154,5,0,1,6
DEFAULT,658,8,2,2,12
DEFAULT,14467,13,1,1,15
DEFAULT,103,10,0,1,11
DEFAULT,21439,11,0,1,12
DEFAULT,49877,12,1,2,15
DEFAULT,13810,11,0,3,14
DEFAULT,3752,14,1,1,16
DEFAULT,898,6,0,3,9
DEFAULT,970,2,0,1,3
DEFAULT,28182,11,1,1,13
DEFAULT,1090,6,0,3,9
DEFAULT,9486,12,1,2,15
,,,,
DEFAULT,9461,10,1,2,13
,,,,
DEFAULT,1123,5,0,3,8
,,,,
DEFAULT,569,6,1,0,7
DEFAULT,21463,14,1,1,16
DEFAULT,7233,15,2,1,18
DEFAULT,10875,11,1,2,14
DEFAULT,24637,11,1,3,15
DEFAULT,899,2,0,3,5
DEFAULT,570,6,2,3,11
DEFAULT,720,5,1,1,7
DEFAULT,1922,9,0,3,12
DEFAULT,1317,10,1,2,13
DEFAULT,984,7,1,2,10
DEFAULT,25024,14,0,1,15
DEFAULT,11638,13,2,1,16
DEFAULT,8045,11,1,1,13
,,,,
DEFAULT,13077,11,1,3,15
DEFAULT,34573,11,0,3,14
DEFAULT,14209,11,0,3,14
DEFAULT,612,6,0,0,6
,,,,
DEFAULT,9495,12,0,2,14
DEFAULT,3716,10,2,2,14
DEFAULT,10718,9,2,3,14
DEFAULT,60261,12,2,2,16
DEFAULT,8953,14,2,2,18
DEFAULT,258,9,1,2,12
DEFAULT,23580,12,2,2,16
DEFAULT,23889,12,2,1,15
DEFAULT,654,8,2,0,10
,,,,
DEFAULT,1489,5,0,3,8
DEFAULT,882,10,0,2,12
DEFAULT,22534,11,1,1,13
DEFAULT,16429,12,1,1,14
DEFAULT,41485,11,1,2,14
DEFAULT,21250,14,1,2,17
,,,,
DEFAULT,211,13,0,0,13
DEFAULT,1412,10,1,4,15
DEFAULT,9146,14,1,2,17
DEFAULT,22743,9,0,2,11
,,,,
DEFAULT,18602,13,1,2,16
DEFAULT,26154,13,0,3,16
,,,,
DEFAULT,6546,12,1,4,17
,,,,
DEFAULT,11562,14,0,3,17
DEFAULT,1050,6,0,4,10
DEFAULT,27588,12,1,2,15
DEFAULT,977,7,2,4,13
DEFAULT,1934,7,0,3,10
DEFAULT,998,8,1,0,9
DEFAULT,950,10,2,4,16
DEFAULT,4343,13,1,3,17
DEFAULT,58347,16,1,2,19
DEFAULT,296,8,0,2,10
DEFAULT,901,8,1,3,12
DEFAULT,28226,9,2,3,14
DEFAULT,38885,10,1,1,12
DEFAULT,18641,14,1,2,17
DEFAULT,7032,12,2,2,16
,,,,
,,,,
DEFAULT,947,6,1,0,7
DEFAULT,7671,10,2,2,14
DEFAULT,999,10,2,2,14
DEFAULT,11923,10,0,1,11
DEFAULT,11459,10,1,2,13
,,,,
DEFAULT,11425,14,1,3,18
DEFAULT,13685,15,2,2,19
,,,,
DEFAULT,243,7,1,2,10
DEFAULT,1175,7,0,1,8
DEFAULT,13877,10,1,3,14
DEFAULT,6384,13,2,2,17
DEFAULT,310,5,1,0,6
DEFAULT,67759,9,0,1,10
DEFAULT,976,6,1,2,9
DEFAULT,7646,10,1,4,15
DEFAULT,3176,12,2,1,15
DEFAULT,5032,10,1,2,13
DEFAULT,1831,5,1,4,10
DEFAULT,601,8,1,1,10
DEFAULT,2184,14,1,3,18
DEFAULT,2837,12,1,3,16
DEFAULT,21619,12,1,1,14
DEFAULT,724,8,1,0,9
DEFAULT,975,7,1,0,8
DEFAULT,23603,14,1,3,18
DEFAULT,1418,5,2,2,9
,,,,
DEFAULT,60425,12,0,1,13
,,,,
DEFAULT,8947,11,1,4,16
DEFAULT,14397,12,1,1,14
,,,,
DEFAULT,1046,10,1,4,15
DEFAULT,216,8,0,3,11
DEFAULT,1333,4,0,0,4
DEFAULT,791,8,1,1,10
DEFAULT,1767,6,0,4,10
DEFAULT,8662,10,2,3,15
,,,,
DEFAULT,26443,13,1,2,16
DEFAULT,2728,6,1,3,10
,,,,
DEFAULT,890,9,0,3,12
DEFAULT,10657,11,2,3,16
DEFAULT,334,5,0,3,8
DEFAULT,1253,13,1,1,15
DEFAULT,47862,14,1,1,16
DEFAULT,15046,12,2,1,15
,,,,
DEFAULT,417,9,2,3,14
DEFAULT,5368,14,0,3,17
DEFAULT,8692,12,1,2,15
DEFAULT,5067,14,1,2,17
,,,,
DEFAULT,660,8,2,3,13
DEFAULT,18098,11,1,1,13
,,,,
DEFAULT,522,6,0,2,8
,,,,
DEFAULT,2323,6,0,2,8
DEFAULT,8002,11,1,1,13
,,,,
DEFAULT,1875,10,0,4,14
DEFAULT,4525,17,0,1,18
DEFAULT,1018,4,0,3,7
,,,,
DEFAULT,286,8,1,0,9
DEFAULT,879,7,1,1,9
,,,,
DEFAULT,13016,14,1,2,17
DEFAULT,7767,13,0,2,15
DEFAULT,13973,10,2,1,13
DEFAULT,4450,12,2,1,15
DEFAULT,19962,11,0,2,13
,,,,
DEFAULT,1151,7,1,1,9
DEFAULT,4946,10,1,1,12
DEFAULT,3795,10,2,3,15
DEFAULT,1438,3,1,1,5
DEFAULT,4296,11,2,2,15
,,,,
DEFAULT,1764,9,2,3,14
,,,,
DEFAULT,16131,11,2,4,17
DEFAULT,12209,13,0,1,14
DEFAULT,18516,13,2,2,17
,,,,
DEFAULT,31925,11,1,2,14
DEFAULT,2101,8,1,3,12
DEFAULT,24362,12,1,1,14
,,,,
DEFAULT,699,7,1,1,9
DEFAULT,585,6,1,1,8
DEFAULT,1092,8,2,0,10
DEFAULT,2745,11,2,2,15
DEFAULT,6500,14,0,3,17
,,,,
DEFAULT,1439,2,0,1,3
,,,,
,,,,
,,,,
DEFAULT,23079,12,1,2,15
DEFAULT,1702,11,0,2,13
,,,,
DEFAULT,3975,11,2,2,15
,,,,
DEFAULT,1896,8,1,4,13
DEFAULT,11269,11,2,2,15
DEFAULT,6086,10,0,1,11
DEFAULT,367,5,1,1,7
DEFAULT,31218,12,2,2,16
DEFAULT,1489,9,1,2,12
DEFAULT,12351,10,1,2,13
DEFAULT,17938,13,0,1,14
,,,,
DEFAULT,669,6,1,1,8
DEFAULT,14608,16,2,2,20
DEFAULT,636,9,1,3,13
DEFAULT,27912,10,1,3,14
,,,,
DEFAULT,17074,11,1,2,14
DEFAULT,23427,10,2,1,13
DEFAULT,17659,10,0,2,12
DEFAULT,1158,9,1,2,12
DEFAULT,1689,5,0,4,9
,,,,
DEFAULT,4280,13,1,2,16
DEFAULT,17239,15,1,2,18
DEFAULT,1247,8,1,3,12
,,,,
DEFAULT,14903,11,1,3,15
DEFAULT,11133,11,1,3,15
DEFAULT,7152,11,0,2,13
DEFAULT,647,4,1,2,7
DEFAULT,23817,11,1,1,13
DEFAULT,6354,12,2,2,16
DEFAULT,258,7,0,1,8
DEFAULT,228,5,1,2,8
DEFAULT,18591,15,0,1,16
DEFAULT,2039,12,0,1,13
DEFAULT,448,9,1,2,12
DEFAULT,1216,4,2,1,7
DEFAULT,16451,10,0,3,13
DEFAULT,24453,14,2,0,16
DEFAULT,9049,13,0,2,15
,,,,
DEFAULT,4561,13,1,1,15
DEFAULT,19637,13,2,3,18
,,,,
,,,,
DEFAULT,71104,11,1,2,14
DEFAULT,7547,13,2,4,19
DEFAULT,12208,12,0,3,15
DEFAULT,903,7,1,1,9
DEFAULT,1306,8,0,2,10
DEFAULT,12272,15,2,1,18
DEFAULT,9660,12,0,2,14
DEFAULT,3919,11,2,4,17
DEFAULT,10514,10,1,4,15
DEFAULT,25247,9,1,3,13
DEFAULT,21494,15,1,1,17
DEFAULT,60861,11,2,1,14
DEFAULT,88523,15,0,2,17
DEFAULT,39554,12,1,2,15
DEFAULT,692,7,2,3,12
DEFAULT,435,6,2,1,9
DEFAULT,92327,9,0,2,11
DEFAULT,974,7,1,1,9
DEFAULT,540,9,1,2,12
DEFAULT,12179,13,2,2,17
DEFAULT,1287,5,0,2,7
DEFAULT,931,6,1,1,8
DEFAULT,211,12,2,2,16
,,,,
DEFAULT,17676,13,0,0,13
DEFAULT,1411,10,0,2,12
DEFAULT,31218,12,0,2,14
DEFAULT,1603,6,1,3,10
DEFAULT,1050,4,0,2,6
DEFAULT,914,3,1,0,4
DEFAULT,653,7,0,0,7
DEFAULT,614,8,0,1,9
DEFAULT,2761,8,1,2,11
DEFAULT,9117,16,0,3,19
DEFAULT,173,10,1,1,12
DEFAULT,35388,11,0,2,13
DEFAULT,52877,12,2,1,15
DEFAULT,1214,2,1,4,7
DEFAULT,877,10,0,2,12
DEFAULT,2233,11,0,3,14
DEFAULT,6572,9,2,2,13
DEFAULT,7866,12,1,3,16
DEFAULT,27385,12,2,1,15
DEFAULT,270,6,1,2,9
DEFAULT,5765,9,0,2,11
DEFAULT,62144,13,0,3,16
DEFAULT,19612,12,2,2,16
DEFAULT,16005,14,1,3,18
,,,,
DEFAULT,1904,8,1,4,13
,,,,
DEFAULT,2079,11,2,4,17
,,,,
DEFAULT,702,9,0,0,9
DEFAULT,17356,13,1,3,17
DEFAULT,16886,13,0,2,15
DEFAULT,7906,12,0,2,14
DEFAULT,742,7,0,1,8
DEFAULT,1882,14,0,2,16
DEFAULT,1121,8,1,3,12
DEFAULT,472,10,1,1,12
DEFAULT,3241,10,1,2,13
DEFAULT,772,6,0,1,7
DEFAULT,4652,12,0,2,14
DEFAULT,5213,10,2,4,16
DEFAULT,8034,11,1,2,14
DEFAULT,9846,9,0,2,11
DEFAULT,472,4,1,1,6
DEFAULT,936,7,1,2,10
DEFAULT,953,6,1,3,10
DEFAULT,2780,11,2,4,17
DEFAULT,28407,11,2,2,15
DEFAULT,10779,10,2,1,13
DEFAULT,24312,12,1,2,15
DEFAULT,1982,8,1,1,10
DEFAULT,19030,15,1,1,17
DEFAULT,7284,14,1,1,16
DEFAULT,16221,13,1,2,16
DEFAULT,1014,8,0,2,10
,,,,
DEFAULT,3233,12,1,3,16
DEFAULT,36747,13,0,2,15
DEFAULT,1426,8,1,3,12
DEFAULT,8743,9,1,3,13
DEFAULT,40668,10,1,3,14
DEFAULT,901,4,0,1,5
DEFAULT,15860,10,1,2,13
DEFAULT,512,10,1,0,11
DEFAULT,14075,12,1,3,16
DEFAULT,6386,13,1,3,17
DEFAULT,3016,12,0,2,14
DEFAULT,14489,12,2,2,16
DEFAULT,975,6,0,1,7
,,,,
,,,,
DEFAULT,33403,9,1,3,13
,,,,
DEFAULT,9899,13,1,3,17
DEFAULT,11755,13,1,2,16
DEFAULT,1306,7,1,1,9
DEFAULT,29876,13,1,3,17
DEFAULT,23626,13,1,2,16
DEFAULT,85444,10,0,2,12
,,,,
DEFAULT,987,6,1,1,8
DEFAULT,1732,11,1,1,13
,,,,
DEFAULT,2631,13,1,2,16
DEFAULT,18255,12,1,3,16
DEFAULT,18119,12,1,2,15
,,,,
DEFAULT,8146,10,0,2,12
DEFAULT,1026,6,1,0,7
,,,,
DEFAULT,7376,11,2,3,16
DEFAULT,512,7,0,1,8
DEFAULT,28627,10,2,1,13
DEFAULT,8774,12,1,3,16
DEFAULT,521,9,1,1,11
DEFAULT,53097,14,1,4,19
DEFAULT,1533,10,2,3,15
DEFAULT,15417,11,2,2,15
DEFAULT,8727,11,1,2,14
DEFAULT,7553,13,0,3,16
,,,,
DEFAULT,52919,16,1,2,19
DEFAULT,625,7,0,1,8
DEFAULT,397,11,1,1,13
DEFAULT,4927,15,2,3,20
DEFAULT,570,7,2,3,12
,,,,
,,,,
DEFAULT,4115,14,1,3,18
DEFAULT,330,7,0,0,7
,,,,
DEFAULT,14557,11,1,4,16
DEFAULT,9582,13,1,2,16
DEFAULT,1505,7,0,0,7
DEFAULT,532,5,1,2,8
DEFAULT,794,5,1,1,7
DEFAULT,552,7,0,0,7
DEFAULT,24215,14,0,2,16
DEFAULT,5814,9,1,4,14
DEFAULT,52111,13,2,1,16
DEFAULT,825,6,1,1,8
DEFAULT,492,7,2,0,9
DEFAULT,10058,13,2,1,16
DEFAULT,15117,12,1,2,15
,,,,
DEFAULT,23100,14,1,1,16
DEFAULT,694,5,0,1,6
DEFAULT,19362,13,1,3,17
DEFAULT,981,4,1,0,5
DEFAULT,5904,11,0,1,12
DEFAULT,30892,11,0,2,13
DEFAULT,17670,15,2,3,20
DEFAULT,501,8,2,2,12
DEFAULT,1723,8,2,3,13
DEFAULT,906,10,1,3,14
DEFAULT,15571,12,2,2,16
DEFAULT,239,10,2,1,13
DEFAULT,1159,3,0,0,3
DEFAULT,1366,5,2,3,10
DEFAULT,1335,6,1,0,7
DEFAULT,14694,13,2,2,17
DEFAULT,5356,15,0,1,16
DEFAULT,10859,11,1,2,14
DEFAULT,41186,12,1,3,16
DEFAULT,16267,13,1,2,16
DEFAULT,3742,9,2,4,15
DEFAULT,10983,11,2,3,16
DEFAULT,13237,10,1,2,13
DEFAULT,435,9,1,3,13
,,,,
DEFAULT,29088,11,1,3,15
DEFAULT,20890,14,1,2,17
,,,,
DEFAULT,802,5,0,2,7
DEFAULT,22282,15,0,2,17
DEFAULT,3566,12,1,2,15
DEFAULT,1216,5,0,2,7
DEFAULT,1315,5,0,1,6
DEFAULT,6159,12,1,3,16
DEFAULT,15672,12,2,3,17
DEFAULT,258,9,1,1,11
DEFAULT,913,6,1,1,8
DEFAULT,1257,9,1,2,12
,,,,
DEFAULT,20492,12,1,1,14
DEFAULT,1092,3,1,1,5
,,,,
DEFAULT,618,5,1,0,6
DEFAULT,5287,12,0,2,14
DEFAULT,977,14,1,3,18
,,,,
,,,,
DEFAULT,20780,12,1,3,16
DEFAULT,486,8,1,1,10
DEFAULT,16493,10,0,3,13
DEFAULT,14460,10,1,2,13
DEFAULT,15825,11,1,0,12
DEFAULT,164,9,1,0,10
DEFAULT,17099,11,1,3,15
DEFAULT,258,5,1,2,8
DEFAULT,41992,10,2,2,14
DEFAULT,318,9,2,3,14
,,,,
DEFAULT,610,6,0,4,10
DEFAULT,2785,10,1,4,15
DEFAULT,34409,13,0,1,14
DEFAULT,54379,13,1,2,16
,,,,
DEFAULT,807,6,1,2,9
DEFAULT,7739,14,2,2,18
DEFAULT,6850,13,1,3,17
DEFAULT,909,9,0,1,10
DEFAULT,9940,11,2,1,14
DEFAULT,22028,9,1,3,13
DEFAULT,4402,10,1,4,15
,,,,
DEFAULT,4576,12,1,1,14
DEFAULT,30102,11,1,2,14
,,,,
DEFAULT,449,7,2,2,11
DEFAULT,493,10,0,3,13
DEFAULT,401,6,1,2,9
DEFAULT,1896,9,0,4,13
DEFAULT,666,4,1,4,9
DEFAULT,9253,9,2,3,14
DEFAULT,11372,11,0,4,15
DEFAULT,2491,10,1,4,15
DEFAULT,16433,13,1,2,16
DEFAULT,28463,10,2,1,13
DEFAULT,36558,10,2,1,13
DEFAULT,12811,13,0,2,15
DEFAULT,10537,13,2,3,18
DEFAULT,14560,10,0,2,12
DEFAULT,961,6,0,1,7
DEFAULT,528,6,0,0,6
DEFAULT,347,6,0,2,8
DEFAULT,795,4,0,0,4
DEFAULT,14964,11,0,4,15
,,,,
DEFAULT,425,9,0,1,10
DEFAULT,18932,10,0,1,11
,,,,
DEFAULT,810,6,1,0,7
DEFAULT,1808,10,0,4,14
DEFAULT,16320,13,1,3,17
DEFAULT,2062,8,0,1,9
DEFAULT,25628,12,0,1,13
DEFAULT,2690,13,1,4,18
DEFAULT,804,11,1,3,15
DEFAULT,723,10,0,1,11
DEFAULT,4507,10,1,4,15
DEFAULT,20785,10,1,2,13
,,,,
,,,,
DEFAULT,10042,16,1,2,19
DEFAULT,867,9,0,2,11
DEFAULT,21707,11,1,2,14
DEFAULT,446,6,0,2,8
DEFAULT,36194,9,1,2,12
DEFAULT,5433,12,1,1,14
DEFAULT,513,8,0,3,11
DEFAULT,11768,12,1,2,15
DEFAULT,2639,12,0,1,13
DEFAULT,24462,11,0,2,13
DEFAULT,14522,15,2,3,20
,,,,
DEFAULT,18063,14,2,1,17
DEFAULT,19799,10,1,3,14
DEFAULT,19163,10,1,3,14
DEFAULT,10100,11,0,3,14
DEFAULT,19381,7,1,3,11
DEFAULT,18031,12,0,3,15
DEFAULT,1126,6,0,0,6
DEFAULT,502,9,0,2,11
DEFAULT,13867,12,2,0,14
DEFAULT,873,8,0,1,9
DEFAULT,8802,12,2,2,16
,,,,
DEFAULT,574,5,0,2,7
,,,,
DEFAULT,6398,11,1,3,15
DEFAULT,11882,13,1,1,15
,,,,
DEFAULT,33211,15,0,2,17
DEFAULT,7176,11,0,4,15
DEFAULT,5315,13,0,3,16
DEFAULT,1204,5,1,4,10
DEFAULT,4985,11,1,1,13
DEFAULT,31418,14,0,3,17
DEFAULT,23907,14,2,1,17
DEFAULT,382,7,1,0,8
DEFAULT,37660,11,2,1,14
,,,,
DEFAULT,3197,11,0,2,13
DEFAULT,14771,13,1,1,15
DEFAULT,980,3,1,2,6
DEFAULT,3645,10,1,4,15
DEFAULT,1426,9,2,3,14
DEFAULT,18660,13,2,2,17
DEFAULT,48457,12,1,3,16
DEFAULT,1114,10,1,0,11
DEFAULT,695,10,1,2,13
DEFAULT,1121,4,1,0,5
DEFAULT,1167,7,0,3,10
DEFAULT,792,2,1,2,5
DEFAULT,431,8,1,2,11
DEFAULT,23282,14,1,3,18
DEFAULT,936,3,1,1,5
DEFAULT,1816,11,2,3,16
DEFAULT,9602,10,2,1,13
DEFAULT,51,9,1,3,13
DEFAULT,4274,11,2,3,16
,,,,
DEFAULT,447,7,0,1,8
DEFAULT,10870,11,2,3,16
DEFAULT,43936,10,0,2,12
DEFAULT,480,8,1,1,10
,,,,
DEFAULT,1128,6,0,3,9
,,,,
DEFAULT,10556,14,1,3,18
DEFAULT,19272,12,2,1,15
DEFAULT,13494,16,1,2,19
DEFAULT,6505,14,2,1,17
DEFAULT,22519,8,1,1,10
DEFAULT,1688,2,1,3,6
DEFAULT,1489,6,0,3,9
DEFAULT,782,11,1,1,13
DEFAULT,6130,9,2,3,14
DEFAULT,252,7,1,1,9
DEFAULT,297,9,0,0,9
DEFAULT,748,4,2,2,8
DEFAULT,1646,9,1,3,13
DEFAULT,25739,12,1,4,17
DEFAULT,1367,6,0,1,7
DEFAULT,13038,12,1,1,14
DEFAULT,652,7,0,0,7
DEFAULT,1103,7,2,1,10
DEFAULT,18671,14,1,2,17
DEFAULT,1342,10,2,4,16
DEFAULT,15543,10,1,2,13
DEFAULT,14062,12,1,2,15
,,,,
DEFAULT,18650,13,2,1,16
DEFAULT,1536,10,2,4,16
DEFAULT,12714,14,1,1,16
DEFAULT,7957,10,2,1,13
DEFAULT,11670,15,2,2,19
,,,,
,,,,
DEFAULT,383,8,0,2,10
DEFAULT,12404,12,0,2,14
DEFAULT,20555,12,0,2,14
DEFAULT,948,4,2,1,7
DEFAULT,14845,12,2,3,17
DEFAULT,32724,12,1,3,16
DEFAULT,527,8,2,1,11
DEFAULT,14802,11,2,1,14
DEFAULT,13557,12,1,3,16
DEFAULT,526,4,0,2,6
DEFAULT,644,12,0,3,15
DEFAULT,17635,11,1,2,14
DEFAULT,12678,12,0,1,13
DEFAULT,8300,15,1,1,17
DEFAULT,510,7,1,1,9
DEFAULT,914,6,1,0,7
,,,,
DEFAULT,2512,9,1,3,13
DEFAULT,4519,12,1,3,16
DEFAULT,276,7,1,1,9
DEFAULT,178,8,2,3,13
DEFAULT,2589,12,0,4,16
DEFAULT,677,4,0,2,6
DEFAULT,40464,11,0,2,13
DEFAULT,1383,5,1,0,6
DEFAULT,2057,9,2,4,15
DEFAULT,14789,13,0,2,15
DEFAULT,9258,14,0,2,16
DEFAULT,2797,6,2,4,12
DEFAULT,802,8,1,1,10
DEFAULT,914,8,0,2,10
DEFAULT,7607,13,0,2,15
DEFAULT,27915,13,1,2,16
DEFAULT,716,5,1,1,7
DEFAULT,43923,13,0,1,14
DEFAULT,44967,14,0,1,15
DEFAULT,5975,12,1,2,15
DEFAULT,80682,11,1,1,13
DEFAULT,862,2,2,0,4
DEFAULT,6484,8,0,3,11
DEFAULT,1365,5,2,2,9
DEFAULT,74626,12,1,1,14
DEFAULT,833,9,0,2,11
DEFAULT,11124,12,1,3,16
,,,,
DEFAULT,11131,11,1,2,14
DEFAULT,17509,12,1,3,16
DEFAULT,554,5,0,0,5
DEFAULT,608,3,0,2,5
DEFAULT,132,6,0,1,7
DEFAULT,285,6,1,1,8
DEFAULT,453,9,2,2,13
DEFAULT,38290,12,1,1,14
DEFAULT,17534,15,2,1,18
DEFAULT,14121,12,1,2,15
DEFAULT,26015,13,1,2,16
DEFAULT,623,11,1,3,15
DEFAULT,481,10,0,1,11
DEFAULT,1380,11,1,1,13
DEFAULT,14434,15,1,1,17
DEFAULT,314,9,1,4,14
DEFAULT,22387,14,2,2,18
DEFAULT,13850,11,1,2,14
DEFAULT,25010,13,0,2,15
DEFAULT,11610,11,0,1,12
DEFAULT,20978,13,2,2,17
DEFAULT,1243,7,1,0,8
DEFAULT,29081,12,1,2,15
DEFAULT,11452,12,1,1,14
DEFAULT,9903,14,1,1,16
,,,,
DEFAULT,22220,13,2,1,16
DEFAULT,1716,6,2,4,12
DEFAULT,1204,7,1,2,10
,,,,
DEFAULT,591,7,2,1,10
DEFAULT,25462,12,0,2,14
DEFAULT,12881,11,1,3,15
DEFAULT,6870,10,1,4,15
,,,,
DEFAULT,6238,13,2,4,19
DEFAULT,352,9,1,1,11
DEFAULT,64884,13,0,2,15
DEFAULT,9042,13,0,1,14
DEFAULT,21836,13,1,3,17
DEFAULT,34046,13,2,1,16
,,,,
,,,,
DEFAULT,159,11,1,0,12
,,,,
DEFAULT,304,9,1,0,10
DEFAULT,281,8,1,1,10
,,,,
DEFAULT,540,5,1,2,8
DEFAULT,10077,14,0,3,17
DEFAULT,16626,12,1,1,14
DEFAULT,6027,12,1,2,15
DEFAULT,50495,12,2,2,16
DEFAULT,388,6,0,1,7
DEFAULT,1612,6,1,4,11
DEFAULT,45529,11,0,2,13
DEFAULT,3743,9,2,3,14
DEFAULT,16602,12,1,2,15
DEFAULT,29206,12,2,1,15
DEFAULT,180,8,1,2,11
DEFAULT,4582,11,1,4,16
DEFAULT,380,8,1,1,10
DEFAULT,11222,10,1,2,13
DEFAULT,19859,10,2,1,13
DEFAULT,19969,13,0,2,15
DEFAULT,1033,9,1,3,13
DEFAULT,621,6,1,0,7
DEFAULT,1266,10,2,2,14
,,,,
DEFAULT,52578,11,0,1,12
DEFAULT,13704,13,0,1,14
DEFAULT,21554,15,1,1,17
DEFAULT,7049,13,1,3,17
DEFAULT,1018,9,1,2,12
,,,,
DEFAULT,1246,7,1,1,9
DEFAULT,10539,12,1,2,15
DEFAULT,8159,13,0,3,16
DEFAULT,21843,12,1,3,16
,,,,
DEFAULT,24145,14,1,2,17
DEFAULT,49641,13,1,0,14
DEFAULT,2537,9,0,4,13
DEFAULT,1150,6,1,1,8
DEFAULT,1067,8,1,2,11
DEFAULT,815,6,2,4,12
DEFAULT,272,6,1,1,8
DEFAULT,22420,9,2,2,13
DEFAULT,1603,2,0,1,3
DEFAULT,12879,12,1,1,14
DEFAULT,529,8,2,2,12
DEFAULT,1555,7,1,3,11
DEFAULT,19090,7,2,4,13
DEFAULT,97989,12,1,2,15
,,,,
DEFAULT,48794,12,0,1,13
DEFAULT,12695,11,0,4,15
DEFAULT,8526,13,2,2,17
DEFAULT,692,8,1,1,10
DEFAULT,1291,7,1,0,8
DEFAULT,3443,10,0,3,13
DEFAULT,20216,7,0,2,9
DEFAULT,1432,6,0,4,10
DEFAULT,1787,11,1,2,14
DEFAULT,21101,11,1,2,14
DEFAULT,8910,10,1,2,13
DEFAULT,654,8,0,1,9
DEFAULT,8889,11,1,1,13
DEFAULT,14696,15,1,1,17
DEFAULT,1050,7,0,4,11
DEFAULT,1139,6,1,1,8
DEFAULT,3950,11,2,2,15
DEFAULT,42225,11,1,1,13
DEFAULT,867,7,0,2,9
DEFAULT,18928,13,1,2,16
DEFAULT,2208,8,2,3,13
,,,,
DEFAULT,1365,5,2,3,10
DEFAULT,446,5,1,2,8
DEFAULT,2328,11,1,4,16
DEFAULT,38004,12,2,1,15
,,,,
DEFAULT,11946,11,0,2,13
DEFAULT,250,7,1,1,9
DEFAULT,950,6,1,2,9
DEFAULT,822,7,0,2,9
DEFAULT,648,6,1,2,9
DEFAULT,5822,14,0,3,17
DEFAULT,48341,11,1,2,14
DEFAULT,4814,13,2,3,18
DEFAULT,5642,13,1,2,16
DEFAULT,3857,10,2,4,16
DEFAULT,703,4,1,3,8
DEFAULT,16187,13,2,1,16
DEFAULT,7054,13,1,2,16
DEFAULT,6694,9,1,4,14
DEFAULT,1919,8,1,4,13
,,,,
,,,,
DEFAULT,26298,13,1,3,17
DEFAULT,59109,9,2,1,12
DEFAULT,2497,9,1,2,12
DEFAULT,1116,9,0,0,9
DEFAULT,646,6,0,0,6
,,,,
DEFAULT,4959,10,0,1,11
DEFAULT,17897,9,1,2,12
DEFAULT,1296,4,0,1,5
DEFAULT,1298,4,1,1,6
DEFAULT,2725,11,1,3,15
DEFAULT,1191,7,0,0,7
DEFAULT,6691,10,1,3,14
,,,,
DEFAULT,10031,13,2,2,17
DEFAULT,380,3,1,0,4
DEFAULT,1274,10,1,1,12
DEFAULT,225,7,1,0,8
DEFAULT,35159,14,0,3,17
DEFAULT,12809,11,1,3,15
DEFAULT,1416,4,1,1,6
DEFAULT,23489,12,1,2,15
,,,,
DEFAULT,17022,12,2,0,14
DEFAULT,7807,10,1,3,14
DEFAULT,1898,8,2,4,14
DEFAULT,2638,13,1,2,16
DEFAULT,19609,9,1,2,12
DEFAULT,31940,15,1,0,16
,,,,
DEFAULT,22091,11,2,0,13
DEFAULT,6759,8,0,2,10
,,,,
DEFAULT,33357,13,1,3,17
DEFAULT,7004,13,2,1,16
,,,,
DEFAULT,80323,9,2,2,13
DEFAULT,8598,12,0,2,14
DEFAULT,11073,12,1,3,16
DEFAULT,281,8,1,2,11
DEFAULT,9953,12,1,1,14
DEFAULT,313,12,0,2,14
DEFAULT,1807,14,1,2,17
DEFAULT,553,10,0,4,14
,,,,
DEFAULT,2890,14,1,4,19
,,,,
DEFAULT,26806,10,2,4,16
DEFAULT,45764,15,1,2,18
,,,,
DEFAULT,5772,10,2,2,14
DEFAULT,8163,11,1,3,15
DEFAULT,2254,10,2,0,12
DEFAULT,14758,15,0,3,18
,,,,
,,,,
DEFAULT,23217,11,1,3,15
DEFAULT,43630,10,1,2,13
DEFAULT,12363,10,0,2,12
DEFAULT,60841,12,0,1,13
DEFAULT,9595,9,1,2,12
,,,,
DEFAULT,13684,13,0,3,16
DEFAULT,14927,16,0,2,18
DEFAULT,15108,14,0,1,15
DEFAULT,20929,12,1,3,16
,,,,
DEFAULT,23905,12,0,3,15
DEFAULT,1167,6,2,2,10
DEFAULT,4138,11,1,3,15
DEFAULT,3084,11,2,3,16
DEFAULT,16423,12,1,2,15
DEFAULT,300,10,1,1,12
DEFAULT,1214,10,0,1,11
DEFAULT,7856,12,0,3,15
DEFAULT,6155,13,1,3,17
DEFAULT,347,3,0,3,6
DEFAULT,1228,6,1,2,9
,,,,
DEFAULT,1067,7,0,1,8
DEFAULT,852,6,0,1,7
DEFAULT,11107,17,1,3,21
DEFAULT,4849,10,1,3,14
DEFAULT,44799,9,2,1,12
DEFAULT,778,6,1,4,11
DEFAULT,1364,1,0,0,1
DEFAULT,4894,12,0,3,15
DEFAULT,31554,11,2,2,15
DEFAULT,1807,9,0,3,12
DEFAULT,620,4,2,2,8
DEFAULT,187,11,2,1,14
DEFAULT,714,11,1,2,14
,,,,
DEFAULT,382,8,1,0,9
DEFAULT,5503,15,0,2,17
DEFAULT,1007,10,0,4,14
DEFAULT,19495,14,1,2,17
DEFAULT,3817,11,2,2,15
DEFAULT,3052,12,1,4,17
DEFAULT,1435,8,2,3,13
DEFAULT,883,7,2,2,11
DEFAULT,877,9,1,3,13
DEFAULT,25524,13,0,1,14
DEFAULT,1584,4,0,1,5
DEFAULT,5895,11,1,4,16
DEFAULT,30035,13,0,2,15
DEFAULT,707,10,2,2,14
,,,,
DEFAULT,20052,13,0,1,14
,,,,
,,,,
DEFAULT,27836,10,2,1,13
DEFAULT,3742,12,1,2,15
DEFAULT,17829,12,1,1,14
DEFAULT,21530,12,2,2,16
DEFAULT,8586,12,1,2,15
DEFAULT,104,5,1,3,9
DEFAULT,47146,13,2,1,16
DEFAULT,33967,11,1,2,14
DEFAULT,776,7,1,0,8
,,,,
DEFAULT,11357,10,1,3,14
DEFAULT,1014,4,0,0,4
DEFAULT,312,7,0,0,7
,,,,
DEFAULT,1391,1,1,0,2
DEFAULT,3565,13,2,2,17
DEFAULT,15872,13,1,1,15
,,,,
DEFAULT,14741,11,1,2,14
DEFAULT,21687,16,2,3,21
DEFAULT,932,2,0,2,4
DEFAULT,16877,13,0,2,15
DEFAULT,12050,14,1,1,16
DEFAULT,718,13,1,4,18
DEFAULT,7566,12,1,1,14
DEFAULT,18286,13,2,1,16
DEFAULT,601,7,0,1,8
DEFAULT,10843,11,2,1,14
DEFAULT,6813,11,2,1,14
DEFAULT,814,5,1,2,8
DEFAULT,13648,13,0,2,15
DEFAULT,13832,13,2,2,17
DEFAULT,1168,9,1,2,12
DEFAULT,5740,12,2,3,17
DEFAULT,4035,14,2,1,17
DEFAULT,126,8,0,1,9
DEFAULT,3422,13,2,2,17
DEFAULT,47648,10,1,3,14
DEFAULT,10547,14,0,3,17
,,,,
DEFAULT,9007,11,1,1,13
DEFAULT,29663,12,1,2,15
DEFAULT,45636,11,0,2,13
DEFAULT,14111,14,1,3,18
DEFAULT,15996,11,1,1,13
DEFAULT,3654,7,0,4,11
DEFAULT,2503,6,1,4,11
DEFAULT,53108,12,1,1,14
DEFAULT,8246,12,1,2,15
DEFAULT,5739,10,2,3,15
DEFAULT,7682,12,2,1,15
DEFAULT,543,6,0,0,6
DEFAULT,7203,12,2,3,17
DEFAULT,891,7,1,2,10
DEFAULT,265,7,0,1,8
DEFAULT,16167,16,2,2,20
DEFAULT,35901,10,2,2,14
DEFAULT,5641,9,2,4,15
DEFAULT,7300,11,1,2,14
DEFAULT,884,8,0,2,10
DEFAULT,20872,12,1,3,16
DEFAULT,26908,13,0,1,14
DEFAULT,535,5,1,1,7
DEFAULT,850,6,0,1,7
DEFAULT,122,8,0,0,8
,,,,
DEFAULT,8385,12,2,3,17
DEFAULT,13581,15,2,3,20
DEFAULT,252,8,0,2,10
DEFAULT,1543,7,1,3,11
DEFAULT,1426,8,1,4,13
DEFAULT,285,8,1,1,10
DEFAULT,21605,10,2,1,13
DEFAULT,914,8,0,1,9
,,,,
DEFAULT,289,8,1,2,11
DEFAULT,14125,13,2,2,17
DEFAULT,1314,7,1,0,8
DEFAULT,1100,3,0,0,3
DEFAULT,4976,13,0,2,15
DEFAULT,2841,14,2,3,19
DEFAULT,13515,11,0,3,14
DEFAULT,5616,12,1,4,17
DEFAULT,19405,15,2,2,19
DEFAULT,9257,13,0,3,16
DEFAULT,25236,12,0,3,15
DEFAULT,4698,13,1,2,16
,,,,
DEFAULT,34497,11,2,4,17
DEFAULT,18516,11,0,1,12
DEFAULT,31984,13,1,1,15
DEFAULT,6551,13,0,3,16
DEFAULT,4396,13,1,2,16
DEFAULT,5296,12,1,4,17
DEFAULT,51772,11,2,1,14
,,,,
DEFAULT,1019,8,2,0,10
DEFAULT,10355,13,1,1,15
DEFAULT,21356,12,0,2,14
,,,,
DEFAULT,1028,3,1,1,5
DEFAULT,4321,12,2,2,16
DEFAULT,19470,11,2,1,14
DEFAULT,7375,11,2,2,15
DEFAULT,78,7,1,0,8
DEFAULT,5617,10,1,3,14
DEFAULT,12610,13,2,1,16
DEFAULT,2538,3,1,4,8
DEFAULT,5033,14,0,3,17
DEFAULT,715,5,0,2,7
DEFAULT,71082,10,1,3,14
DEFAULT,5006,16,0,2,18
DEFAULT,18061,12,2,3,17
DEFAULT,1117,6,0,1,7
,,,,
DEFAULT,12791,11,0,1,12
DEFAULT,35347,15,1,1,17
,,,,
,,,,
DEFAULT,6352,12,0,2,14
DEFAULT,344,9,1,0,10
DEFAULT,14537,11,0,2,13
DEFAULT,11591,12,0,2,14
DEFAULT,7790,14,1,3,18
DEFAULT,8132,13,1,3,17
DEFAULT,25151,14,0,3,17
DEFAULT,14486,9,1,3,13
DEFAULT,738,9,0,1,10
DEFAULT,7552,13,1,3,17
DEFAULT,32634,8,1,3,12
DEFAULT,4011,12,2,4,18
DEFAULT,47,9,1,1,11
,,,,
,,,,
DEFAULT,1468,12,1,3,16
DEFAULT,16415,11,1,1,13
DEFAULT,569,7,1,3,11
DEFAULT,246,7,0,2,9
DEFAULT,10112,14,0,1,15
,,,,
,,,,
DEFAULT,7691,12,0,3,15
DEFAULT,8100,11,0,1,12
DEFAULT,9754,13,0,2,15
DEFAULT,531,8,0,2,10
DEFAULT,1366,4,0,2,6
DEFAULT,27922,12,0,2,14
DEFAULT,22690,14,1,0,15
DEFAULT,32702,12,1,3,16
DEFAULT,1174,3,1,1,5
DEFAULT,1010,13,1,2,16
DEFAULT,12355,14,1,1,16
,,,,
,,,,
DEFAULT,34684,11,0,2,13
DEFAULT,7593,10,0,3,13
DEFAULT,3956,11,1,4,16
DEFAULT,6647,11,1,2,14
DEFAULT,516,8,0,3,11
,,,,
DEFAULT,18532,13,2,2,17
DEFAULT,11454,15,2,2,19
DEFAULT,15268,16,2,2,20
DEFAULT,1976,7,2,4,13
DEFAULT,47592,12,1,3,16
,,,,
DEFAULT,1056,6,1,2,9
DEFAULT,12329,12,1,4,17
,,,,
DEFAULT,5889,9,2,2,13
,,,,
,,,,
DEFAULT,27876,12,0,2,14
DEFAULT,1651,9,1,2,12
DEFAULT,26234,14,0,3,17
DEFAULT,37925,12,1,2,15
DEFAULT,25533,12,0,3,15
DEFAULT,10113,12,2,3,17
,,,,
DEFAULT,32298,13,2,2,17
DEFAULT,31406,10,0,3,13
DEFAULT,1468,7,2,1,10
DEFAULT,1319,9,0,3,12
DEFAULT,631,10,1,2,13
,,,,
DEFAULT,91201,13,1,2,16
DEFAULT,4478,12,1,2,15
DEFAULT,8076,13,0,4,17
DEFAULT,935,7,1,0,8
DEFAULT,1171,2,0,1,3
DEFAULT,370,7,0,3,10
DEFAULT,10956,12,0,2,14
DEFAULT,4293,12,2,3,17
,,,,
DEFAULT,7890,12,2,2,16
DEFAULT,1848,11,1,4,16
DEFAULT,10276,13,0,2,15
DEFAULT,16555,12,2,2,16
DEFAULT,18984,11,1,1,13
,,,,
DEFAULT,25651,12,1,3,16
DEFAULT,958,6,1,3,10
DEFAULT,19546,11,1,1,13
DEFAULT,1341,9,2,1,12
DEFAULT,75514,13,1,2,16
DEFAULT,29438,11,0,2,13
DEFAULT,7622,13,2,3,18
DEFAULT,997,10,0,3,13
DEFAULT,4941,12,1,2,15
,,,,
DEFAULT,144,6,1,2,9
DEFAULT,1106,9,1,0,10
DEFAULT,1791,11,0,3,14
DEFAULT,18041,11,1,1,13
,,,,
DEFAULT,3021,12,2,3,17
DEFAULT,206,7,1,1,9
DEFAULT,801,7,2,0,9
DEFAULT,634,8,2,4,14
DEFAULT,804,10,2,3,15
DEFAULT,4399,11,2,3,16
DEFAULT,1340,2,1,1,4
DEFAULT,2085,10,2,4,16
,,,,
DEFAULT,8537,14,1,2,17
DEFAULT,23458,11,0,2,13
DEFAULT,29580,12,1,3,16
DEFAULT,93816,13,1,3,17
DEFAULT,34015,11,0,1,12
DEFAULT,10523,10,1,3,14
DEFAULT,23254,10,1,4,15
DEFAULT,23317,13,1,1,15
DEFAULT,15481,15,0,2,17
DEFAULT,1088,5,0,2,7
DEFAULT,723,9,1,1,11
DEFAULT,37474,10,0,2,12
DEFAULT,10093,10,2,2,14
,,,,
DEFAULT,607,7,1,0,8
DEFAULT,1958,12,1,3,16
,,,,
DEFAULT,5370,12,1,1,14
DEFAULT,62485,12,2,1,15
DEFAULT,16826,13,0,3,16
DEFAULT,11576,11,0,3,14
DEFAULT,11971,15,1,0,16
,,,,
DEFAULT,377,7,1,1,9
,,,,
DEFAULT,2469,13,1,3,17
DEFAULT,9485,13,2,2,17
,,,,
DEFAULT,19844,12,1,3,16
,,,,
DEFAULT,12766,13,1,3,17
DEFAULT,44014,8,1,2,11
DEFAULT,27935,13,0,0,13
DEFAULT,33984,10,2,2,14
DEFAULT,301,4,1,1,6
,,,,
DEFAULT,764,9,2,4,15
DEFAULT,1280,2,1,0,3
,,,,
DEFAULT,34017,13,1,2,16
DEFAULT,460,4,0,0,4
,,,,
DEFAULT,298,7,0,1,8
,,,,
DEFAULT,8006,14,1,2,17
DEFAULT,35339,14,1,1,16
DEFAULT,718,8,0,0,8
DEFAULT,225,7,1,2,10
DEFAULT,7743,15,0,2,17
DEFAULT,6393,13,1,2,16
DEFAULT,11557,12,1,2,15
DEFAULT,11758,13,2,2,17
DEFAULT,963,7,1,0,8
DEFAULT,24481,11,1,2,14
DEFAULT,5591,14,0,1,15
DEFAULT,922,3,2,0,5
DEFAULT,1000,3,1,3,7
DEFAULT,4582,10,2,2,14
DEFAULT,7699,13,1,1,15
DEFAULT,2455,7,1,2,10
DEFAULT,29370,15,0,2,17
DEFAULT,605,9,1,2,12
DEFAULT,603,7,0,1,8
,,,,
,,,,
DEFAULT,871,6,1,1,8
DEFAULT,36240,10,1,2,13
DEFAULT,874,8,1,2,11
DEFAULT,14713,13,1,2,16
,,,,
DEFAULT,21261,11,2,2,15
DEFAULT,794,8,0,0,8
DEFAULT,1913,8,1,4,13
DEFAULT,591,9,1,3,13
DEFAULT,37383,11,0,1,12
DEFAULT,19367,13,1,3,17
DEFAULT,835,9,1,1,11
DEFAULT,814,6,1,2,9
DEFAULT,846,9,1,1,11
,,,,
DEFAULT,5183,12,0,3,15
DEFAULT,3977,10,1,4,15
DEFAULT,11009,12,1,2,15
,,,,
DEFAULT,5190,12,1,4,17
DEFAULT,1220,8,1,1,10
DEFAULT,31923,10,1,2,13
DEFAULT,1079,7,1,3,11
DEFAULT,7905,14,0,1,15
DEFAULT,985,10,1,3,14
,,,,
DEFAULT,274,11,2,2,15
DEFAULT,11769,13,1,3,17
DEFAULT,1281,2,1,3,6
DEFAULT,44941,9,0,3,12
DEFAULT,743,12,1,4,17
DEFAULT,486,9,1,3,13
DEFAULT,913,6,1,3,10
DEFAULT,1235,3,0,0,3
DEFAULT,7677,15,1,3,19
DEFAULT,486,7,1,1,9
DEFAULT,3450,12,1,1,14
DEFAULT,749,4,1,1,6
DEFAULT,18847,12,1,2,15
DEFAULT,4058,11,2,2,15
DEFAULT,706,10,0,3,13
DEFAULT,1068,7,1,0,8
DEFAULT,2165,6,1,4,11
DEFAULT,611,6,1,1,8
DEFAULT,11087,15,1,2,18
,,,,
DEFAULT,23646,10,1,1,12
DEFAULT,61725,11,2,2,15
DEFAULT,5207,12,1,2,15
DEFAULT,14051,12,1,1,14
DEFAULT,1007,13,0,0,13
DEFAULT,564,3,0,2,5
DEFAULT,2139,9,0,4,13
DEFAULT,608,7,0,1,8
DEFAULT,44755,14,2,1,17
DEFAULT,29634,13,1,2,16
DEFAULT,8176,11,1,2,14
DEFAULT,2892,11,2,2,15
DEFAULT,14341,11,1,2,14
DEFAULT,22022,10,1,2,13
DEFAULT,13662,11,2,2,15
DEFAULT,4517,14,1,2,17
DEFAULT,298,7,0,3,10
DEFAULT,9149,12,2,3,17
DEFAULT,5735,17,2,1,20
DEFAULT,16529,13,0,2,15
DEFAULT,8960,14,1,2,17
,,,,
DEFAULT,1113,3,0,1,4
DEFAULT,12380,11,1,2,14
DEFAULT,1608,15,1,3,19
DEFAULT,19859,12,1,2,15
,,,,
,,,,
DEFAULT,15979,12,1,2,15
DEFAULT,471,9,1,0,10
DEFAULT,19843,14,0,2,16
DEFAULT,16285,13,1,1,15
DEFAULT,1082,11,1,1,13
DEFAULT,900,3,0,0,3
DEFAULT,3328,9,1,3,13
DEFAULT,157,9,1,4,14
DEFAULT,504,6,1,1,8
DEFAULT,1555,6,1,1,8
DEFAULT,2269,7,0,2,9
DEFAULT,9578,13,0,2,15
DEFAULT,10812,12,1,2,15
DEFAULT,46188,11,0,3,14
DEFAULT,4784,13,1,3,17
DEFAULT,1652,8,2,1,11
DEFAULT,6822,10,1,4,15
,,,,
DEFAULT,1251,7,1,2,10
DEFAULT,728,11,0,3,14
DEFAULT,22794,13,1,1,15
DEFAULT,602,7,0,0,7
DEFAULT,7675,9,1,2,12
DEFAULT,424,7,1,1,9
DEFAULT,12467,12,1,2,15
DEFAULT,877,7,0,1,8
DEFAULT,3865,12,2,2,16
DEFAULT,14686,11,1,2,14
DEFAULT,15971,14,1,1,16
DEFAULT,1088,6,0,2,8
DEFAULT,31876,11,0,1,12
DEFAULT,439,7,1,3,11
DEFAULT,3951,8,1,2,11
DEFAULT,13715,13,0,3,16
DEFAULT,4660,10,1,2,13
DEFAULT,1355,7,1,3,11
DEFAULT,2819,6,1,3,10
DEFAULT,10846,11,2,2,15
,,,,
DEFAULT,379,6,1,2,9
DEFAULT,685,7,2,3,12
DEFAULT,991,8,1,0,9
DEFAULT,1005,7,0,2,9
DEFAULT,2451,13,0,4,17
DEFAULT,1001,7,2,1,10
,,,,
DEFAULT,1265,3,1,0,4
DEFAULT,12813,9,1,1,11
DEFAULT,12568,11,2,1,14
DEFAULT,537,8,1,1,10
DEFAULT,6972,12,2,3,17
DEFAULT,398,5,0,3,8
,,,,
DEFAULT,3799,8,0,2,10
DEFAULT,3899,9,1,2,12
,,,,
DEFAULT,216,6,1,1,8
DEFAULT,17955,11,0,1,12
DEFAULT,390,7,1,2,10
DEFAULT,20135,12,1,2,15
DEFAULT,496,7,0,2,9
DEFAULT,3307,8,1,4,13
DEFAULT,60,5,1,3,9
DEFAULT,968,5,0,2,7
DEFAULT,772,8,1,3,12
DEFAULT,6286,13,2,2,17
DEFAULT,13505,14,2,2,18
,,,,
DEFAULT,1238,4,1,4,9
DEFAULT,516,5,0,1,6
DEFAULT,6817,10,2,4,16
DEFAULT,14838,13,1,1,15
DEFAULT,19062,13,2,1,16
DEFAULT,508,9,0,2,11
DEFAULT,711,7,1,0,8
DEFAULT,3540,10,1,2,13
DEFAULT,3515,10,0,4,14
DEFAULT,896,7,0,0,7
DEFAULT,28251,12,1,2,15
DEFAULT,1686,12,1,0,13
DEFAULT,4377,8,0,2,10
DEFAULT,1442,2,2,4,8
DEFAULT,1527,8,1,3,12
DEFAULT,24759,10,0,3,13
DEFAULT,23251,9,1,2,12
DEFAULT,516,6,1,2,9
,,,,
,,,,
DEFAULT,1969,6,1,1,8
DEFAULT,1128,9,2,2,13
DEFAULT,559,3,1,1,5
DEFAULT,558,9,1,4,14
DEFAULT,14603,12,1,2,15
DEFAULT,5362,10,2,2,14
DEFAULT,2073,13,0,2,15
DEFAULT,1708,1,0,1,2
,,,,
DEFAULT,19719,11,1,2,14
DEFAULT,758,8,1,2,11
DEFAULT,15791,12,1,2,15
DEFAULT,2954,9,2,3,14
DEFAULT,36566,12,2,2,16
DEFAULT,48564,9,1,1,11
DEFAULT,125,10,2,3,15
DEFAULT,14457,16,1,2,19
DEFAULT,14112,13,1,2,16
DEFAULT,666,6,2,1,9
DEFAULT,16946,14,0,3,17
DEFAULT,4518,14,1,2,17
DEFAULT,1895,10,1,1,12
DEFAULT,4696,12,1,3,16
DEFAULT,442,8,0,1,9
DEFAULT,13659,13,1,3,17
DEFAULT,1191,2,1,3,6
DEFAULT,13912,13,2,3,18
DEFAULT,516,8,0,2,10
DEFAULT,1564,8,1,3,12
DEFAULT,1164,8,1,1,10
,,,,
DEFAULT,12238,14,1,3,18
DEFAULT,49650,14,1,3,18
DEFAULT,734,4,2,1,7
DEFAULT,1181,6,0,2,8
DEFAULT,1600,3,0,1,4
DEFAULT,2503,8,0,2,10
DEFAULT,665,6,1,2,9
DEFAULT,444,8,0,1,9
,,,,
DEFAULT,8647,9,1,3,13
DEFAULT,11095,11,2,1,14
DEFAULT,2319,8,0,2,10
DEFAULT,1459,10,1,2,13
,,,,
DEFAULT,413,7,2,3,12
DEFAULT,408,8,0,2,10
,,,,
DEFAULT,10866,11,1,1,13
,,,,
DEFAULT,21664,11,2,3,16
DEFAULT,676,5,0,1,6
DEFAULT,2759,12,0,3,15
DEFAULT,846,8,1,0,9
DEFAULT,520,9,0,2,11
DEFAULT,1829,13,0,3,16
DEFAULT,906,3,1,0,4
DEFAULT,28126,13,0,3,16
DEFAULT,1186,7,2,2,11
DEFAULT,4216,12,0,3,15
DEFAULT,10358,12,2,3,17
,,,,
DEFAULT,11273,16,0,2,18
DEFAULT,34886,11,2,3,16
DEFAULT,12481,15,2,1,18
,,,,
DEFAULT,11263,12,1,1,14
DEFAULT,470,6,1,2,9
DEFAULT,11734,12,1,3,16
DEFAULT,360,8,0,3,11
DEFAULT,58133,9,0,3,12
DEFAULT,11970,11,1,2,14
DEFAULT,11374,12,1,2,15
,,,,
DEFAULT,186,7,1,2,10
DEFAULT,2087,6,0,4,10
DEFAULT,17085,15,2,1,18
,,,,
,,,,
DEFAULT,32743,14,2,2,18
DEFAULT,6545,16,0,2,18
DEFAULT,8097,11,1,2,14
DEFAULT,595,8,0,2,10
DEFAULT,1290,8,0,2,10
,,,,
,,,,
DEFAULT,940,5,1,3,9
,,,,
,,,,
DEFAULT,538,5,1,3,9
,,,,
DEFAULT,19933,8,2,2,12
DEFAULT,655,7,0,1,8
DEFAULT,25356,14,1,3,18
,,,,
DEFAULT,26,7,1,1,9
DEFAULT,949,6,2,1,9
DEFAULT,23882,15,1,2,18
,,,,
DEFAULT,19593,15,2,2,19
DEFAULT,11601,11,0,3,14
DEFAULT,3784,11,1,2,14
DEFAULT,1294,5,2,1,8
,,,,
DEFAULT,18730,11,1,1,13
DEFAULT,15147,12,1,2,15
DEFAULT,27203,13,2,1,16
DEFAULT,6363,12,0,2,14
,,,,
DEFAULT,15063,12,0,3,15
DEFAULT,9145,11,2,4,17
DEFAULT,15345,12,1,1,14
DEFAULT,1309,5,0,3,8
DEFAULT,7792,13,2,2,17
DEFAULT,8632,12,1,2,15
DEFAULT,766,5,1,4,10
DEFAULT,38701,12,1,1,14
DEFAULT,1615,9,2,4,15
DEFAULT,2138,8,0,4,12
DEFAULT,5023,9,0,2,11
DEFAULT,8509,12,2,2,16
DEFAULT,848,4,1,3,8
,,,,
DEFAULT,26521,13,1,1,15
DEFAULT,671,6,1,1,8
,,,,
DEFAULT,429,8,0,3,11
DEFAULT,376,6,0,3,9
DEFAULT,1573,5,1,3,9
DEFAULT,5159,15,1,4,20
DEFAULT,17094,11,1,3,15
DEFAULT,436,6,1,3,10
DEFAULT,10247,13,2,1,16
DEFAULT,9061,8,1,3,12
DEFAULT,828,4,0,1,5
DEFAULT,422,7,0,1,8
DEFAULT,10914,16,1,3,20
DEFAULT,38641,12,1,2,15
DEFAULT,2208,9,2,1,12
DEFAULT,671,8,1,3,12
DEFAULT,20988,12,1,3,16
DEFAULT,7414,13,1,0,14
DEFAULT,4873,15,1,3,19
DEFAULT,1626,14,2,2,18
DEFAULT,46359,9,1,3,13
,,,,
DEFAULT,2954,11,1,3,15
,,,,
DEFAULT,7593,11,0,3,14
DEFAULT,28718,13,0,2,15
DEFAULT,14552,13,2,3,18
DEFAULT,266,7,0,0,7
DEFAULT,772,7,2,2,11
DEFAULT,83,7,1,0,8
DEFAULT,12415,11,0,2,13
DEFAULT,440,6,0,1,7
,,,,
DEFAULT,16808,11,1,2,14
DEFAULT,602,6,0,4,10
DEFAULT,1295,2,0,1,3
DEFAULT,21862,11,0,2,13
DEFAULT,10254,11,2,2,15
DEFAULT,4983,10,2,2,14
DEFAULT,12860,11,1,1,13
DEFAULT,513,9,1,2,12
DEFAULT,1080,8,2,3,13
DEFAULT,2710,5,1,4,10
,,,,
DEFAULT,12457,11,1,2,14
DEFAULT,14469,14,0,2,16
DEFAULT,26620,13,0,2,15
DEFAULT,24502,14,1,3,18
DEFAULT,18320,13,0,1,14
DEFAULT,38731,13,2,0,15
DEFAULT,8764,15,1,1,17
,,,,
DEFAULT,7339,16,0,3,19
DEFAULT,8729,12,2,2,16
DEFAULT,66490,12,1,2,15
DEFAULT,36495,12,0,1,13
DEFAULT,60430,13,1,2,16
DEFAULT,9102,13,1,3,17
DEFAULT,806,6,0,2,8
DEFAULT,163,6,0,1,7
DEFAULT,11490,14,1,2,17
DEFAULT,7935,8,1,3,12
DEFAULT,409,7,0,3,10
DEFAULT,717,5,0,2,7
DEFAULT,307,10,1,1,12
DEFAULT,5640,8,1,3,12
DEFAULT,13020,14,1,1,16
,,,,
DEFAULT,5557,12,1,3,16
DEFAULT,7784,15,0,3,18
DEFAULT,22764,13,1,0,14
DEFAULT,527,11,1,1,13
DEFAULT,28665,12,1,3,16
DEFAULT,1529,6,1,4,11
DEFAULT,30801,13,1,1,15
,,,,
,,,,
,,,,
DEFAULT,16527,12,1,3,16
DEFAULT,16396,10,1,3,14
,,,,
DEFAULT,11599,9,1,2,12
,,,,
DEFAULT,129,8,1,1,10
DEFAULT,1233,2,0,2,4
DEFAULT,5323,14,1,3,18
,,,,
DEFAULT,1364,7,1,0,8
DEFAULT,9344,8,2,2,12
DEFAULT,8504,10,0,2,12
DEFAULT,38086,11,2,2,15
DEFAULT,8783,13,1,2,16
,,,,
DEFAULT,220,10,1,1,12
DEFAULT,23759,13,1,2,16
DEFAULT,6556,13,1,2,16
DEFAULT,15643,11,2,2,15
,,,,
DEFAULT,349,6,1,1,8
DEFAULT,1528,12,0,1,13
DEFAULT,8931,13,1,2,16
,,,,
DEFAULT,19530,13,2,1,16
DEFAULT,24212,13,1,3,17
DEFAULT,1411,5,1,2,8
DEFAULT,7745,13,1,3,17
DEFAULT,650,7,0,2,9
DEFAULT,884,2,1,2,5
DEFAULT,21018,12,1,0,13
DEFAULT,6544,10,1,4,15
DEFAULT,2040,10,1,4,15
DEFAULT,1188,6,0,0,6
DEFAULT,24038,10,0,1,11
,,,,
DEFAULT,993,7,0,1,8
,,,,
DEFAULT,31204,14,0,3,17
DEFAULT,23002,14,1,2,17
DEFAULT,1641,12,1,4,17
DEFAULT,5829,13,1,2,16
DEFAULT,9528,13,0,3,16
DEFAULT,24551,13,1,1,15
,,,,
DEFAULT,1133,3,1,4,8
,,,,
,,,,
DEFAULT,1734,8,0,3,11
DEFAULT,2494,11,1,2,14
DEFAULT,579,5,1,1,7
,,,,
DEFAULT,3928,12,0,3,15
DEFAULT,4246,13,2,2,17
,,,,
DEFAULT,20730,11,1,2,14
DEFAULT,881,8,0,2,10
DEFAULT,19627,14,1,2,17
DEFAULT,6751,16,2,3,21
DEFAULT,1549,11,1,3,15
DEFAULT,2814,10,1,4,15
DEFAULT,2704,12,1,1,14
DEFAULT,15148,12,1,2,15
DEFAULT,38400,13,2,2,17
DEFAULT,835,5,1,1,7
DEFAULT,1483,7,1,0,8
DEFAULT,10297,14,1,2,17
,,,,
DEFAULT,527,7,1,1,9
DEFAULT,13025,13,1,1,15
DEFAULT,13268,11,0,1,12
DEFAULT,3561,8,1,4,13
DEFAULT,723,3,1,3,7
DEFAULT,44468,11,2,1,14
DEFAULT,402,5,1,2,8
DEFAULT,31314,11,0,2,13
DEFAULT,1390,4,2,0,6
DEFAULT,492,5,1,0,6
DEFAULT,1845,2,1,0,3
DEFAULT,21871,12,0,2,14
DEFAULT,72448,13,0,2,15
,,,,
,,,,
DEFAULT,772,5,0,3,8
DEFAULT,781,4,1,2,7
,,,,
DEFAULT,677,5,0,1,6
DEFAULT,5763,13,2,2,17
DEFAULT,812,7,0,4,11
DEFAULT,7069,13,2,3,18
,,,,
DEFAULT,612,12,0,0,12
DEFAULT,927,5,1,2,8
DEFAULT,1265,11,1,4,16
DEFAULT,43415,12,1,3,16
DEFAULT,1464,8,0,3,11
,,,,
DEFAULT,49091,14,0,3,17
DEFAULT,9297,11,2,2,15
DEFAULT,202,9,1,0,10
DEFAULT,5801,9,1,3,13
DEFAULT,1074,9,1,3,13
,,,,
DEFAULT,123,8,1,0,9
DEFAULT,24527,12,1,2,15
DEFAULT,18249,13,0,2,15
DEFAULT,16975,15,2,0,17
DEFAULT,1309,6,2,0,8
DEFAULT,10216,11,0,2,13
DEFAULT,692,8,2,3,13
DEFAULT,48314,10,1,1,12
DEFAULT,319,10,0,3,13
DEFAULT,17120,10,2,2,14
DEFAULT,30226,12,1,2,15
DEFAULT,6167,12,1,3,16
DEFAULT,1293,2,0,0,2
DEFAULT,7966,10,1,1,12
DEFAULT,1433,4,0,3,7
,,,,
DEFAULT,1478,4,1,2,7
DEFAULT,18043,14,1,3,18
DEFAULT,459,4,2,1,7
DEFAULT,420,6,1,2,9
DEFAULT,676,8,0,0,8
DEFAULT,24526,12,0,2,14
DEFAULT,541,10,0,3,13
,,,,
DEFAULT,9198,12,0,1,13
DEFAULT,838,7,0,1,8
DEFAULT,1074,4,1,4,9
DEFAULT,11683,13,2,2,17
DEFAULT,7064,15,2,1,18
DEFAULT,15449,12,0,4,16
DEFAULT,14076,12,0,2,14
DEFAULT,7616,14,1,1,16
DEFAULT,842,6,0,2,8
DEFAULT,12082,13,1,2,16
DEFAULT,2999,13,1,2,16
DEFAULT,8028,14,0,3,17
DEFAULT,17986,10,1,3,14
,,,,
DEFAULT,11997,11,2,1,14
DEFAULT,34,6,1,2,9
DEFAULT,525,8,1,3,12
DEFAULT,128,8,0,2,10
DEFAULT,2708,9,0,4,13
DEFAULT,1198,11,0,1,12
DEFAULT,1065,8,1,3,12
,,,,
,,,,
DEFAULT,16518,13,1,2,16
DEFAULT,1482,9,2,1,12
DEFAULT,4203,13,1,1,15
DEFAULT,5939,13,0,3,16
DEFAULT,1507,12,1,3,16
DEFAULT,344,7,0,1,8
DEFAULT,16748,9,1,1,11
DEFAULT,21028,11,1,2,14
DEFAULT,6752,10,1,2,13
DEFAULT,724,7,0,2,9
DEFAULT,14452,12,1,1,14
DEFAULT,36938,13,2,1,16
DEFAULT,687,6,2,3,11
DEFAULT,16144,11,0,2,13
DEFAULT,7989,13,1,1,15
DEFAULT,1860,8,0,2,10
DEFAULT,171,8,0,0,8
DEFAULT,10859,12,2,2,16
,,,,
DEFAULT,8420,14,0,2,16
,,,,
DEFAULT,20807,13,0,2,15
DEFAULT,20101,11,1,2,14
DEFAULT,774,9,0,2,11
DEFAULT,916,10,1,3,14
DEFAULT,7642,11,2,1,14
DEFAULT,2007,10,1,4,15
DEFAULT,17656,10,2,1,13
,,,,
DEFAULT,328,6,2,3,11
DEFAULT,502,7,1,1,9
DEFAULT,1405,3,1,1,5
DEFAULT,750,5,1,2,8
DEFAULT,15586,14,1,1,16
DEFAULT,7950,9,1,4,14
DEFAULT,927,8,0,0,8
DEFAULT,13833,15,2,0,17
DEFAULT,708,10,2,3,15
DEFAULT,760,4,0,2,6
,,,,
DEFAULT,292,5,1,3,9
DEFAULT,746,8,1,2,11
DEFAULT,15153,13,1,3,17
DEFAULT,25513,13,1,2,16
DEFAULT,2347,15,1,4,20
DEFAULT,14959,10,0,2,12
DEFAULT,925,9,0,2,11
DEFAULT,8492,13,0,3,16
DEFAULT,5864,10,1,4,15
DEFAULT,68890,12,2,1,15
DEFAULT,14855,12,1,3,16
DEFAULT,252,8,1,2,11
,,,,
DEFAULT,22244,10,1,2,13
DEFAULT,24304,10,1,2,13
,,,,
DEFAULT,18160,12,1,2,15
,,,,
DEFAULT,34981,11,0,2,13
DEFAULT,247,10,1,0,11
DEFAULT,14295,13,2,2,17
DEFAULT,21218,11,2,2,15
DEFAULT,1263,8,1,1,10
DEFAULT,22943,10,0,1,11
DEFAULT,4130,11,2,2,15
DEFAULT,394,8,0,1,9
DEFAULT,88742,13,1,2,16
DEFAULT,995,8,2,3,13
DEFAULT,3309,9,1,4,14
,,,,
DEFAULT,563,3,1,1,5
DEFAULT,2885,7,0,3,10
DEFAULT,183,6,2,1,9
DEFAULT,1290,5,1,2,8
,,,,
DEFAULT,408,9,2,2,13
DEFAULT,1191,7,0,1,8
,,,,
DEFAULT,2737,9,1,2,12
DEFAULT,8872,15,0,3,18
DEFAULT,21137,15,0,3,18
DEFAULT,8837,13,0,3,16
,,,,
DEFAULT,12627,11,1,3,15
DEFAULT,11081,11,1,2,14
DEFAULT,589,10,0,3,13
DEFAULT,6052,13,1,1,15
DEFAULT,11546,15,2,3,20
DEFAULT,520,10,2,1,13
DEFAULT,8492,13,1,2,16
DEFAULT,3805,13,1,4,18
DEFAULT,27283,13,1,2,16
DEFAULT,380,5,1,3,9
DEFAULT,1374,4,1,1,6
DEFAULT,18025,12,0,1,13
DEFAULT,9592,15,1,3,19
,,,,
DEFAULT,4944,15,1,3,19
,,,,
DEFAULT,23736,13,0,2,15
DEFAULT,4304,15,0,2,17
DEFAULT,610,4,1,2,7
DEFAULT,1780,7,2,3,12
DEFAULT,17656,16,2,2,20
DEFAULT,845,7,0,2,9
DEFAULT,23690,13,1,3,17
DEFAULT,13765,13,1,2,16
DEFAULT,728,6,2,1,9
DEFAULT,316,9,2,2,13
DEFAULT,19330,11,1,2,14
DEFAULT,20121,10,1,3,14
DEFAULT,7865,12,1,3,16
DEFAULT,12044,13,0,3,16
DEFAULT,18407,14,1,2,17
DEFAULT,934,7,2,3,12
DEFAULT,24530,11,1,3,15
DEFAULT,2504,14,0,2,16
DEFAULT,2127,8,0,4,12
,,,,
DEFAULT,1453,11,0,3,14
DEFAULT,54,10,0,1,11
DEFAULT,336,11,1,1,13
DEFAULT,359,4,1,3,8
DEFAULT,10211,13,1,2,16
DEFAULT,15387,11,1,3,15
,,,,
DEFAULT,1184,3,0,2,5
DEFAULT,298,8,2,1,11
DEFAULT,941,6,2,3,11
DEFAULT,410,5,1,2,8
,,,,
,,,,
DEFAULT,18002,16,1,2,19
,,,,
,,,,
DEFAULT,3841,13,0,1,14
DEFAULT,16839,13,0,2,15
DEFAULT,1484,9,0,4,13
DEFAULT,484,5,0,2,7
DEFAULT,5891,12,1,1,14
,,,,
DEFAULT,3877,9,0,4,13
,,,,
,,,,
DEFAULT,1860,4,2,1,7
DEFAULT,14638,12,2,2,16
DEFAULT,33906,15,1,2,18
DEFAULT,11971,12,0,1,13
,,,,
DEFAULT,20239,12,1,2,15
DEFAULT,934,4,0,0,4
DEFAULT,144,9,1,1,11
DEFAULT,13293,13,1,2,16
DEFAULT,11362,13,1,3,17
,,,,
DEFAULT,250,4,0,2,6
DEFAULT,58338,13,1,1,15
DEFAULT,2644,12,1,2,15
DEFAULT,764,4,1,4,9
DEFAULT,12224,12,1,2,15
DEFAULT,6340,13,2,3,18
DEFAULT,10513,12,0,3,15
DEFAULT,1638,10,1,3,14
,,,,
,,,,
,,,,
DEFAULT,410,8,1,2,11
DEFAULT,369,8,1,2,11
DEFAULT,12282,11,0,2,13
DEFAULT,38149,14,1,3,18
DEFAULT,21177,12,1,1,14
DEFAULT,19411,13,0,2,15
DEFAULT,25557,12,2,1,15
DEFAULT,1034,3,1,0,4
DEFAULT,20903,10,0,1,11
,,,,
DEFAULT,33696,12,1,2,15
DEFAULT,7141,10,2,2,14
DEFAULT,6288,13,1,4,18
DEFAULT,4953,10,0,2,12
DEFAULT,1290,5,1,0,6
DEFAULT,20278,10,2,3,15
DEFAULT,1606,4,1,2,7
DEFAULT,6418,12,1,2,15
DEFAULT,42705,12,0,1,13
DEFAULT,19885,13,1,1,15
DEFAULT,1076,11,1,3,15
DEFAULT,76,5,1,2,8
DEFAULT,283,6,0,2,8
,,,,
DEFAULT,36006,11,1,2,14
DEFAULT,11287,14,1,3,18
DEFAULT,1015,8,2,4,14
DEFAULT,500,4,1,2,7
DEFAULT,5064,15,2,3,20
DEFAULT,509,6,1,1,8
DEFAULT,352,10,1,3,14
DEFAULT,1372,6,0,1,7
DEFAULT,12041,13,1,0,14
DEFAULT,7992,12,1,2,15
DEFAULT,19537,11,1,2,14
DEFAULT,11395,14,1,2,17
,,,,
DEFAULT,802,5,2,1,8
DEFAULT,12806,13,2,2,17
DEFAULT,279,8,1,1,10
DEFAULT,19187,11,1,3,15
DEFAULT,1090,8,1,2,11
DEFAULT,23590,10,1,1,12
DEFAULT,15808,11,2,2,15
DEFAULT,922,4,1,4,9
DEFAULT,1296,5,0,1,6
DEFAULT,3602,14,1,3,18
DEFAULT,18038,10,1,2,13
DEFAULT,1165,8,1,3,12
DEFAULT,659,8,0,3,11
DEFAULT,22865,11,1,1,13
DEFAULT,5117,9,2,3,14
DEFAULT,1624,8,1,4,13
DEFAULT,1598,7,0,2,9
,,,,
,,,,
DEFAULT,24514,13,0,2,15
DEFAULT,1097,5,0,1,6
DEFAULT,81,8,1,2,11
DEFAULT,23823,14,0,1,15
DEFAULT,557,4,1,2,7
DEFAULT,17506,12,2,2,16
DEFAULT,3237,10,2,2,14
DEFAULT,16459,14,1,2,17
DEFAULT,27879,12,1,2,15
DEFAULT,12454,11,1,3,15
DEFAULT,49114,12,1,2,15
DEFAULT,11827,11,2,2,15
DEFAULT,12799,8,1,3,12
DEFAULT,2879,9,1,3,13
,,,,
DEFAULT,16837,14,2,2,18
DEFAULT,1549,4,1,1,6
,,,,
DEFAULT,23635,12,0,1,13
DEFAULT,541,7,0,2,9
DEFAULT,8241,9,1,4,14
DEFAULT,25685,13,0,2,15
DEFAULT,3722,13,0,4,17
DEFAULT,1649,11,2,3,16
DEFAULT,6749,8,2,3,13
DEFAULT,4584,11,1,3,15
,,,,
DEFAULT,13353,14,2,2,18
DEFAULT,800,10,0,2,12
DEFAULT,5681,14,1,1,16
DEFAULT,790,3,1,0,4
DEFAULT,1195,5,1,2,8
DEFAULT,279,8,1,2,11
DEFAULT,9769,13,0,2,15
DEFAULT,4716,13,1,1,15
DEFAULT,571,8,1,1,10
DEFAULT,390,8,2,2,12
DEFAULT,574,7,0,1,8
,,,,
DEFAULT,13413,14,1,2,17
DEFAULT,25669,12,1,1,14
DEFAULT,365,8,0,2,10
DEFAULT,46571,11,1,1,13
DEFAULT,21765,12,1,3,16
DEFAULT,14441,13,0,2,15
DEFAULT,7247,14,1,3,18
DEFAULT,752,4,1,3,8
DEFAULT,447,7,0,3,10
DEFAULT,666,9,0,1,10
DEFAULT,18449,11,0,3,14
DEFAULT,1152,3,2,1,6
DEFAULT,1774,7,1,3,11
DEFAULT,4724,14,2,2,18
DEFAULT,16057,11,1,2,14
,,,,
DEFAULT,7422,10,2,3,15
DEFAULT,45386,11,0,3,14
,,,,
DEFAULT,37395,14,1,2,17
DEFAULT,10241,16,0,2,18
DEFAULT,11536,13,1,1,15
,,,,
DEFAULT,43665,12,0,1,13
DEFAULT,5705,11,2,3,16
DEFAULT,116,9,0,3,12
DEFAULT,1193,2,1,0,3
DEFAULT,14329,12,1,3,16
DEFAULT,148,7,1,1,9
DEFAULT,8628,11,0,1,12
,,,,
,,,,
DEFAULT,3742,14,1,3,18
DEFAULT,21015,13,2,3,18
DEFAULT,1003,4,1,2,7
DEFAULT,22725,12,0,2,14
DEFAULT,1359,6,0,4,10
DEFAULT,394,8,0,2,10
DEFAULT,4657,12,0,3,15
DEFAULT,1137,3,1,3,7
DEFAULT,1908,8,2,4,14
,,,,
DEFAULT,1197,10,0,4,14
DEFAULT,15291,11,0,4,15
DEFAULT,964,5,0,1,6
DEFAULT,1279,2,0,0,2
,,,,
DEFAULT,636,10,1,3,14
DEFAULT,881,9,1,2,12
,,,,
DEFAULT,181,6,0,1,7
,,,,
DEFAULT,1235,6,0,2,8
DEFAULT,3713,11,0,2,13
DEFAULT,466,9,0,1,10
DEFAULT,297,7,0,3,10
DEFAULT,15491,10,1,3,14
,,,,
DEFAULT,16365,12,0,2,14
DEFAULT,5328,11,1,4,16
DEFAULT,1466,7,1,3,11
DEFAULT,6349,13,2,2,17
DEFAULT,19872,14,1,3,18
DEFAULT,1264,8,0,3,11
DEFAULT,1259,12,1,3,16
DEFAULT,6636,14,1,1,16
DEFAULT,8961,15,1,1,17
,,,,
DEFAULT,831,8,0,2,10
DEFAULT,19558,11,1,1,13
,,,,
DEFAULT,9577,11,1,2,14
DEFAULT,481,7,1,1,9
DEFAULT,9935,15,1,1,17
,,,,
,,,,
DEFAULT,1335,7,0,4,11
DEFAULT,1128,3,0,2,5
DEFAULT,19432,12,2,1,15
DEFAULT,6861,11,0,3,14
DEFAULT,1046,7,0,2,9
DEFAULT,3001,10,2,3,15
DEFAULT,474,7,1,2,10
,,,,
DEFAULT,806,5,0,2,7
DEFAULT,17598,12,1,3,16
DEFAULT,808,5,0,2,7
DEFAULT,7241,9,1,1,11
DEFAULT,1147,10,0,1,11
DEFAULT,566,6,0,2,8
DEFAULT,55332,10,1,1,12
DEFAULT,9723,10,1,4,15
DEFAULT,25936,12,1,2,15
DEFAULT,1697,7,0,1,8
DEFAULT,38002,12,1,3,16
DEFAULT,1741,10,0,3,13
,,,,
DEFAULT,7947,14,1,2,17
DEFAULT,49298,12,1,1,14
DEFAULT,711,6,0,2,8
DEFAULT,477,8,0,1,9
DEFAULT,1128,7,0,2,9
DEFAULT,382,9,0,2,11
DEFAULT,2092,8,2,4,14
DEFAULT,3537,10,2,3,15
DEFAULT,727,9,0,3,12
DEFAULT,78,8,1,1,10
DEFAULT,1265,7,2,3,12
DEFAULT,18446,11,0,3,14
DEFAULT,298,5,1,2,8
DEFAULT,1546,5,2,1,8
DEFAULT,7454,13,1,2,16
DEFAULT,1165,10,0,2,12
,,,,
DEFAULT,905,6,0,0,6
DEFAULT,1341,2,1,0,3
DEFAULT,2473,13,1,3,17
DEFAULT,9534,10,0,3,13
DEFAULT,2261,9,0,3,12
DEFAULT,241,7,1,1,9
,,,,
DEFAULT,8645,15,1,1,17
DEFAULT,24986,14,1,1,16
DEFAULT,1576,8,0,3,11
DEFAULT,6727,11,0,2,13
DEFAULT,933,4,0,2,6
DEFAULT,2966,14,0,3,17
DEFAULT,7896,14,2,3,19
DEFAULT,4208,10,2,1,13
,,,,
DEFAULT,422,9,0,2,11
DEFAULT,1172,6,1,0,7
DEFAULT,19901,14,1,2,17
DEFAULT,4327,10,0,1,11
DEFAULT,70176,14,1,2,17
DEFAULT,11527,13,1,2,16
DEFAULT,8519,11,2,1,14
,,,,
DEFAULT,1186,10,1,4,15
DEFAULT,3508,8,2,2,12
DEFAULT,10981,14,2,0,16
,,,,
DEFAULT,40766,14,1,2,17
DEFAULT,920,4,0,3,7
,,,,
DEFAULT,1569,11,2,3,16
,,,,
DEFAULT,541,6,0,2,8
DEFAULT,196,6,0,3,9
DEFAULT,17225,11,0,1,12
DEFAULT,1002,9,1,1,11
DEFAULT,600,7,0,2,9
DEFAULT,24753,11,1,2,14
DEFAULT,21289,14,0,1,15
DEFAULT,643,13,2,1,16
DEFAULT,6285,9,1,3,13
DEFAULT,641,8,0,2,10
DEFAULT,449,7,0,0,7
DEFAULT,49279,13,0,3,16
DEFAULT,25143,10,0,2,12
,,,,
DEFAULT,35316,13,1,2,16
DEFAULT,9754,10,1,1,12
DEFAULT,8477,9,2,2,13
DEFAULT,2810,8,1,4,13
DEFAULT,2309,11,1,4,16
DEFAULT,85915,14,2,1,17
DEFAULT,1241,5,0,1,6
DEFAULT,18527,14,1,2,17
DEFAULT,1014,6,0,0,6
DEFAULT,977,7,1,1,9
DEFAULT,888,11,0,3,14
DEFAULT,251,5,2,3,10
DEFAULT,11001,12,1,2,15
DEFAULT,11647,13,1,2,16
DEFAULT,7277,13,2,2,17
,,,,
DEFAULT,57444,12,0,2,14
DEFAULT,1825,13,1,3,17
DEFAULT,13333,14,1,2,17
,,,,
DEFAULT,12173,12,1,1,14
DEFAULT,34971,11,1,2,14
DEFAULT,8343,15,2,3,20
DEFAULT,747,10,1,2,13
DEFAULT,2108,6,1,4,11
DEFAULT,12485,12,0,2,14
DEFAULT,10934,9,0,2,11
DEFAULT,3164,12,1,3,16
DEFAULT,7423,14,1,3,18
DEFAULT,31846,12,1,1,14
DEFAULT,6745,12,1,3,16
DEFAULT,897,6,0,0,6
DEFAULT,24066,14,0,2,16
DEFAULT,5224,12,2,2,16
DEFAULT,560,8,0,1,9
DEFAULT,575,12,0,1,13
,,,,
DEFAULT,6891,14,1,2,17
DEFAULT,20207,11,2,3,16
DEFAULT,52711,11,2,2,15
DEFAULT,2452,11,1,3,15
DEFAULT,1375,9,1,4,14
DEFAULT,27825,12,0,1,13
DEFAULT,1592,10,1,4,15
DEFAULT,705,10,2,3,15
DEFAULT,8921,11,1,1,13
DEFAULT,267,8,1,2,11
,,,,
DEFAULT,18197,12,1,1,14
DEFAULT,7980,13,1,1,15
DEFAULT,585,7,0,3,10
DEFAULT,838,6,0,0,6
DEFAULT,905,5,0,1,6
DEFAULT,5371,12,1,3,16
,,,,
DEFAULT,2037,9,2,3,14
,,,,
DEFAULT,8160,10,0,3,13
,,,,
,,,,
DEFAULT,723,11,1,3,15
DEFAULT,5582,14,0,2,16
DEFAULT,1531,9,1,2,12
DEFAULT,766,5,1,0,6
DEFAULT,71051,12,0,1,13
DEFAULT,536,6,1,1,8
DEFAULT,16230,15,0,3,18
DEFAULT,8666,13,1,3,17
DEFAULT,43822,12,0,2,14
DEFAULT,964,7,0,0,7
DEFAULT,19895,12,1,2,15
,,,,
DEFAULT,361,8,0,1,9
DEFAULT,11917,11,1,4,16
DEFAULT,1497,7,2,3,12
DEFAULT,1863,7,0,3,10
DEFAULT,894,3,2,1,6
DEFAULT,1917,10,1,3,14
DEFAULT,30516,8,1,3,12
DEFAULT,475,9,1,0,10
,,,,
DEFAULT,62198,12,0,3,15
DEFAULT,1630,9,1,4,14
DEFAULT,17458,14,0,3,17
DEFAULT,710,4,0,1,5
DEFAULT,3093,14,2,1,17
DEFAULT,342,3,1,3,7
DEFAULT,6434,11,1,4,16
DEFAULT,8360,14,0,1,15
,,,,
DEFAULT,936,6,1,1,8
DEFAULT,867,4,1,0,5
,,,,
DEFAULT,11154,9,0,1,10
DEFAULT,19904,14,1,2,17
DEFAULT,10507,13,1,1,15
DEFAULT,9980,13,0,2,15
,,,,
DEFAULT,300,10,0,2,12
DEFAULT,2641,7,1,1,9
DEFAULT,782,8,1,1,10
,,,,
DEFAULT,79533,14,2,2,18
,,,,
DEFAULT,948,9,1,3,13
DEFAULT,9064,11,2,4,17
DEFAULT,7968,13,1,2,16
DEFAULT,674,5,1,3,9
DEFAULT,921,6,1,4,11
,,,,
DEFAULT,35839,13,0,1,14
DEFAULT,6057,14,1,2,17
,,,,
DEFAULT,971,9,2,1,12
DEFAULT,2763,15,0,2,17
DEFAULT,10279,13,2,3,18
DEFAULT,25493,11,2,2,15
DEFAULT,15159,13,2,1,16
DEFAULT,950,10,1,3,14
DEFAULT,48264,12,1,1,14
DEFAULT,1048,3,2,0,5
DEFAULT,17848,13,2,2,17
DEFAULT,1494,11,1,2,14
DEFAULT,20193,12,1,1,14
DEFAULT,10649,13,2,2,17
,,,,
,,,,
DEFAULT,10411,14,1,2,17
DEFAULT,640,9,1,0,10
DEFAULT,697,6,1,1,8
DEFAULT,4713,15,2,4,21
DEFAULT,14745,10,2,3,15
DEFAULT,797,7,1,1,9
DEFAULT,12700,14,0,2,16
DEFAULT,6545,13,1,2,16
DEFAULT,583,7,1,3,11
DEFAULT,12536,14,0,1,15
DEFAULT,1787,5,1,3,9
DEFAULT,10588,14,2,2,18
DEFAULT,15348,15,1,2,18
DEFAULT,25284,15,1,2,18
DEFAULT,1150,4,1,1,6
DEFAULT,52344,12,1,1,14
DEFAULT,22104,13,0,2,15
DEFAULT,14786,11,0,3,14
DEFAULT,10496,9,1,2,12
DEFAULT,10976,12,1,2,15
DEFAULT,35886,12,1,1,14
,,,,
DEFAULT,17534,12,1,3,16
DEFAULT,21083,13,2,2,17
DEFAULT,8010,12,0,1,13
DEFAULT,7431,14,2,1,17
,,,,
DEFAULT,12690,12,1,3,16
,,,,
DEFAULT,1502,4,0,2,6
DEFAULT,1421,8,1,3,12
DEFAULT,30627,14,2,2,18
,,,,
DEFAULT,1340,7,1,1,9
,,,,
DEFAULT,2088,14,1,3,18
DEFAULT,4075,12,1,1,14
DEFAULT,942,5,1,2,8
DEFAULT,20548,14,1,2,17
DEFAULT,590,5,0,1,6
DEFAULT,1027,8,0,1,9
DEFAULT,924,6,1,0,7
DEFAULT,672,6,1,4,11
DEFAULT,8736,10,2,3,15
DEFAULT,618,4,1,2,7
DEFAULT,534,7,0,0,7
DEFAULT,6510,12,0,3,15
,,,,
DEFAULT,575,9,0,1,10
DEFAULT,49265,14,2,3,19
DEFAULT,11954,12,1,2,15
DEFAULT,235,9,0,1,10
DEFAULT,15690,16,2,1,19
DEFAULT,5306,13,2,1,16
DEFAULT,475,10,1,2,13
DEFAULT,600,7,2,1,10
DEFAULT,775,6,0,3,9
DEFAULT,12356,13,1,1,15
DEFAULT,825,6,1,1,8
DEFAULT,947,4,1,1,6
DEFAULT,719,4,0,2,6
,,,,
,,,,
,,,,
DEFAULT,602,6,2,1,9
DEFAULT,332,12,1,1,14
DEFAULT,1052,8,0,2,10
,,,,
DEFAULT,21833,12,0,1,13
DEFAULT,27846,14,1,1,16
DEFAULT,564,10,0,2,12
DEFAULT,1523,10,2,4,16
DEFAULT,52960,11,1,2,14
DEFAULT,318,5,0,1,6
DEFAULT,830,8,0,4,12
DEFAULT,1597,9,1,1,11
DEFAULT,1694,12,0,1,13
DEFAULT,664,9,1,2,12
DEFAULT,1334,4,1,0,5
DEFAULT,14176,11,1,3,15
,,,,
DEFAULT,7621,9,1,3,13
DEFAULT,1160,6,1,2,9
DEFAULT,994,4,1,4,9
DEFAULT,747,5,1,1,7
DEFAULT,19260,10,1,2,13
DEFAULT,9051,13,2,2,17
DEFAULT,20980,11,1,1,13
DEFAULT,48510,12,0,2,14
DEFAULT,386,9,2,2,13
,,,,
DEFAULT,10931,12,1,1,14
DEFAULT,68124,13,2,2,17
DEFAULT,91037,12,1,1,14
DEFAULT,396,7,1,0,8
DEFAULT,6516,9,2,3,14
DEFAULT,9450,14,1,2,17
,,,,
DEFAULT,18922,12,2,1,15
,,,,
DEFAULT,16137,13,1,1,15
,,,,
DEFAULT,42903,12,0,1,13
DEFAULT,912,7,0,2,9
DEFAULT,2083,10,0,2,12
DEFAULT,7763,10,0,2,12
DEFAULT,2010,14,1,4,19
DEFAULT,2721,6,1,3,10
DEFAULT,3798,9,1,4,14
DEFAULT,986,4,0,4,8
DEFAULT,677,12,1,4,17
DEFAULT,524,9,2,1,12
DEFAULT,1746,11,1,3,15
DEFAULT,18821,12,2,2,16
DEFAULT,54337,15,1,2,18
DEFAULT,307,5,0,4,9
DEFAULT,1710,6,0,4,10
DEFAULT,182,9,0,1,10
DEFAULT,19261,12,1,3,16
,,,,
DEFAULT,41536,12,2,0,14
DEFAULT,435,6,1,2,9
DEFAULT,22476,13,1,3,17
DEFAULT,14829,11,2,3,16
DEFAULT,11848,16,1,3,20
DEFAULT,22483,14,2,2,18
,,,,
DEFAULT,259,11,1,1,13
DEFAULT,44058,13,2,2,17
DEFAULT,6402,12,0,1,13
DEFAULT,7292,13,2,3,18
DEFAULT,22734,12,1,2,15
DEFAULT,1008,4,1,0,5
DEFAULT,722,7,1,2,10
DEFAULT,779,11,1,3,15
DEFAULT,3636,11,1,4,16
DEFAULT,4539,12,1,2,15
DEFAULT,13138,15,2,1,18
DEFAULT,900,7,0,3,10
,,,,
DEFAULT,10636,12,1,2,15
DEFAULT,12712,13,0,3,16
DEFAULT,5395,11,1,3,15
DEFAULT,6966,9,0,2,11
DEFAULT,14339,11,0,2,13
DEFAULT,2631,13,1,2,16
DEFAULT,8936,12,1,0,13
DEFAULT,11166,9,1,3,13
DEFAULT,544,8,1,0,9
DEFAULT,328,10,0,1,11
DEFAULT,14541,14,1,1,16
,,,,
DEFAULT,23112,13,1,1,15
DEFAULT,8710,13,0,2,15
DEFAULT,1208,3,0,1,4
,,,,
DEFAULT,986,4,0,2,6
DEFAULT,7855,10,2,2,14
DEFAULT,6424,11,1,3,15
DEFAULT,25280,12,2,3,17
DEFAULT,1641,5,1,3,9
DEFAULT,4152,10,2,4,16
DEFAULT,6574,11,2,2,15
DEFAULT,658,5,1,4,10
DEFAULT,13799,11,1,2,14
DEFAULT,1314,3,0,0,3
DEFAULT,13471,10,1,1,12
DEFAULT,950,7,1,3,11
DEFAULT,1498,9,0,2,11
,,,,
DEFAULT,2504,8,1,2,11
DEFAULT,908,5,1,0,6
DEFAULT,281,9,1,1,11
DEFAULT,824,7,1,2,10
DEFAULT,2706,6,1,3,10
DEFAULT,999,11,1,1,13
DEFAULT,15002,15,1,2,18
DEFAULT,12359,15,1,1,17
DEFAULT,19287,12,1,3,16
