strategy,money,countries,utilities,stations,totalLandsOwned
DEFAULT,9204,12,1,1,14
DEFAULT,8114,13,2,2,17
,,,,
DEFAULT,494,5,2,2,9
DEFAULT,22393,12,1,2,15
DEFAULT,7787,14,0,3,17
DEFAULT,5628,10,1,2,13
DEFAULT,850,5,0,0,5
DEFAULT,2425,9,0,1,10
DEFAULT,1052,6,1,3,10
DEFAULT,8174,13,2,0,15
DEFAULT,28618,15,2,2,19
DEFAULT,744,8,0,2,10
DEFAULT,100,9,1,2,12
DEFAULT,1503,5,1,0,6
DEFAULT,2102,10,2,3,15
DEFAULT,974,8,1,1,10
DEFAULT,14691,12,1,1,14
DEFAULT,15412,10,0,2,12
DEFAULT,39158,10,1,3,14
DEFAULT,12517,12,1,3,16
DEFAULT,578,8,1,3,12
DEFAULT,1352,8,1,1,10
DEFAULT,945,3,0,0,3
DEFAULT,11278,13,2,3,18
DEFAULT,1889,11,0,3,14
DEFAULT,1276,5,1,1,7
DEFAULT,7838,13,0,1,14
DEFAULT,24883,13,1,2,16
DEFAULT,20864,15,1,2,18
DEFAULT,20845,12,0,2,14
DEFAULT,30015,13,1,1,15
DEFAULT,443,5,1,0,6
DEFAULT,306,8,2,1,11
DEFAULT,36959,11,2,3,16
DEFAULT,905,5,1,2,8
DEFAULT,761,5,2,1,8
DEFAULT,36488,12,0,1,13
DEFAULT,975,6,2,1,9
DEFAULT,14358,10,0,2,12
DEFAULT,1028,4,1,1,6
DEFAULT,15036,13,0,2,15
DEFAULT,4157,12,2,2,16
DEFAULT,8995,8,1,4,13
DEFAULT,18681,11,1,2,14
DEFAULT,18902,11,1,3,15
DEFAULT,207,9,1,3,13
DEFAULT,825,5,2,0,7
DEFAULT,987,8,0,2,10
DEFAULT,1404,3,0,0,3
DEFAULT,622,7,2,0,9
,,,,
DEFAULT,986,6,0,2,8
DEFAULT,840,3,1,1,5
DEFAULT,1176,3,1,0,4
DEFAULT,580,8,1,2,11
DEFAULT,863,9,1,3,13
DEFAULT,86,9,1,2,12
,,,,
DEFAULT,5894,13,2,1,16
DEFAULT,332,6,2,1,9
DEFAULT,9745,12,1,4,17
DEFAULT,92,9,0,3,12
,,,,
DEFAULT,7477,13,1,1,15
DEFAULT,8759,12,2,2,16
DEFAULT,2493,8,2,1,11
DEFAULT,9980,14,1,3,18
DEFAULT,156,9,2,2,13
DEFAULT,1303,10,1,4,15
DEFAULT,617,7,0,1,8
DEFAULT,37072,8,2,1,11
DEFAULT,8714,15,1,1,17
,,,,
,,,,
DEFAULT,786,7,0,1,8
,,,,
DEFAULT,20116,13,2,2,17
DEFAULT,575,7,1,0,8
,,,,
DEFAULT,23917,13,0,2,15
DEFAULT,2830,12,1,4,17
DEFAULT,61258,11,2,1,14
DEFAULT,2246,15,1,4,20
DEFAULT,970,8,0,3,11
DEFAULT,841,6,1,2,9
DEFAULT,1070,3,0,1,4
DEFAULT,789,10,0,3,13
DEFAULT,7574,14,0,2,16
,,,,
DEFAULT,23740,12,2,2,16
DEFAULT,599,4,0,3,7
DEFAULT,77,7,1,1,9
DEFAULT,5361,12,1,2,15
,,,,
DEFAULT,21872,11,1,1,13
DEFAULT,35365,13,0,1,14
DEFAULT,620,6,2,1,9
DEFAULT,12282,13,1,1,15
DEFAULT,6291,12,1,2,15
,,,,
DEFAULT,4486,8,1,4,13
DEFAULT,806,6,0,2,8
DEFAULT,1118,6,1,4,11
DEFAULT,2004,10,2,4,16
DEFAULT,5118,8,0,4,12
DEFAULT,6066,12,0,3,15
DEFAULT,1424,3,1,1,5
DEFAULT,13588,13,1,3,17
DEFAULT,683,8,1,2,11
DEFAULT,702,6,2,1,9
DEFAULT,1165,5,0,2,7
DEFAULT,7179,13,0,4,17
DEFAULT,1762,10,1,0,11
DEFAULT,5367,12,2,1,15
DEFAULT,6024,9,1,2,12
DEFAULT,27299,12,1,0,13
DEFAULT,1192,10,1,1,12
DEFAULT,555,5,0,2,7
,,,,
DEFAULT,774,6,0,3,9
DEFAULT,266,6,0,3,9
DEFAULT,1275,5,1,0,6
DEFAULT,25199,9,2,3,14
DEFAULT,728,3,1,1,5
DEFAULT,31135,11,0,2,13
DEFAULT,5342,8,1,2,11
DEFAULT,876,8,0,3,11
,,,,
DEFAULT,53422,13,2,2,17
DEFAULT,16798,13,0,2,15
,,,,
DEFAULT,11914,14,1,2,17
DEFAULT,16035,12,0,3,15
DEFAULT,4254,14,0,3,17
DEFAULT,32080,10,2,3,15
DEFAULT,9343,10,2,2,14
DEFAULT,12847,14,1,2,17
DEFAULT,13687,9,1,3,13
DEFAULT,1338,8,1,3,12
DEFAULT,22851,11,1,1,13
,,,,
DEFAULT,1044,4,0,0,4
DEFAULT,14532,11,1,3,15
DEFAULT,14772,11,2,2,15
DEFAULT,1168,6,0,4,10
DEFAULT,418,10,0,3,13
,,,,
DEFAULT,820,9,0,0,9
DEFAULT,7849,13,2,2,17
DEFAULT,582,4,1,2,7
DEFAULT,1530,3,0,2,5
DEFAULT,7129,13,1,3,17
DEFAULT,2365,12,2,3,17
DEFAULT,16028,10,1,2,13
DEFAULT,18426,14,1,1,16
DEFAULT,428,8,1,0,9
DEFAULT,1355,9,2,2,13
DEFAULT,9817,11,1,3,15
DEFAULT,1450,2,0,1,3
DEFAULT,27530,13,1,3,17
DEFAULT,575,7,2,2,11
DEFAULT,443,10,2,1,13
,,,,
DEFAULT,76042,9,0,4,13
DEFAULT,20256,14,1,3,18
DEFAULT,39341,12,2,2,16
DEFAULT,302,4,2,2,8
DEFAULT,1045,9,2,3,14
DEFAULT,8114,14,0,2,16
DEFAULT,2755,10,1,3,14
DEFAULT,1625,7,0,3,10
DEFAULT,1052,4,1,1,6
DEFAULT,962,8,1,2,11
DEFAULT,857,5,0,1,6
,,,,
DEFAULT,22042,10,1,2,13
DEFAULT,17831,8,1,3,12
DEFAULT,61,9,1,2,12
,,,,
DEFAULT,2334,14,0,3,17
DEFAULT,4803,11,2,2,15
DEFAULT,14602,13,0,3,16
,,,,
DEFAULT,867,7,0,2,9
DEFAULT,17072,10,0,1,11
,,,,
DEFAULT,1314,7,2,2,11
,,,,
DEFAULT,22979,11,0,3,14
DEFAULT,1204,1,0,2,3
DEFAULT,12225,10,1,2,13
,,,,
DEFAULT,8123,14,2,3,19
DEFAULT,18197,12,1,3,16
DEFAULT,561,8,2,2,12
DEFAULT,16408,13,1,3,17
DEFAULT,1370,4,0,4,8
DEFAULT,22259,11,0,1,12
DEFAULT,17140,12,2,2,16
DEFAULT,801,11,2,2,15
DEFAULT,947,10,1,3,14
DEFAULT,459,10,2,1,13
DEFAULT,28910,14,1,1,16
DEFAULT,15601,14,0,2,16
DEFAULT,26368,14,0,0,14
DEFAULT,354,8,0,2,10
DEFAULT,176,8,0,1,9
DEFAULT,906,6,0,0,6
DEFAULT,377,10,2,1,13
,,,,
DEFAULT,7252,14,1,3,18
DEFAULT,29204,13,0,1,14
,,,,
DEFAULT,527,9,1,2,12
DEFAULT,105,7,2,1,10
DEFAULT,537,10,1,3,14
DEFAULT,15217,14,1,2,17
,,,,
DEFAULT,1616,12,1,2,15
DEFAULT,15928,10,1,2,13
DEFAULT,32012,8,0,2,10
,,,,
DEFAULT,5061,15,0,3,18
DEFAULT,7843,14,1,3,18
,,,,
DEFAULT,2706,11,1,3,15
DEFAULT,13549,12,1,1,14
DEFAULT,10786,14,1,1,16
DEFAULT,12060,13,0,2,15
DEFAULT,29444,12,2,1,15
DEFAULT,676,10,0,1,11
DEFAULT,13174,12,1,2,15
DEFAULT,24089,10,2,3,15
DEFAULT,4903,15,1,1,17
DEFAULT,3209,12,1,2,15
DEFAULT,4315,12,2,3,17
DEFAULT,883,9,0,2,11
DEFAULT,1758,4,2,4,10
DEFAULT,1940,9,0,4,13
DEFAULT,17121,9,2,2,13
DEFAULT,628,7,0,0,7
DEFAULT,603,9,0,3,12
DEFAULT,7220,15,0,2,17
DEFAULT,267,6,0,2,8
DEFAULT,16085,11,2,1,14
DEFAULT,686,8,0,1,9
DEFAULT,13588,13,1,3,17
DEFAULT,21676,14,0,1,15
DEFAULT,79943,15,1,1,17
DEFAULT,1544,6,1,1,8
DEFAULT,718,4,2,2,8
DEFAULT,711,10,0,2,12
,,,,
DEFAULT,42462,14,0,3,17
DEFAULT,180,10,0,1,11
,,,,
DEFAULT,789,6,1,2,9
DEFAULT,828,8,0,3,11
DEFAULT,13879,13,0,2,15
DEFAULT,822,8,1,0,9
DEFAULT,18385,13,2,2,17
DEFAULT,24078,14,1,2,17
DEFAULT,397,7,0,2,9
DEFAULT,12422,14,0,1,15
DEFAULT,3083,10,1,4,15
,,,,
DEFAULT,627,9,0,1,10
DEFAULT,23925,10,2,2,14
,,,,
DEFAULT,15978,13,1,3,17
DEFAULT,31806,12,2,1,15
DEFAULT,5645,12,1,2,15
DEFAULT,12047,12,0,1,13
DEFAULT,1050,6,1,2,9
,,,,
DEFAULT,1273,11,1,1,13
DEFAULT,701,9,0,1,10
,,,,
,,,,
DEFAULT,12433,11,0,1,12
DEFAULT,36696,11,1,2,14
DEFAULT,13327,12,1,2,15
DEFAULT,13171,11,1,2,14
DEFAULT,1381,12,2,3,17
DEFAULT,516,9,0,3,12
DEFAULT,15706,11,0,1,12
DEFAULT,715,9,0,1,10
DEFAULT,1155,6,0,2,8
DEFAULT,10437,13,2,2,17
DEFAULT,765,6,0,2,8
DEFAULT,4229,11,1,1,13
DEFAULT,6942,11,1,2,14
DEFAULT,19115,10,0,1,11
DEFAULT,828,11,1,1,13
DEFAULT,7329,11,0,4,15
DEFAULT,553,10,1,1,12
DEFAULT,11126,14,1,2,17
DEFAULT,379,8,2,2,12
DEFAULT,2731,6,0,2,8
DEFAULT,2911,11,1,4,16
DEFAULT,920,5,1,0,6
DEFAULT,30451,12,0,4,16
DEFAULT,13276,12,1,3,16
DEFAULT,882,9,1,3,13
DEFAULT,1406,4,0,0,4
DEFAULT,622,5,1,3,9
DEFAULT,2420,9,2,1,12
DEFAULT,33733,11,1,4,16
DEFAULT,1549,8,0,2,10
DEFAULT,14466,10,2,2,14
DEFAULT,721,11,2,3,16
DEFAULT,26614,14,1,1,16
DEFAULT,1302,6,2,1,9
DEFAULT,583,8,1,2,11
DEFAULT,17743,11,0,2,13
DEFAULT,632,7,0,3,10
DEFAULT,2755,10,1,4,15
,,,,
DEFAULT,923,4,0,1,5
DEFAULT,330,7,1,1,9
DEFAULT,12777,12,0,3,15
DEFAULT,13634,12,1,1,14
DEFAULT,10027,11,1,2,14
DEFAULT,18954,11,0,2,13
DEFAULT,13547,13,1,3,17
DEFAULT,13524,12,2,2,16
DEFAULT,27110,13,2,2,17
DEFAULT,66764,11,1,1,13
DEFAULT,636,4,1,1,6
DEFAULT,11278,11,1,2,14
DEFAULT,29667,13,1,2,16
,,,,
DEFAULT,412,7,1,2,10
DEFAULT,10487,9,1,3,13
DEFAULT,1109,9,2,1,12
DEFAULT,3298,13,1,4,18
DEFAULT,6654,16,1,2,19
DEFAULT,475,8,1,3,12
DEFAULT,908,8,1,0,9
DEFAULT,984,8,1,3,12
DEFAULT,13618,12,1,3,16
DEFAULT,1068,12,2,2,16
DEFAULT,21593,14,1,1,16
DEFAULT,15955,14,0,1,15
,,,,
DEFAULT,23695,15,2,2,19
,,,,
DEFAULT,1253,9,0,2,11
,,,,
DEFAULT,696,7,1,0,8
DEFAULT,48272,10,1,2,13
DEFAULT,8074,11,0,2,13
DEFAULT,22724,14,1,2,17
DEFAULT,13795,14,1,2,17
DEFAULT,9929,13,1,1,15
DEFAULT,94447,13,0,2,15
DEFAULT,4366,9,1,1,11
,,,,
DEFAULT,560,8,1,3,12
DEFAULT,439,11,1,2,14
DEFAULT,260,10,2,1,13
,,,,
,,,,
DEFAULT,5431,10,1,3,14
DEFAULT,643,10,2,2,14
DEFAULT,168,6,1,1,8
DEFAULT,52252,17,1,1,19
DEFAULT,931,7,1,1,9
DEFAULT,7316,10,0,2,12
DEFAULT,21721,12,0,1,13
,,,,
DEFAULT,247,9,0,1,10
,,,,
DEFAULT,19630,15,1,2,18
DEFAULT,35203,13,1,2,16
DEFAULT,24742,12,1,2,15
DEFAULT,20619,11,0,4,15
DEFAULT,444,7,1,4,12
DEFAULT,5570,12,2,4,18
DEFAULT,1853,11,1,3,15
DEFAULT,3986,16,1,3,20
DEFAULT,868,9,0,3,12
DEFAULT,2700,13,2,2,17
DEFAULT,1146,8,1,4,13
DEFAULT,7680,11,1,4,16
DEFAULT,1058,4,0,1,5
,,,,
DEFAULT,10664,9,1,4,14
,,,,
,,,,
DEFAULT,50602,10,1,3,14
DEFAULT,2479,12,2,2,16
DEFAULT,561,8,1,2,11
DEFAULT,1070,4,0,2,6
DEFAULT,9638,10,1,2,13
DEFAULT,6128,10,0,3,13
DEFAULT,611,6,2,3,11
,,,,
DEFAULT,16049,9,1,3,13
DEFAULT,18588,11,2,1,14
DEFAULT,37878,10,2,0,12
DEFAULT,6849,15,1,3,19
DEFAULT,7579,10,0,2,12
DEFAULT,426,10,2,2,14
DEFAULT,1993,7,2,3,12
,,,,
DEFAULT,671,6,1,1,8
,,,,
DEFAULT,588,6,0,0,6
DEFAULT,13555,14,1,3,18
,,,,
DEFAULT,7935,8,0,2,10
DEFAULT,397,8,0,2,10
,,,,
DEFAULT,10216,16,0,2,18
DEFAULT,966,3,1,1,5
DEFAULT,641,5,2,3,10
DEFAULT,504,8,2,3,13
,,,,
DEFAULT,9368,14,0,2,16
DEFAULT,1488,7,1,2,10
DEFAULT,10633,14,2,1,17
DEFAULT,11043,15,1,1,17
DEFAULT,1758,9,1,3,13
DEFAULT,632,6,0,2,8
DEFAULT,10657,11,2,3,16
DEFAULT,23283,10,1,2,13
,,,,
DEFAULT,19255,13,1,3,17
DEFAULT,13785,13,1,2,16
DEFAULT,16209,14,1,3,18
DEFAULT,682,5,0,1,6
DEFAULT,6260,10,1,2,13
DEFAULT,900,5,1,0,6
,,,,
DEFAULT,2243,12,1,3,16
,,,,
DEFAULT,6284,15,2,2,19
DEFAULT,1170,5,0,2,7
DEFAULT,11474,14,2,1,17
DEFAULT,640,7,1,3,11
DEFAULT,9137,14,1,2,17
,,,,
DEFAULT,11003,11,0,4,15
DEFAULT,10333,11,1,1,13
DEFAULT,531,5,1,1,7
DEFAULT,957,6,2,2,10
DEFAULT,2228,11,1,4,16
DEFAULT,61742,11,2,2,15
DEFAULT,22607,13,1,1,15
DEFAULT,14374,13,2,3,18
DEFAULT,11407,13,2,3,18
,,,,
DEFAULT,19048,15,1,1,17
DEFAULT,27253,11,0,2,13
DEFAULT,574,7,1,0,8
DEFAULT,90064,12,1,3,16
DEFAULT,8996,17,1,0,18
DEFAULT,1304,7,1,2,10
DEFAULT,2123,10,1,4,15
DEFAULT,304,7,1,1,9
DEFAULT,24645,12,1,1,14
DEFAULT,56737,11,1,1,13
DEFAULT,8204,15,0,2,17
DEFAULT,6441,13,2,2,17
DEFAULT,76851,11,0,2,13
DEFAULT,8040,14,0,3,17
,,,,
DEFAULT,18850,14,1,2,17
DEFAULT,12885,14,1,3,18
DEFAULT,660,7,0,4,11
,,,,
DEFAULT,4416,9,0,4,13
DEFAULT,3306,12,1,4,17
DEFAULT,15289,14,1,3,18
DEFAULT,21827,12,2,1,15
DEFAULT,9082,12,1,2,15
DEFAULT,1018,9,0,2,11
DEFAULT,2790,3,2,4,9
DEFAULT,4641,13,0,2,15
DEFAULT,8932,12,2,0,14
DEFAULT,11220,14,1,2,17
DEFAULT,1494,11,0,3,14
DEFAULT,896,11,2,1,14
DEFAULT,7441,12,2,3,17
DEFAULT,27054,9,2,2,13
,,,,
DEFAULT,24850,9,2,2,13
DEFAULT,4832,16,1,2,19
DEFAULT,26220,14,1,2,17
DEFAULT,18846,10,1,3,14
DEFAULT,13319,14,1,2,17
DEFAULT,4043,14,1,2,17
DEFAULT,2159,13,2,2,17
DEFAULT,19093,12,1,2,15
DEFAULT,19720,14,2,2,18
DEFAULT,20256,13,1,1,15
DEFAULT,1360,6,0,1,7
DEFAULT,886,5,0,0,5
DEFAULT,22399,14,0,2,16
DEFAULT,768,6,0,1,7
DEFAULT,11530,14,2,3,19
DEFAULT,38807,14,0,1,15
DEFAULT,49920,10,2,3,15
DEFAULT,970,9,1,2,12
DEFAULT,17922,11,1,3,15
DEFAULT,1246,10,2,3,15
DEFAULT,1063,8,1,1,10
DEFAULT,1012,5,0,4,9
DEFAULT,565,9,0,0,9
DEFAULT,917,10,1,3,14
DEFAULT,1364,5,0,3,8
DEFAULT,4201,12,1,1,14
DEFAULT,16431,11,2,3,16
DEFAULT,750,6,0,1,7
DEFAULT,1967,3,1,0,4
DEFAULT,1482,6,0,3,9
DEFAULT,6661,12,2,3,17
,,,,
DEFAULT,558,7,1,2,10
DEFAULT,22034,13,0,3,16
DEFAULT,19625,9,1,3,13
DEFAULT,27172,14,1,3,18
DEFAULT,19491,9,2,1,12
DEFAULT,37626,14,1,2,17
DEFAULT,19114,13,0,3,16
DEFAULT,2517,8,1,4,13
DEFAULT,14271,13,1,2,16
DEFAULT,47584,10,1,1,12
DEFAULT,22905,11,1,1,13
,,,,
DEFAULT,7500,11,0,2,13
DEFAULT,1274,7,2,1,10
DEFAULT,6020,9,1,3,13
DEFAULT,16740,11,1,1,13
DEFAULT,366,8,1,2,11
DEFAULT,9525,12,1,1,14
DEFAULT,29809,12,0,3,15
,,,,
DEFAULT,13068,13,1,1,15
DEFAULT,11933,15,1,1,17
DEFAULT,544,9,0,1,10
DEFAULT,15135,13,0,2,15
DEFAULT,10667,12,2,2,16
DEFAULT,4757,13,1,2,16
DEFAULT,701,7,2,1,10
DEFAULT,7853,9,2,3,14
DEFAULT,451,8,2,1,11
DEFAULT,9259,12,1,2,15
DEFAULT,18475,13,1,1,15
DEFAULT,43851,14,0,0,14
DEFAULT,16411,13,1,1,15
DEFAULT,902,6,1,2,9
,,,,
DEFAULT,781,9,1,2,12
DEFAULT,1044,4,0,1,5
DEFAULT,13740,11,1,3,15
DEFAULT,798,5,0,0,5
DEFAULT,67853,12,1,2,15
DEFAULT,16105,15,2,2,19
DEFAULT,551,6,1,0,7
DEFAULT,1319,10,1,2,13
DEFAULT,2536,12,2,3,17
DEFAULT,784,9,1,3,13
DEFAULT,19733,12,1,2,15
DEFAULT,1071,7,1,3,11
DEFAULT,11755,12,1,3,16
DEFAULT,6728,9,1,3,13
,,,,
DEFAULT,6947,12,2,3,17
DEFAULT,279,3,1,2,6
DEFAULT,3427,14,2,3,19
DEFAULT,1233,4,0,3,7
DEFAULT,924,5,0,3,8
DEFAULT,20050,14,1,1,16
DEFAULT,7252,13,1,3,17
DEFAULT,10056,12,1,2,15
DEFAULT,10019,10,1,1,12
DEFAULT,1130,5,0,0,5
DEFAULT,702,6,0,4,10
DEFAULT,8007,11,1,1,13
,,,,
DEFAULT,2571,13,1,3,17
DEFAULT,18963,10,0,2,12
DEFAULT,3421,13,0,3,16
DEFAULT,24481,11,0,2,13
DEFAULT,9472,14,2,1,17
DEFAULT,1472,9,2,1,12
DEFAULT,10997,17,2,2,21
DEFAULT,3912,9,1,4,14
,,,,
DEFAULT,15845,14,1,2,17
DEFAULT,928,4,1,2,7
DEFAULT,2051,9,1,3,13
DEFAULT,11273,14,0,2,16
DEFAULT,830,3,1,2,6
DEFAULT,1279,1,0,2,3
DEFAULT,23425,9,2,2,13
DEFAULT,29395,12,1,1,14
,,,,
DEFAULT,380,8,2,0,10
,,,,
,,,,
DEFAULT,7111,14,2,2,18
DEFAULT,1237,9,1,3,13
,,,,
DEFAULT,1169,7,1,4,12
DEFAULT,16032,13,1,2,16
DEFAULT,26419,12,1,1,14
DEFAULT,10002,10,2,4,16
DEFAULT,1227,5,0,2,7
DEFAULT,836,4,1,4,9
DEFAULT,16457,13,1,3,17
DEFAULT,854,8,0,1,9
DEFAULT,3354,12,0,1,13
DEFAULT,333,7,1,2,10
DEFAULT,2362,9,2,1,12
DEFAULT,6860,14,1,3,18
,,,,
DEFAULT,1145,4,1,4,9
DEFAULT,27323,12,2,3,17
DEFAULT,7041,15,0,1,16
,,,,
DEFAULT,8507,14,1,1,16
DEFAULT,737,9,0,1,10
DEFAULT,6954,12,2,2,16
DEFAULT,142,7,0,2,9
DEFAULT,406,7,2,2,11
DEFAULT,1120,4,0,3,7
DEFAULT,4982,10,1,4,15
DEFAULT,33905,9,2,2,13
DEFAULT,3077,12,1,2,15
DEFAULT,8798,11,1,1,13
DEFAULT,1205,3,0,2,5
DEFAULT,17797,10,2,2,14
DEFAULT,1411,10,1,3,14
DEFAULT,13055,12,2,1,15
,,,,
DEFAULT,1183,7,1,2,10
DEFAULT,11207,14,1,2,17
DEFAULT,2152,9,1,3,13
DEFAULT,8098,12,2,1,15
,,,,
DEFAULT,3517,10,0,3,13
DEFAULT,270,7,0,1,8
DEFAULT,14453,14,1,2,17
DEFAULT,17774,14,1,3,18
DEFAULT,16248,11,2,2,15
DEFAULT,764,6,0,1,7
DEFAULT,118,9,1,1,11
DEFAULT,6118,9,2,2,13
DEFAULT,39886,10,1,1,12
DEFAULT,27199,11,2,1,14
DEFAULT,1160,9,1,2,12
DEFAULT,19677,12,1,2,15
DEFAULT,1064,4,0,1,5
DEFAULT,7989,9,1,0,10
DEFAULT,1675,10,1,1,12
DEFAULT,17912,13,1,2,16
DEFAULT,1317,6,1,2,9
DEFAULT,1799,7,2,4,13
DEFAULT,964,3,1,1,5
DEFAULT,34112,12,0,2,14
DEFAULT,874,9,1,3,13
,,,,
,,,,
DEFAULT,1659,11,2,4,17
DEFAULT,17366,12,2,2,16
DEFAULT,599,8,0,0,8
DEFAULT,12020,12,1,3,16
DEFAULT,1049,9,1,1,11
DEFAULT,2267,5,1,4,10
DEFAULT,9799,13,1,2,16
DEFAULT,10524,11,1,1,13
,,,,
DEFAULT,12144,11,1,3,15
,,,,
DEFAULT,10722,8,1,2,11
DEFAULT,906,8,0,2,10
DEFAULT,3117,10,1,4,15
DEFAULT,3635,13,2,2,17
DEFAULT,8286,11,0,2,13
DEFAULT,945,8,0,3,11
,,,,
,,,,
DEFAULT,11094,13,2,1,16
DEFAULT,6334,11,0,3,14
DEFAULT,665,9,0,2,11
DEFAULT,112,4,0,3,7
DEFAULT,269,6,0,0,6
DEFAULT,5248,12,2,1,15
DEFAULT,8740,12,0,3,15
DEFAULT,1367,8,0,3,11
DEFAULT,48732,12,1,1,14
DEFAULT,7555,12,0,3,15
DEFAULT,14806,12,1,2,15
DEFAULT,511,6,0,3,9
DEFAULT,682,7,1,2,10
,,,,
DEFAULT,734,7,1,3,11
DEFAULT,3965,6,0,3,9
DEFAULT,17159,11,0,2,13
DEFAULT,6840,12,2,2,16
DEFAULT,623,9,0,1,10
DEFAULT,769,4,0,1,5
DEFAULT,974,7,0,1,8
,,,,
DEFAULT,148,8,1,0,9
,,,,
DEFAULT,27193,15,0,1,16
DEFAULT,1629,4,2,3,9
DEFAULT,433,8,1,0,9
DEFAULT,11033,13,0,2,15
DEFAULT,780,5,0,1,6
DEFAULT,13959,12,0,2,14
,,,,
DEFAULT,13936,15,0,2,17
DEFAULT,2794,10,0,1,11
,,,,
DEFAULT,1008,5,0,3,8
DEFAULT,17195,12,2,2,16
DEFAULT,3268,10,1,3,14
DEFAULT,11208,13,2,3,18
DEFAULT,9369,12,1,3,16
DEFAULT,14479,13,0,2,15
DEFAULT,15108,10,1,2,13
DEFAULT,8598,10,2,3,15
DEFAULT,5041,12,2,2,16
DEFAULT,809,8,0,2,10
DEFAULT,8794,14,1,1,16
DEFAULT,954,4,0,2,6
DEFAULT,4206,11,1,2,14
DEFAULT,66397,14,2,2,18
DEFAULT,4211,11,1,1,13
DEFAULT,16578,12,1,3,16
,,,,
DEFAULT,2074,12,1,4,17
DEFAULT,14325,10,1,3,14
DEFAULT,19158,11,2,0,13
DEFAULT,1528,4,1,0,5
,,,,
DEFAULT,7960,14,1,2,17
,,,,
DEFAULT,26501,10,0,3,13
DEFAULT,875,9,2,1,12
,,,,
DEFAULT,1145,6,0,1,7
,,,,
DEFAULT,25747,12,2,1,15
DEFAULT,10767,14,0,2,16
DEFAULT,17708,14,1,1,16
,,,,
DEFAULT,14006,14,1,2,17
DEFAULT,483,9,0,4,13
DEFAULT,24161,10,1,3,14
DEFAULT,265,6,1,2,9
DEFAULT,40078,12,0,3,15
DEFAULT,16773,14,1,1,16
,,,,
DEFAULT,979,6,2,1,9
DEFAULT,12150,15,0,4,19
DEFAULT,11759,11,1,3,15
DEFAULT,22329,10,2,1,13
DEFAULT,5680,11,1,2,14
DEFAULT,685,6,0,3,9
,,,,
DEFAULT,564,8,0,3,11
DEFAULT,217,10,0,2,12
DEFAULT,30222,12,1,2,15
DEFAULT,15523,15,1,2,18
DEFAULT,10830,12,2,2,16
DEFAULT,2826,13,1,3,17
DEFAULT,34314,13,0,2,15
DEFAULT,20117,16,1,2,19
DEFAULT,506,9,1,0,10
DEFAULT,19281,14,2,1,17
DEFAULT,30953,13,0,2,15
DEFAULT,1488,6,1,2,9
DEFAULT,7232,11,1,2,14
DEFAULT,1298,2,0,1,3
DEFAULT,2233,10,0,3,13
DEFAULT,19319,11,1,1,13
DEFAULT,879,3,0,1,4
,,,,
DEFAULT,82,6,1,1,8
DEFAULT,8951,14,0,3,17
DEFAULT,56,8,1,2,11
DEFAULT,1560,9,0,4,13
DEFAULT,1395,7,1,3,11
DEFAULT,3380,13,0,1,14
DEFAULT,2167,8,1,3,12
DEFAULT,13038,12,1,4,17
DEFAULT,1558,9,1,3,13
DEFAULT,735,5,1,0,6
DEFAULT,1918,11,0,1,12
DEFAULT,9581,12,1,4,17
DEFAULT,3562,9,1,2,12
DEFAULT,522,4,1,2,7
DEFAULT,2506,9,0,4,13
DEFAULT,10886,9,2,2,13
,,,,
,,,,
,,,,
,,,,
DEFAULT,16481,14,2,1,17
,,,,
DEFAULT,4625,13,1,3,17
,,,,
DEFAULT,15456,13,1,2,16
DEFAULT,459,9,1,1,11
DEFAULT,6258,10,0,2,12
DEFAULT,11557,10,2,2,14
DEFAULT,11926,11,1,3,15
DEFAULT,12506,11,1,3,15
DEFAULT,9410,10,1,1,12
DEFAULT,24933,10,2,1,13
DEFAULT,786,8,2,1,11
DEFAULT,13635,11,1,1,13
DEFAULT,4605,9,2,3,14
DEFAULT,903,6,1,1,8
DEFAULT,791,6,0,2,8
DEFAULT,4088,9,0,4,13
DEFAULT,24866,10,2,1,13
DEFAULT,740,8,0,3,11
DEFAULT,54392,14,1,1,16
DEFAULT,147,7,0,3,10
,,,,
DEFAULT,1744,4,2,1,7
DEFAULT,9598,11,1,3,15
DEFAULT,11938,15,0,2,17
DEFAULT,1623,14,1,4,19
DEFAULT,4698,15,2,1,18
DEFAULT,589,5,0,1,6
DEFAULT,46794,10,0,3,13
,,,,
DEFAULT,7137,7,1,2,10
DEFAULT,8721,13,2,3,18
,,,,
DEFAULT,544,8,1,4,13
DEFAULT,7314,10,1,3,14
DEFAULT,744,5,1,3,9
DEFAULT,2894,14,1,4,19
,,,,
DEFAULT,10947,9,2,4,15
DEFAULT,31509,14,1,1,16
DEFAULT,25915,13,0,2,15
DEFAULT,22885,11,0,1,12
DEFAULT,25191,14,1,1,16
DEFAULT,609,10,1,0,11
DEFAULT,816,7,0,2,9
,,,,
DEFAULT,4559,12,1,2,15
DEFAULT,7177,10,1,2,13
DEFAULT,44294,11,2,0,13
DEFAULT,18655,12,1,3,16
DEFAULT,2885,9,0,3,12
DEFAULT,8388,14,2,2,18
DEFAULT,700,4,0,1,5
DEFAULT,11054,11,2,2,15
DEFAULT,9016,12,2,4,18
DEFAULT,790,3,1,3,7
DEFAULT,29322,12,2,3,17
DEFAULT,7068,8,1,3,12
,,,,
DEFAULT,471,7,2,0,9
DEFAULT,250,8,1,1,10
DEFAULT,14620,15,1,3,19
DEFAULT,9338,10,1,3,14
DEFAULT,884,7,1,1,9
DEFAULT,17719,11,1,2,14
DEFAULT,15580,13,2,3,18
,,,,
DEFAULT,398,8,0,0,8
DEFAULT,4856,14,0,2,16
DEFAULT,4744,11,0,4,15
DEFAULT,292,5,0,3,8
DEFAULT,1009,11,2,1,14
DEFAULT,4902,13,1,0,14
DEFAULT,977,7,0,4,11
DEFAULT,532,6,0,2,8
,,,,
DEFAULT,43224,12,2,2,16
DEFAULT,33773,13,0,2,15
DEFAULT,3629,12,1,4,17
,,,,
DEFAULT,9637,13,0,1,14
DEFAULT,866,3,0,4,7
DEFAULT,2596,13,1,4,18
DEFAULT,7183,11,2,1,14
DEFAULT,3657,12,1,3,16
DEFAULT,15604,11,1,1,13
DEFAULT,12533,13,1,4,18
DEFAULT,19408,11,1,3,15
DEFAULT,20539,9,1,3,13
DEFAULT,7346,9,2,2,13
DEFAULT,18641,12,1,1,14
,,,,
DEFAULT,17538,14,0,2,16
DEFAULT,1130,7,1,2,10
,,,,
,,,,
DEFAULT,11581,10,2,2,14
DEFAULT,15623,13,1,2,16
,,,,
DEFAULT,2819,13,2,1,16
DEFAULT,868,5,0,1,6
DEFAULT,23740,13,0,2,15
DEFAULT,1911,11,1,3,15
,,,,
DEFAULT,5461,9,1,2,12
DEFAULT,14154,13,2,2,17
DEFAULT,82521,13,2,2,17
DEFAULT,3700,13,2,2,17
DEFAULT,580,4,1,1,6
DEFAULT,1333,3,1,2,6
,,,,
DEFAULT,39259,12,1,2,15
DEFAULT,1742,8,0,4,12
DEFAULT,471,6,1,1,8
DEFAULT,878,9,0,1,10
DEFAULT,1718,5,0,3,8
DEFAULT,17414,11,1,2,14
DEFAULT,2669,13,1,3,17
,,,,
DEFAULT,10661,15,0,3,18
DEFAULT,15360,10,2,2,14
DEFAULT,40,8,0,0,8
DEFAULT,2837,15,0,4,19
,,,,
DEFAULT,13779,14,1,2,17
DEFAULT,12418,14,1,1,16
DEFAULT,5199,10,1,4,15
DEFAULT,4194,11,0,3,14
DEFAULT,2470,6,0,3,9
DEFAULT,8309,9,2,1,12
DEFAULT,5382,10,1,3,14
DEFAULT,894,9,2,2,13
DEFAULT,3388,9,1,3,13
DEFAULT,42832,11,0,3,14
DEFAULT,608,5,0,0,5
DEFAULT,20861,13,1,1,15
DEFAULT,1365,8,2,3,13
DEFAULT,7405,10,2,3,15
DEFAULT,5718,10,1,3,14
,,,,
DEFAULT,15606,11,1,1,13
DEFAULT,1383,5,1,1,7
,,,,
DEFAULT,76685,12,0,3,15
,,,,
DEFAULT,1530,2,0,1,3
DEFAULT,11134,15,2,1,18
DEFAULT,785,6,0,3,9
DEFAULT,1629,9,1,1,11
DEFAULT,6036,10,2,3,15
,,,,
DEFAULT,6811,13,1,2,16
DEFAULT,33608,11,1,1,13
DEFAULT,847,4,0,3,7
,,,,
DEFAULT,992,6,1,1,8
DEFAULT,2293,10,1,4,15
,,,,
DEFAULT,704,4,1,1,6
DEFAULT,23335,10,2,1,13
DEFAULT,4523,13,1,3,17
DEFAULT,956,12,1,1,14
DEFAULT,3238,12,1,2,15
DEFAULT,11201,12,0,3,15
DEFAULT,57509,13,0,3,16
,,,,
DEFAULT,30789,11,1,1,13
,,,,
DEFAULT,548,9,0,3,12
DEFAULT,2256,9,1,3,13
DEFAULT,919,3,1,0,4
,,,,
DEFAULT,752,6,1,1,8
DEFAULT,12336,10,1,2,13
DEFAULT,1108,9,1,0,10
DEFAULT,80516,13,1,2,16
DEFAULT,26507,13,1,1,15
DEFAULT,4996,10,1,3,14
DEFAULT,1279,10,2,2,14
,,,,
DEFAULT,978,8,1,1,10
DEFAULT,1164,3,1,1,5
DEFAULT,473,6,2,1,9
DEFAULT,2136,11,2,3,16
DEFAULT,34816,12,2,1,15
DEFAULT,15277,12,0,2,14
DEFAULT,1423,10,0,4,14
DEFAULT,577,5,0,2,7
DEFAULT,7433,14,1,3,18
DEFAULT,3052,12,2,2,16
DEFAULT,4660,13,2,3,18
DEFAULT,874,7,2,1,10
DEFAULT,1099,7,1,0,8
DEFAULT,8622,10,1,2,13
DEFAULT,14606,12,0,3,15
DEFAULT,8695,11,2,3,16
DEFAULT,29905,13,1,1,15
DEFAULT,5910,8,0,3,11
DEFAULT,5685,12,2,1,15
DEFAULT,7258,9,1,4,14
DEFAULT,7425,14,0,3,17
DEFAULT,3512,13,2,2,17
DEFAULT,9505,11,2,2,15
DEFAULT,3683,8,1,3,12
DEFAULT,8645,13,1,4,18
DEFAULT,2932,10,2,4,16
DEFAULT,48670,13,0,3,16
DEFAULT,775,6,0,0,6
DEFAULT,17282,12,0,2,14
DEFAULT,15998,14,1,3,18
DEFAULT,452,6,0,1,7
DEFAULT,1120,3,0,0,3
DEFAULT,959,4,1,0,5
DEFAULT,1219,10,1,2,13
DEFAULT,1535,12,0,2,14
DEFAULT,67837,15,1,2,18
DEFAULT,7182,14,1,2,17
,,,,
DEFAULT,8604,8,1,2,11
DEFAULT,125,6,1,0,7
DEFAULT,15598,12,1,3,16
DEFAULT,32500,11,1,1,13
DEFAULT,15389,14,0,1,15
DEFAULT,7458,10,0,2,12
,,,,
DEFAULT,19178,12,1,2,15
DEFAULT,16484,11,0,2,13
DEFAULT,25990,15,1,1,17
DEFAULT,2049,9,1,3,13
DEFAULT,449,10,1,1,12
DEFAULT,13308,14,1,1,16
,,,,
,,,,
DEFAULT,2398,11,0,2,13
DEFAULT,7800,9,1,2,12
DEFAULT,1519,4,1,1,6
DEFAULT,7986,8,1,2,11
DEFAULT,26256,13,2,2,17
DEFAULT,5992,11,2,1,14
DEFAULT,8937,13,2,3,18
DEFAULT,11020,9,1,3,13
DEFAULT,6599,10,1,2,13
DEFAULT,74458,14,1,0,15
DEFAULT,31775,13,1,1,15
DEFAULT,21446,11,1,3,15
DEFAULT,6852,13,1,2,16
DEFAULT,349,8,1,0,9
DEFAULT,22878,14,1,2,17
DEFAULT,1096,3,0,1,4
DEFAULT,332,7,0,3,10
DEFAULT,2577,9,1,2,12
DEFAULT,1009,9,0,2,11
DEFAULT,977,4,0,1,5
DEFAULT,1185,8,1,3,12
,,,,
DEFAULT,1706,4,2,1,7
DEFAULT,8293,15,0,1,16
DEFAULT,17581,14,1,2,17
DEFAULT,1021,6,0,1,7
DEFAULT,666,5,2,1,8
,,,,
DEFAULT,13322,12,1,3,16
DEFAULT,739,8,1,2,11
DEFAULT,1142,7,1,3,11
DEFAULT,177,6,1,2,9
DEFAULT,975,5,0,2,7
DEFAULT,9824,11,0,3,14
,,,,
DEFAULT,316,8,1,3,12
DEFAULT,833,7,1,1,9
DEFAULT,1270,2,1,0,3
,,,,
DEFAULT,51507,11,1,3,15
DEFAULT,841,4,1,0,5
DEFAULT,1656,10,0,2,12
DEFAULT,2180,8,2,4,14
DEFAULT,1050,10,1,1,12
DEFAULT,202,9,1,1,11
DEFAULT,15120,11,1,3,15
DEFAULT,2399,12,1,4,17
DEFAULT,3567,13,0,1,14
DEFAULT,256,8,1,2,11
DEFAULT,17140,12,1,3,16
DEFAULT,9446,10,2,3,15
DEFAULT,1218,2,0,2,4
DEFAULT,1184,3,1,2,6
DEFAULT,11013,12,0,2,14
DEFAULT,23174,12,0,2,14
,,,,
DEFAULT,458,7,1,1,9
,,,,
DEFAULT,999,7,2,2,11
DEFAULT,8646,11,2,1,14
,,,,
DEFAULT,20521,14,1,1,16
DEFAULT,17241,12,1,0,13
DEFAULT,714,8,0,0,8
DEFAULT,16755,10,2,1,13
,,,,
DEFAULT,1035,4,0,2,6
DEFAULT,43888,13,0,1,14
,,,,
DEFAULT,79882,13,1,1,15
,,,,
DEFAULT,8233,11,2,2,15
DEFAULT,33004,14,0,2,16
DEFAULT,2091,10,2,3,15
DEFAULT,14180,13,1,3,17
DEFAULT,10073,11,2,3,16
DEFAULT,19517,15,1,1,17
DEFAULT,667,7,1,3,11
,,,,
DEFAULT,8852,11,1,3,15
DEFAULT,11119,11,0,4,15
DEFAULT,8694,13,1,3,17
DEFAULT,21964,15,2,2,19
DEFAULT,60370,9,1,1,11
DEFAULT,2437,13,1,2,16
DEFAULT,11397,10,0,1,11
DEFAULT,1321,4,2,1,7
,,,,
DEFAULT,10207,13,0,3,16
DEFAULT,717,8,1,2,11
DEFAULT,24294,12,1,2,15
DEFAULT,162,10,0,0,10
DEFAULT,7084,14,1,2,17
DEFAULT,15907,12,1,2,15
DEFAULT,24887,13,0,2,15
DEFAULT,12383,15,1,2,18
DEFAULT,21041,12,1,3,16
DEFAULT,1090,2,2,3,7
DEFAULT,9583,15,0,1,16
DEFAULT,8947,13,0,3,16
DEFAULT,37848,14,1,2,17
DEFAULT,1176,6,1,0,7
,,,,
DEFAULT,1130,8,0,2,10
,,,,
DEFAULT,2401,10,2,3,15
DEFAULT,15199,11,2,1,14
DEFAULT,6342,11,0,3,14
DEFAULT,5717,13,1,1,15
DEFAULT,9885,14,2,3,19
DEFAULT,7534,15,1,2,18
DEFAULT,1367,3,0,4,7
DEFAULT,60440,11,2,2,15
,,,,
DEFAULT,2578,13,1,3,17
DEFAULT,12929,10,1,1,12
DEFAULT,8358,15,0,2,17
DEFAULT,13124,11,1,3,15
DEFAULT,17981,14,1,3,18
DEFAULT,5776,15,0,3,18
DEFAULT,1074,8,1,3,12
DEFAULT,52848,12,0,2,14
DEFAULT,5783,13,2,3,18
DEFAULT,394,9,1,0,10
DEFAULT,6785,16,1,2,19
DEFAULT,1848,9,1,3,13
DEFAULT,6261,13,1,1,15
DEFAULT,9618,11,1,2,14
DEFAULT,28937,14,2,2,18
DEFAULT,9594,13,0,4,17
DEFAULT,173,8,1,2,11
DEFAULT,98014,12,1,1,14
DEFAULT,742,4,0,1,5
DEFAULT,6099,15,1,3,19
DEFAULT,10982,13,0,2,15
DEFAULT,1375,6,1,2,9
DEFAULT,4463,12,1,2,15
DEFAULT,831,7,1,3,11
DEFAULT,319,9,2,2,13
DEFAULT,22966,13,1,1,15
DEFAULT,4493,11,1,3,15
DEFAULT,3214,14,1,2,17
,,,,
DEFAULT,12229,12,1,3,16
,,,,
DEFAULT,944,5,1,2,8
DEFAULT,1164,8,2,1,11
,,,,
,,,,
DEFAULT,3687,9,0,2,11
DEFAULT,45642,16,0,1,17
DEFAULT,442,6,0,0,6
DEFAULT,596,7,1,1,9
DEFAULT,689,8,1,2,11
DEFAULT,36604,14,1,3,18
,,,,
DEFAULT,801,6,0,1,7
DEFAULT,1462,7,0,0,7
DEFAULT,12886,10,1,1,12
DEFAULT,54407,12,1,2,15
DEFAULT,1817,7,2,2,11
DEFAULT,1593,11,1,3,15
DEFAULT,21767,9,2,1,12
DEFAULT,3693,13,2,3,18
DEFAULT,11854,13,2,3,18
DEFAULT,19972,13,1,1,15
DEFAULT,77600,9,2,2,13
DEFAULT,6047,13,1,1,15
,,,,
DEFAULT,889,5,0,1,6
DEFAULT,629,7,0,3,10
DEFAULT,13995,10,0,2,12
DEFAULT,2417,12,1,1,14
,,,,
DEFAULT,60624,12,2,2,16
DEFAULT,533,11,0,1,12
DEFAULT,33299,14,0,2,16
DEFAULT,970,2,1,2,5
DEFAULT,1376,10,0,3,13
DEFAULT,811,9,1,2,12
DEFAULT,2140,10,0,2,12
DEFAULT,952,6,0,1,7
DEFAULT,10822,8,0,2,10
DEFAULT,38925,12,0,3,15
DEFAULT,11818,11,1,1,13
DEFAULT,5548,13,2,3,18
DEFAULT,52035,11,1,1,13
DEFAULT,6467,12,0,3,15
DEFAULT,1009,9,2,0,11
,,,,
DEFAULT,3613,10,1,3,14
DEFAULT,21207,12,1,3,16
DEFAULT,9046,13,1,2,16
DEFAULT,30906,13,0,2,15
DEFAULT,8844,13,2,4,19
DEFAULT,1043,6,0,1,7
DEFAULT,9672,12,1,3,16
DEFAULT,8198,11,1,2,14
DEFAULT,590,5,1,4,10
DEFAULT,4676,10,0,3,13
DEFAULT,8098,13,1,2,16
DEFAULT,8782,12,1,3,16
DEFAULT,4693,14,1,2,17
DEFAULT,709,9,1,4,14
DEFAULT,13644,13,1,2,16
DEFAULT,1086,7,0,2,9
,,,,
,,,,
DEFAULT,83117,12,1,3,16
DEFAULT,180,5,2,2,9
DEFAULT,794,8,1,2,11
DEFAULT,730,6,0,1,7
DEFAULT,1526,8,1,1,10
DEFAULT,6263,11,1,3,15
,,,,
,,,,
,,,,
DEFAULT,4626,11,1,4,16
DEFAULT,2096,10,1,3,14
DEFAULT,1076,5,0,0,5
DEFAULT,38765,10,1,1,12
DEFAULT,6128,12,2,2,16
,,,,
DEFAULT,23558,13,1,3,17
DEFAULT,1048,9,1,1,11
,,,,
DEFAULT,12508,13,1,2,16
DEFAULT,11345,11,2,2,15
DEFAULT,1154,4,1,0,5
DEFAULT,829,7,1,0,8
DEFAULT,563,8,0,2,10
DEFAULT,7222,13,1,2,16
DEFAULT,11455,13,1,3,17
DEFAULT,362,7,2,2,11
DEFAULT,20270,14,1,2,17
DEFAULT,911,6,2,0,8
DEFAULT,29962,12,1,1,14
DEFAULT,5474,9,1,3,13
DEFAULT,1009,7,0,3,10
,,,,
DEFAULT,418,8,0,1,9
DEFAULT,1037,9,1,2,12
DEFAULT,1555,8,1,4,13
DEFAULT,14947,14,0,2,16
DEFAULT,860,7,1,1,9
DEFAULT,4878,12,2,2,16
DEFAULT,11524,11,1,3,15
DEFAULT,480,6,1,0,7
DEFAULT,425,5,0,0,5
,,,,
DEFAULT,14354,13,0,3,16
DEFAULT,1213,3,0,2,5
DEFAULT,708,8,1,0,9
DEFAULT,20001,14,1,1,16
,,,,
DEFAULT,10739,13,2,3,18
,,,,
DEFAULT,16068,9,1,1,11
DEFAULT,994,7,1,0,8
DEFAULT,834,5,1,1,7
DEFAULT,36804,13,1,3,17
DEFAULT,69730,13,1,3,17
DEFAULT,8119,11,1,1,13
DEFAULT,786,9,0,3,12
DEFAULT,11270,13,2,2,17
DEFAULT,34213,10,0,1,11
DEFAULT,1702,12,1,3,16
DEFAULT,3734,11,1,3,15
DEFAULT,9136,11,2,3,16
DEFAULT,14824,11,1,3,15
DEFAULT,6291,8,2,4,14
DEFAULT,93,10,1,2,13
,,,,
,,,,
DEFAULT,2907,10,1,1,12
DEFAULT,7480,15,0,1,16
,,,,
DEFAULT,18595,12,0,2,14
DEFAULT,916,5,0,0,5
DEFAULT,771,8,1,3,12
DEFAULT,229,5,2,2,9
DEFAULT,429,11,0,2,13
DEFAULT,11849,9,1,2,12
DEFAULT,1585,12,0,3,15
DEFAULT,19748,12,0,2,14
DEFAULT,941,8,2,3,13
DEFAULT,6080,11,1,3,15
,,,,
DEFAULT,10929,11,1,1,13
DEFAULT,8948,11,0,4,15
DEFAULT,586,9,0,1,10
DEFAULT,2052,13,1,2,16
DEFAULT,1409,4,0,4,8
DEFAULT,914,9,1,1,11
DEFAULT,811,6,0,2,8
DEFAULT,11051,11,2,2,15
DEFAULT,953,7,1,1,9
DEFAULT,5286,13,1,3,17
DEFAULT,2748,11,0,1,12
DEFAULT,672,6,0,0,6
DEFAULT,5821,11,0,2,13
DEFAULT,450,7,1,2,10
DEFAULT,2820,8,2,4,14
DEFAULT,652,10,1,2,13
DEFAULT,5629,13,2,1,16
DEFAULT,2729,11,1,2,14
DEFAULT,7977,12,1,4,17
DEFAULT,2741,9,1,3,13
DEFAULT,627,7,2,3,12
DEFAULT,75611,11,0,1,12
,,,,
DEFAULT,129,7,0,3,10
DEFAULT,84,8,0,2,10
DEFAULT,1896,9,2,2,13
DEFAULT,1439,3,0,1,4
DEFAULT,688,3,1,3,7
,,,,
DEFAULT,518,4,0,3,7
DEFAULT,23150,14,2,1,17
DEFAULT,898,5,0,2,7
DEFAULT,11814,13,0,2,15
,,,,
DEFAULT,670,8,0,0,8
DEFAULT,883,4,0,0,4
,,,,
DEFAULT,1392,2,1,0,3
DEFAULT,13963,10,1,1,12
DEFAULT,840,5,0,0,5
DEFAULT,15700,12,2,2,16
DEFAULT,4892,12,2,3,17
DEFAULT,5211,11,2,3,16
DEFAULT,6620,15,2,2,19
DEFAULT,7993,11,1,3,15
DEFAULT,10902,8,1,3,12
DEFAULT,13850,13,2,2,17
DEFAULT,234,5,1,3,9
,,,,
DEFAULT,11079,12,0,2,14
DEFAULT,10123,11,2,2,15
DEFAULT,1417,10,0,2,12
DEFAULT,7065,11,0,1,12
DEFAULT,2026,10,1,4,15
DEFAULT,10702,13,0,1,14
DEFAULT,2727,11,1,4,16
DEFAULT,97,8,1,2,11
DEFAULT,2850,13,0,1,14
DEFAULT,1077,10,2,3,15
DEFAULT,14607,11,1,1,13
DEFAULT,961,11,0,3,14
DEFAULT,1572,3,0,1,4
DEFAULT,508,7,1,3,11
DEFAULT,28337,13,2,2,17
DEFAULT,23709,10,1,1,12
,,,,
DEFAULT,15287,13,1,3,17
DEFAULT,25346,12,2,0,14
DEFAULT,14590,12,0,3,15
,,,,
DEFAULT,957,9,1,2,12
DEFAULT,18139,14,0,3,17
DEFAULT,19842,10,1,2,13
DEFAULT,1846,12,2,2,16
DEFAULT,381,6,1,1,8
DEFAULT,22789,14,0,2,16
DEFAULT,1145,8,1,3,12
DEFAULT,7580,10,1,1,12
DEFAULT,374,11,0,1,12
,,,,
DEFAULT,739,10,1,3,14
DEFAULT,13975,10,1,4,15
DEFAULT,360,10,0,1,11
DEFAULT,4823,12,1,4,17
DEFAULT,1339,4,0,4,8
DEFAULT,22154,13,0,2,15
DEFAULT,28757,10,1,3,14
DEFAULT,2022,11,2,3,16
DEFAULT,7634,14,2,3,19
DEFAULT,107,12,0,3,15
DEFAULT,5044,11,2,4,17
DEFAULT,10165,9,2,4,15
,,,,
DEFAULT,8736,12,1,2,15
,,,,
,,,,
DEFAULT,11596,14,0,2,16
DEFAULT,19062,11,2,2,15
DEFAULT,1123,8,2,2,12
DEFAULT,900,10,1,3,14
DEFAULT,433,6,0,1,7
DEFAULT,9565,13,2,2,17
DEFAULT,759,7,0,2,9
DEFAULT,859,9,0,4,13
DEFAULT,389,6,0,1,7
DEFAULT,1108,8,2,3,13
DEFAULT,4450,11,2,3,16
DEFAULT,767,8,2,2,12
DEFAULT,389,8,1,0,9
DEFAULT,21556,13,2,2,17
,,,,
,,,,
,,,,
DEFAULT,2113,13,2,4,19
DEFAULT,862,4,0,2,6
DEFAULT,33585,11,2,1,14
DEFAULT,19643,10,0,2,12
DEFAULT,3751,10,1,2,13
DEFAULT,7172,11,1,4,16
,,,,
DEFAULT,966,6,0,2,8
DEFAULT,1734,8,0,4,12
DEFAULT,2206,5,1,0,6
DEFAULT,516,8,1,2,11
DEFAULT,2168,7,2,2,11
DEFAULT,101,6,1,4,11
DEFAULT,942,5,1,1,7
DEFAULT,320,8,0,2,10
DEFAULT,1084,6,0,0,6
DEFAULT,75112,14,1,2,17
DEFAULT,772,7,2,3,12
DEFAULT,15907,12,1,2,15
DEFAULT,463,8,1,2,11
DEFAULT,5662,11,2,3,16
DEFAULT,1043,5,1,1,7
DEFAULT,2306,11,2,3,16
DEFAULT,2884,11,1,1,13
DEFAULT,9954,11,0,3,14
DEFAULT,14463,12,1,2,15
,,,,
,,,,
DEFAULT,1282,11,0,3,14
DEFAULT,733,7,1,0,8
,,,,
DEFAULT,4449,13,2,1,16
DEFAULT,2222,12,0,4,16
DEFAULT,1175,5,1,2,8
DEFAULT,812,8,1,1,10
DEFAULT,774,5,1,3,9
DEFAULT,818,7,0,2,9
DEFAULT,1185,3,0,2,5
DEFAULT,2426,9,1,4,14
,,,,
DEFAULT,13766,11,1,4,16
,,,,
DEFAULT,11177,13,0,1,14
DEFAULT,820,5,0,0,5
DEFAULT,15210,11,1,1,13
DEFAULT,16587,13,0,1,14
,,,,
DEFAULT,12482,14,1,1,16
DEFAULT,15424,11,2,2,15
DEFAULT,19974,9,2,0,11
,,,,
,,,,
DEFAULT,1211,10,1,1,12
DEFAULT,16871,12,1,2,15
DEFAULT,647,4,1,3,8
DEFAULT,950,8,2,4,14
DEFAULT,9994,14,2,1,17
DEFAULT,5489,11,2,2,15
DEFAULT,349,8,1,3,12
DEFAULT,2919,12,0,1,13
DEFAULT,21005,10,2,1,13
DEFAULT,553,9,0,2,11
DEFAULT,5025,13,1,1,15
DEFAULT,7672,11,2,2,15
DEFAULT,3169,12,1,2,15
DEFAULT,20577,13,1,1,15
DEFAULT,6054,10,2,3,15
DEFAULT,13751,12,2,1,15
DEFAULT,75,7,1,3,11
DEFAULT,935,6,2,0,8
DEFAULT,1426,4,1,2,7
DEFAULT,6801,14,2,2,18
DEFAULT,55107,11,0,3,14
DEFAULT,13359,14,2,3,19
,,,,
DEFAULT,25719,13,1,3,17
DEFAULT,7453,10,0,2,12
DEFAULT,426,5,1,1,7
DEFAULT,549,6,1,3,10
DEFAULT,13499,12,2,2,16
DEFAULT,10627,11,1,2,14
DEFAULT,20925,13,1,1,15
DEFAULT,716,5,0,0,5
DEFAULT,17898,10,1,2,13
DEFAULT,23525,14,0,3,17
DEFAULT,651,8,1,1,10
DEFAULT,7432,13,0,3,16
DEFAULT,4754,12,1,1,14
DEFAULT,1111,11,2,2,15
,,,,
,,,,
DEFAULT,47,7,1,3,11
DEFAULT,1971,15,2,3,20
DEFAULT,1802,9,1,4,14
,,,,
DEFAULT,574,7,0,0,7
DEFAULT,286,7,1,1,9
DEFAULT,239,8,0,3,11
DEFAULT,6856,12,0,2,14
DEFAULT,20144,10,1,1,12
DEFAULT,3522,10,0,2,12
DEFAULT,16435,12,0,1,13
DEFAULT,6931,9,1,2,12
,,,,
DEFAULT,25610,14,2,1,17
DEFAULT,36333,13,1,1,15
DEFAULT,465,5,0,3,8
DEFAULT,918,4,1,2,7
DEFAULT,38816,15,0,3,18
DEFAULT,1266,4,0,1,5
DEFAULT,3516,10,1,2,13
DEFAULT,7419,11,2,2,15
DEFAULT,25876,10,1,3,14
DEFAULT,52905,11,0,2,13
DEFAULT,67000,10,0,2,12
DEFAULT,4811,11,1,2,14
DEFAULT,721,8,0,2,10
DEFAULT,357,9,1,1,11
DEFAULT,906,6,1,0,7
,,,,
DEFAULT,10323,12,2,3,17
DEFAULT,626,8,0,3,11
DEFAULT,1033,7,0,2,9
DEFAULT,23322,11,0,2,13
DEFAULT,1040,6,0,1,7
DEFAULT,374,6,0,3,9
DEFAULT,732,4,1,1,6
DEFAULT,21664,13,0,3,16
DEFAULT,2329,15,1,2,18
DEFAULT,11030,9,0,3,12
DEFAULT,56053,11,1,2,14
DEFAULT,2420,13,1,2,16
DEFAULT,5766,11,0,1,12
DEFAULT,24069,13,1,1,15
DEFAULT,16628,13,1,0,14
DEFAULT,11832,12,1,2,15
,,,,
,,,,
DEFAULT,405,6,2,1,9
DEFAULT,15545,11,0,2,13
DEFAULT,5882,13,1,2,16
DEFAULT,1027,7,1,1,9
DEFAULT,926,6,1,4,11
DEFAULT,16245,9,2,1,12
,,,,
DEFAULT,7047,11,1,2,14
DEFAULT,1300,8,0,4,12
DEFAULT,1347,8,0,3,11
,,,,
DEFAULT,683,8,2,1,11
DEFAULT,637,8,0,0,8
DEFAULT,8138,12,0,3,15
DEFAULT,977,5,0,3,8
DEFAULT,461,10,0,2,12
DEFAULT,2076,7,2,2,11
DEFAULT,418,8,1,0,9
DEFAULT,21943,13,0,1,14
DEFAULT,135,10,0,3,13
DEFAULT,410,7,1,0,8
DEFAULT,8734,12,1,2,15
DEFAULT,738,9,1,1,11
DEFAULT,740,6,0,2,8
DEFAULT,2991,13,2,2,17
DEFAULT,422,6,1,1,8
DEFAULT,8926,13,1,3,17
DEFAULT,1160,3,1,3,7
DEFAULT,994,9,1,2,12
DEFAULT,63122,9,0,3,12
DEFAULT,28074,12,0,2,14
DEFAULT,23594,11,1,1,13
DEFAULT,1710,7,1,3,11
DEFAULT,1302,3,0,0,3
,,,,
DEFAULT,632,4,1,2,7
DEFAULT,9224,12,1,3,16
DEFAULT,13325,14,0,2,16
,,,,
DEFAULT,11217,15,1,3,19
DEFAULT,821,7,0,2,9
DEFAULT,126,6,0,0,6
DEFAULT,6904,11,2,2,15
DEFAULT,2743,12,1,4,17
DEFAULT,813,6,0,1,7
DEFAULT,14419,12,1,3,16
DEFAULT,33775,12,1,2,15
DEFAULT,12757,14,0,4,18
DEFAULT,3739,10,1,3,14
DEFAULT,576,8,2,1,11
DEFAULT,42136,12,1,2,15
DEFAULT,1054,11,0,3,14
DEFAULT,3699,10,1,3,14
DEFAULT,8249,13,1,2,16
DEFAULT,557,8,0,1,9
DEFAULT,5841,13,0,2,15
,,,,
DEFAULT,66721,11,1,1,13
DEFAULT,3596,10,2,3,15
DEFAULT,17850,11,2,1,14
DEFAULT,5626,10,2,3,15
DEFAULT,11480,12,1,1,14
DEFAULT,14218,10,0,2,12
DEFAULT,15442,13,1,1,15
DEFAULT,679,6,2,3,11
DEFAULT,17910,9,1,2,12
DEFAULT,7013,15,2,2,19
DEFAULT,1632,11,1,0,12
DEFAULT,21560,11,1,3,15
DEFAULT,715,11,1,3,15
DEFAULT,120,6,2,2,10
DEFAULT,1240,3,0,3,6
,,,,
DEFAULT,80433,13,1,2,16
DEFAULT,986,5,2,2,9
DEFAULT,1056,6,1,0,7
DEFAULT,9860,15,0,2,17
DEFAULT,11476,10,1,2,13
DEFAULT,1976,11,1,3,15
DEFAULT,13526,10,0,1,11
DEFAULT,11674,11,0,1,12
DEFAULT,1836,11,1,4,16
,,,,
DEFAULT,10291,12,0,2,14
DEFAULT,455,8,1,2,11
DEFAULT,22156,14,1,1,16
DEFAULT,7738,11,1,2,14
DEFAULT,12277,15,1,1,17
DEFAULT,809,8,1,1,10
DEFAULT,5389,12,2,3,17
DEFAULT,115,7,1,1,9
,,,,
DEFAULT,82978,13,0,3,16
DEFAULT,2649,12,2,3,17
,,,,
DEFAULT,10013,11,1,3,15
DEFAULT,54,7,1,2,10
,,,,
,,,,
DEFAULT,7512,11,2,3,16
DEFAULT,5262,13,1,1,15
DEFAULT,2538,7,1,4,12
DEFAULT,6012,11,1,4,16
,,,,
,,,,
DEFAULT,1187,10,2,2,14
DEFAULT,23387,14,0,1,15
DEFAULT,13323,11,0,4,15
,,,,
DEFAULT,4864,14,2,2,18
DEFAULT,9118,12,2,3,17
DEFAULT,941,7,1,1,9
DEFAULT,2559,13,1,4,18
,,,,
DEFAULT,4278,13,1,4,18
DEFAULT,509,11,0,1,12
DEFAULT,26271,11,2,1,14
DEFAULT,18347,12,0,2,14
DEFAULT,1892,9,2,3,14
DEFAULT,2328,9,1,4,14
DEFAULT,23684,10,1,2,13
DEFAULT,6066,11,1,2,14
DEFAULT,10433,12,2,2,16
DEFAULT,45747,10,1,4,15
DEFAULT,740,2,0,3,5
DEFAULT,524,6,0,3,9
DEFAULT,19868,12,2,3,17
DEFAULT,7985,12,1,3,16
DEFAULT,408,7,0,1,8
DEFAULT,615,6,1,2,9
DEFAULT,29509,11,0,3,14
DEFAULT,42404,12,0,2,14
DEFAULT,27014,12,2,2,16
DEFAULT,752,5,1,1,7
DEFAULT,1022,10,0,3,13
,,,,
DEFAULT,2823,10,2,3,15
DEFAULT,3822,12,1,2,15
DEFAULT,330,4,2,2,8
DEFAULT,160,8,1,3,12
DEFAULT,21366,14,0,2,16
DEFAULT,589,10,0,2,12
DEFAULT,42900,12,1,2,15
DEFAULT,650,9,1,1,11
DEFAULT,820,7,0,1,8
DEFAULT,1188,2,1,1,4
DEFAULT,4987,13,2,4,19
DEFAULT,8601,14,2,1,17
DEFAULT,1433,3,1,0,4
DEFAULT,4255,15,1,4,20
DEFAULT,9983,12,1,2,15
DEFAULT,145,6,0,1,7
DEFAULT,10946,14,1,1,16
,,,,
DEFAULT,21110,10,2,2,14
DEFAULT,22150,13,2,1,16
DEFAULT,48533,11,2,1,14
DEFAULT,1121,8,0,2,10
DEFAULT,23994,13,1,4,18
DEFAULT,1708,12,0,1,13
,,,,
,,,,
,,,,
DEFAULT,66097,12,1,1,14
DEFAULT,957,6,0,1,7
DEFAULT,260,11,2,0,13
DEFAULT,1372,4,1,2,7
,,,,
DEFAULT,1123,7,0,3,10
DEFAULT,892,4,0,1,5
DEFAULT,1200,9,1,3,13
,,,,
DEFAULT,431,7,2,3,12
DEFAULT,6663,10,1,2,13
DEFAULT,877,7,1,0,8
DEFAULT,9805,13,0,3,16
DEFAULT,1000,9,1,1,11
DEFAULT,11544,15,2,1,18
DEFAULT,504,7,0,1,8
DEFAULT,882,3,1,1,5
DEFAULT,26431,12,0,0,12
DEFAULT,19602,13,2,2,17
DEFAULT,5648,15,1,3,19
DEFAULT,1129,2,1,3,6
,,,,
,,,,
DEFAULT,2037,8,1,4,13
DEFAULT,23436,12,0,2,14
DEFAULT,16614,12,1,2,15
DEFAULT,16817,13,2,2,17
DEFAULT,17060,10,1,2,13
DEFAULT,554,6,0,0,6
DEFAULT,35,10,1,1,12
DEFAULT,237,9,0,3,12
DEFAULT,1144,5,1,3,9
DEFAULT,18467,17,0,1,18
DEFAULT,9605,8,1,1,10
,,,,
DEFAULT,2484,15,1,0,16
DEFAULT,17342,10,1,2,13
DEFAULT,6922,10,2,3,15
DEFAULT,4169,12,2,2,16
DEFAULT,613,8,2,3,13
DEFAULT,11560,11,0,2,13
DEFAULT,678,4,1,2,7
,,,,
DEFAULT,11274,12,1,3,16
DEFAULT,41822,14,0,2,16
DEFAULT,47041,13,1,1,15
DEFAULT,16532,13,0,4,17
DEFAULT,11401,11,2,3,16
DEFAULT,538,6,0,2,8
DEFAULT,1342,5,1,2,8
DEFAULT,740,8,0,3,11
DEFAULT,59,7,2,2,11
DEFAULT,1044,5,1,4,10
DEFAULT,303,7,1,1,9
DEFAULT,6541,12,1,4,17
DEFAULT,5878,7,1,3,11
DEFAULT,2346,12,1,4,17
DEFAULT,164,11,1,0,12
DEFAULT,620,5,0,0,5
DEFAULT,23959,15,0,3,18
,,,,
,,,,
DEFAULT,10691,13,0,2,15
DEFAULT,872,7,0,1,8
DEFAULT,13306,14,0,1,15
DEFAULT,333,10,2,2,14
,,,,
DEFAULT,29485,11,0,2,13
DEFAULT,3493,11,0,3,14
DEFAULT,8772,14,0,3,17
DEFAULT,19766,10,2,2,14
DEFAULT,1453,9,0,1,10
DEFAULT,16409,11,2,3,16
DEFAULT,27210,13,2,2,17
DEFAULT,6233,16,2,3,21
DEFAULT,15551,13,1,2,16
DEFAULT,53634,11,2,2,15
,,,,
DEFAULT,24495,12,1,3,16
DEFAULT,13917,13,0,3,16
DEFAULT,1454,5,0,1,6
DEFAULT,16379,17,2,0,19
DEFAULT,23731,12,1,2,15
DEFAULT,727,5,1,3,9
,,,,
DEFAULT,13326,14,1,3,18
DEFAULT,15006,14,0,4,18
DEFAULT,444,6,0,1,7
DEFAULT,9677,10,1,1,12
DEFAULT,450,12,1,3,16
DEFAULT,1277,9,0,3,12
DEFAULT,12794,12,1,2,15
DEFAULT,591,6,1,0,7
DEFAULT,1160,5,0,1,6
DEFAULT,9518,12,2,0,14
DEFAULT,8502,12,2,3,17
,,,,
DEFAULT,514,8,1,3,12
DEFAULT,768,9,2,4,15
DEFAULT,1353,8,1,2,11
DEFAULT,1710,9,2,2,13
DEFAULT,740,2,1,3,6
DEFAULT,4823,13,2,3,18
DEFAULT,1235,11,2,3,16
DEFAULT,8922,14,1,4,19
,,,,
DEFAULT,4797,11,0,2,13
DEFAULT,11552,11,0,2,13
DEFAULT,2988,11,1,2,14
DEFAULT,13649,10,2,3,15
DEFAULT,866,6,0,0,6
DEFAULT,44561,13,1,2,16
DEFAULT,1324,10,1,2,13
DEFAULT,58641,11,1,3,15
DEFAULT,35837,12,0,0,12
DEFAULT,13802,11,1,2,14
DEFAULT,729,6,0,4,10
,,,,
DEFAULT,222,6,2,0,8
DEFAULT,11267,14,1,2,17
DEFAULT,27688,12,1,2,15
DEFAULT,554,6,2,2,10
DEFAULT,383,5,0,2,7
DEFAULT,40436,11,1,1,13
DEFAULT,915,8,0,3,11
DEFAULT,17135,13,1,1,15
DEFAULT,9437,15,1,2,18
DEFAULT,14834,11,1,2,14
,,,,
DEFAULT,853,9,2,2,13
DEFAULT,2210,8,2,0,10
,,,,
DEFAULT,649,8,1,1,10
DEFAULT,8751,12,1,3,16
DEFAULT,39788,12,0,2,14
,,,,
,,,,
,,,,
DEFAULT,7584,13,1,3,17
DEFAULT,696,9,1,0,10
,,,,
DEFAULT,5562,9,1,4,14
,,,,
DEFAULT,13296,13,0,1,14
DEFAULT,14907,12,1,3,16
DEFAULT,4313,10,1,1,12
,,,,
DEFAULT,28740,14,1,2,17
,,,,
DEFAULT,20669,12,0,1,13
DEFAULT,1117,3,1,1,5
DEFAULT,659,5,2,2,9
DEFAULT,25243,11,2,2,15
DEFAULT,20641,15,0,3,18
,,,,
,,,,
DEFAULT,5638,11,2,2,15
DEFAULT,709,12,0,0,12
DEFAULT,13763,10,0,2,12
DEFAULT,16991,11,2,2,15
DEFAULT,19150,13,1,3,17
DEFAULT,4773,13,0,4,17
DEFAULT,865,6,1,1,8
DEFAULT,353,11,1,0,12
,,,,
,,,,
DEFAULT,873,5,0,2,7
DEFAULT,20307,10,2,2,14
DEFAULT,81376,8,1,3,12
DEFAULT,553,6,1,2,9
DEFAULT,774,6,2,0,8
DEFAULT,32565,10,0,0,10
DEFAULT,31746,11,1,2,14
DEFAULT,3419,13,1,4,18
DEFAULT,1360,4,2,0,6
DEFAULT,22309,10,1,2,13
,,,,
DEFAULT,27680,13,1,3,17
DEFAULT,10984,12,2,3,17
DEFAULT,1897,7,2,4,13
DEFAULT,796,2,1,1,4
DEFAULT,7703,11,2,3,16
DEFAULT,8156,12,0,2,14
DEFAULT,444,6,1,2,9
DEFAULT,1014,5,0,1,6
,,,,
,,,,
DEFAULT,2340,13,1,1,15
DEFAULT,1137,8,0,1,9
DEFAULT,2490,14,0,2,16
DEFAULT,7713,14,2,1,17
DEFAULT,9363,12,1,2,15
DEFAULT,15056,13,0,3,16
DEFAULT,1137,4,0,3,7
DEFAULT,4947,12,0,3,15
DEFAULT,7146,10,0,4,14
DEFAULT,374,9,0,2,11
DEFAULT,18508,16,1,1,18
DEFAULT,613,5,0,1,6
DEFAULT,10243,11,2,2,15
DEFAULT,7600,10,1,2,13
DEFAULT,1358,8,0,2,10
DEFAULT,13862,11,1,3,15
,,,,
DEFAULT,8135,11,2,4,17
DEFAULT,18056,12,0,3,15
DEFAULT,900,5,0,3,8
,,,,
DEFAULT,15041,15,0,1,16
DEFAULT,19427,12,1,3,16
DEFAULT,7436,11,0,2,13
DEFAULT,1362,7,2,3,12
DEFAULT,1002,10,1,2,13
DEFAULT,876,7,1,3,11
DEFAULT,1125,6,0,1,7
DEFAULT,887,9,0,2,11
DEFAULT,952,5,1,3,9
DEFAULT,17967,13,2,3,18
DEFAULT,2039,11,2,3,16
DEFAULT,694,8,0,1,9
DEFAULT,1542,13,0,2,15
DEFAULT,558,5,1,2,8
,,,,
DEFAULT,361,6,1,1,8
DEFAULT,13557,13,0,2,15
DEFAULT,820,7,0,2,9
DEFAULT,969,12,1,1,14
DEFAULT,8533,11,1,3,15
DEFAULT,3999,11,2,2,15
DEFAULT,17122,14,1,0,15
DEFAULT,13439,16,0,1,17
DEFAULT,7370,12,0,3,15
DEFAULT,26978,12,2,1,15
DEFAULT,9930,11,1,3,15
,,,,
DEFAULT,45163,10,0,2,12
DEFAULT,1816,11,2,4,17
DEFAULT,183,10,0,1,11
DEFAULT,6255,11,2,2,15
DEFAULT,1007,10,1,1,12
DEFAULT,17897,12,2,1,15
DEFAULT,13880,9,0,3,12
DEFAULT,284,8,0,2,10
DEFAULT,815,7,1,3,11
,,,,
,,,,
DEFAULT,430,9,1,3,13
,,,,
,,,,
DEFAULT,29667,12,1,3,16
DEFAULT,4484,9,1,4,14
,,,,
DEFAULT,3808,11,1,1,13
DEFAULT,17234,15,0,2,17
DEFAULT,14990,12,1,1,14
DEFAULT,95125,13,1,3,17
DEFAULT,1326,3,1,0,4
DEFAULT,10676,9,1,4,14
DEFAULT,9413,14,0,4,18
DEFAULT,611,10,1,3,14
DEFAULT,557,9,1,3,13
DEFAULT,1240,7,2,2,11
DEFAULT,3376,11,0,2,13
DEFAULT,25444,14,2,2,18
DEFAULT,41988,12,0,1,13
DEFAULT,1411,11,1,1,13
DEFAULT,19032,16,1,2,19
DEFAULT,390,12,1,3,16
DEFAULT,63944,16,1,0,17
DEFAULT,8954,12,1,3,16
DEFAULT,967,6,2,3,11
DEFAULT,7493,14,1,2,17
DEFAULT,25417,14,1,1,16
DEFAULT,6018,10,1,3,14
DEFAULT,891,4,0,1,5
DEFAULT,7902,13,1,4,18
DEFAULT,1244,9,1,3,13
DEFAULT,7769,14,0,3,17
DEFAULT,21690,10,2,2,14
DEFAULT,10352,10,1,3,14
DEFAULT,1021,4,0,1,5
,,,,
DEFAULT,8982,13,1,2,16
DEFAULT,940,9,1,2,12
DEFAULT,9618,8,2,4,14
DEFAULT,621,11,1,3,15
DEFAULT,57839,10,2,1,13
DEFAULT,1206,10,1,2,13
DEFAULT,3257,9,1,1,11
DEFAULT,31079,10,0,2,12
DEFAULT,5110,12,2,4,18
DEFAULT,13371,12,0,3,15
DEFAULT,724,3,1,0,4
,,,,
DEFAULT,21612,12,1,2,15
DEFAULT,25292,12,0,1,13
DEFAULT,456,8,1,2,11
DEFAULT,1144,3,0,1,4
DEFAULT,15714,13,1,1,15
DEFAULT,12227,12,1,3,16
,,,,
DEFAULT,849,5,0,1,6
DEFAULT,30317,12,1,2,15
DEFAULT,14401,13,1,0,14
DEFAULT,6709,10,1,4,15
,,,,
DEFAULT,1218,6,1,2,9
DEFAULT,1552,6,2,4,12
DEFAULT,10220,15,2,1,18
DEFAULT,1266,4,0,1,5
DEFAULT,373,5,1,2,8
DEFAULT,5785,10,1,1,12
DEFAULT,2052,10,1,4,15
DEFAULT,23969,14,1,3,18
DEFAULT,311,5,1,3,9
DEFAULT,13961,12,2,2,16
DEFAULT,904,4,0,2,6
DEFAULT,10701,12,0,2,14
DEFAULT,2452,11,0,3,14
DEFAULT,85982,10,0,1,11
,,,,
,,,,
DEFAULT,2090,11,1,3,15
DEFAULT,11555,16,0,3,19
DEFAULT,695,7,1,1,9
DEFAULT,7210,15,1,3,19
DEFAULT,1006,5,2,0,7
DEFAULT,23546,14,0,2,16
DEFAULT,2507,9,1,3,13
DEFAULT,276,6,1,2,9
DEFAULT,1764,9,1,3,13
DEFAULT,11642,12,1,3,16
DEFAULT,12270,10,1,2,13
,,,,
DEFAULT,873,8,0,4,12
DEFAULT,25512,11,1,2,14
DEFAULT,1089,10,1,3,14
DEFAULT,5136,8,2,1,11
DEFAULT,504,5,1,0,6
DEFAULT,14541,12,2,1,15
DEFAULT,9363,14,0,2,16
DEFAULT,10347,12,0,1,13
DEFAULT,47357,10,0,2,12
DEFAULT,1005,7,0,2,9
DEFAULT,856,10,1,1,12
DEFAULT,670,7,1,1,9
DEFAULT,2092,12,1,3,16
DEFAULT,14822,13,2,1,16
DEFAULT,2379,11,1,1,13
DEFAULT,8620,14,1,1,16
DEFAULT,1620,6,0,4,10
DEFAULT,596,9,1,2,12
DEFAULT,4125,13,1,0,14
DEFAULT,5974,13,2,1,16
DEFAULT,495,6,1,1,8
DEFAULT,15109,12,1,2,15
DEFAULT,10771,13,1,2,16
DEFAULT,813,13,0,2,15
DEFAULT,17594,14,1,1,16
DEFAULT,979,8,2,1,11
DEFAULT,10562,11,0,3,14
DEFAULT,662,5,1,1,7
DEFAULT,830,4,1,0,5
DEFAULT,717,7,1,1,9
DEFAULT,9027,10,2,3,15
DEFAULT,11132,13,1,1,15
DEFAULT,951,6,0,4,10
DEFAULT,782,5,0,0,5
DEFAULT,12371,14,1,2,17
DEFAULT,447,7,1,3,11
DEFAULT,1503,6,2,2,10
DEFAULT,569,5,2,1,8
DEFAULT,3709,15,1,4,20
DEFAULT,95057,11,1,2,14
DEFAULT,58574,13,1,2,16
DEFAULT,682,6,2,0,8
DEFAULT,14468,14,2,2,18
DEFAULT,53477,13,0,1,14
,,,,
DEFAULT,419,7,0,1,8
DEFAULT,15654,14,0,2,16
,,,,
DEFAULT,18956,11,0,3,14
DEFAULT,16654,14,1,1,16
DEFAULT,17866,12,1,2,15
DEFAULT,37298,13,1,1,15
DEFAULT,10941,11,2,3,16
,,,,
DEFAULT,4785,12,1,2,15
DEFAULT,1607,9,2,4,15
DEFAULT,419,7,2,0,9
,,,,
DEFAULT,1414,9,1,1,11
DEFAULT,16316,11,0,3,14
DEFAULT,2674,12,2,2,16
DEFAULT,8060,14,1,3,18
DEFAULT,1177,5,2,3,10
,,,,
DEFAULT,876,6,0,1,7
,,,,
DEFAULT,877,10,1,2,13
DEFAULT,5238,10,1,3,14
DEFAULT,900,5,1,2,8
DEFAULT,19946,11,2,2,15
DEFAULT,13905,12,0,2,14
DEFAULT,86563,14,0,2,16
DEFAULT,6812,14,1,2,17
DEFAULT,13462,10,1,3,14
,,,,
DEFAULT,9704,13,1,3,17
DEFAULT,26567,10,0,2,12
DEFAULT,17718,15,0,1,16
DEFAULT,650,5,1,4,10
DEFAULT,5091,12,1,4,17
DEFAULT,64,6,1,0,7
DEFAULT,950,5,1,2,8
DEFAULT,300,4,1,3,8
DEFAULT,5100,13,2,3,18
DEFAULT,45665,11,0,2,13
DEFAULT,443,6,0,4,10
DEFAULT,34184,11,2,3,16
DEFAULT,97327,12,1,2,15
DEFAULT,290,11,1,1,13
DEFAULT,124,7,1,0,8
DEFAULT,9304,10,1,3,14
DEFAULT,1713,2,1,2,5
DEFAULT,1169,8,2,1,11
DEFAULT,27840,12,0,1,13
DEFAULT,10860,12,1,3,16
DEFAULT,27950,14,1,1,16
DEFAULT,1608,2,0,1,3
DEFAULT,5601,12,1,2,15
,,,,
DEFAULT,426,4,1,2,7
DEFAULT,814,7,2,1,10
DEFAULT,3192,12,1,4,17
DEFAULT,8408,11,0,3,14
DEFAULT,39214,12,1,3,16
DEFAULT,1067,11,2,3,16
DEFAULT,2227,11,0,3,14
DEFAULT,1434,3,1,1,5
DEFAULT,15125,11,1,1,13
DEFAULT,45889,13,2,1,16
DEFAULT,8081,9,1,3,13
DEFAULT,1901,7,1,3,11
,,,,
DEFAULT,898,8,0,2,10
DEFAULT,30232,11,2,2,15
DEFAULT,12116,13,2,1,16
DEFAULT,2581,12,0,4,16
DEFAULT,33921,11,1,2,14
DEFAULT,12464,14,1,1,16
DEFAULT,1320,5,0,4,9
,,,,
DEFAULT,1455,8,2,1,11
DEFAULT,27956,11,1,1,13
DEFAULT,32684,13,2,2,17
DEFAULT,23662,11,2,2,15
DEFAULT,901,5,0,1,6
DEFAULT,5095,12,2,2,16
DEFAULT,13809,12,2,3,17
DEFAULT,1947,11,1,2,14
DEFAULT,10018,13,2,4,19
DEFAULT,560,8,1,1,10
DEFAULT,14360,14,2,2,18
DEFAULT,548,5,1,3,9
DEFAULT,35639,12,2,1,15
DEFAULT,333,6,2,2,10
DEFAULT,21343,11,1,1,13
DEFAULT,7752,14,0,2,16
,,,,
DEFAULT,780,8,1,2,11
DEFAULT,6818,13,2,3,18
DEFAULT,21000,14,2,1,17
,,,,
DEFAULT,246,7,1,2,10
DEFAULT,1496,4,0,0,4
DEFAULT,1273,5,0,1,6
,,,,
DEFAULT,31145,16,0,2,18
DEFAULT,55305,11,0,1,12
DEFAULT,1339,7,1,4,12
,,,,
DEFAULT,3134,10,1,2,13
DEFAULT,2142,6,1,2,9
DEFAULT,20430,12,2,2,16
DEFAULT,5211,12,1,3,16
DEFAULT,703,4,1,2,7
DEFAULT,4590,8,1,2,11
DEFAULT,62784,14,0,3,17
DEFAULT,6049,15,2,1,18
DEFAULT,7137,11,2,2,15
DEFAULT,1078,6,1,4,11
,,,,
DEFAULT,52211,15,2,2,19
DEFAULT,8117,10,2,2,14
DEFAULT,266,8,0,0,8
DEFAULT,261,8,0,2,10
DEFAULT,87360,11,1,2,14
DEFAULT,73207,13,2,2,17
DEFAULT,660,7,0,1,8
DEFAULT,2546,11,1,4,16
DEFAULT,60792,9,1,1,11
,,,,
,,,,
,,,,
DEFAULT,1391,6,0,3,9
DEFAULT,796,9,1,1,11
DEFAULT,350,7,1,2,10
DEFAULT,4979,9,2,2,13
,,,,
DEFAULT,4244,14,0,1,15
DEFAULT,902,3,1,3,7
DEFAULT,10750,13,2,2,17
DEFAULT,861,4,0,1,5
DEFAULT,188,7,1,0,8
,,,,
DEFAULT,402,8,1,1,10
DEFAULT,6303,13,1,4,18
DEFAULT,13264,11,1,1,13
,,,,
DEFAULT,1040,7,0,1,8
DEFAULT,10166,12,0,1,13
DEFAULT,1025,12,1,2,15
DEFAULT,5243,15,2,2,19
DEFAULT,29145,12,1,2,15
DEFAULT,656,12,2,0,14
DEFAULT,8322,13,1,2,16
DEFAULT,5976,11,1,3,15
DEFAULT,2135,10,1,4,15
DEFAULT,513,12,0,4,16
DEFAULT,10652,11,2,2,15
DEFAULT,280,14,0,0,14
DEFAULT,16035,9,0,3,12
DEFAULT,720,10,1,2,13
DEFAULT,1122,7,0,1,8
,,,,
DEFAULT,15262,9,1,2,12
DEFAULT,14953,12,2,2,16
DEFAULT,15660,14,1,1,16
DEFAULT,218,8,1,1,10
DEFAULT,1156,7,1,3,11
DEFAULT,14008,8,2,1,11
DEFAULT,775,6,0,1,7
DEFAULT,4833,12,2,1,15
DEFAULT,760,8,2,2,12
DEFAULT,884,4,1,1,6
DEFAULT,1168,5,1,2,8
DEFAULT,577,9,2,1,12
DEFAULT,117,7,1,2,10
DEFAULT,4577,12,1,2,15
DEFAULT,548,7,2,3,12
DEFAULT,5128,16,1,3,20
DEFAULT,45753,14,0,2,16
,,,,
DEFAULT,8506,14,0,2,16
DEFAULT,3025,8,2,4,14
,,,,
DEFAULT,9712,13,0,2,15
DEFAULT,4450,9,1,3,13
DEFAULT,2096,11,0,4,15
DEFAULT,337,6,0,1,7
DEFAULT,10303,12,0,3,15
DEFAULT,3620,8,2,3,13
DEFAULT,6654,14,2,4,20
DEFAULT,18367,10,1,2,13
DEFAULT,30197,13,0,3,16
DEFAULT,832,4,1,2,7
DEFAULT,19780,9,1,2,12
DEFAULT,185,9,1,2,12
DEFAULT,40304,11,2,1,14
DEFAULT,161,10,1,2,13
DEFAULT,18614,13,2,2,17
DEFAULT,8273,10,0,3,13
DEFAULT,45774,14,1,0,15
,,,,
DEFAULT,828,8,0,0,8
DEFAULT,603,6,2,3,11
DEFAULT,27331,10,0,2,12
,,,,
DEFAULT,79914,10,1,4,15
DEFAULT,18734,10,0,3,13
DEFAULT,45977,11,0,2,13
DEFAULT,10515,11,2,3,16
DEFAULT,740,9,1,1,11
DEFAULT,37754,12,2,2,16
DEFAULT,6581,12,1,3,16
,,,,
DEFAULT,17379,11,1,2,14
DEFAULT,12372,13,1,3,17
,,,,
DEFAULT,6584,16,2,1,19
DEFAULT,8310,11,2,2,15
DEFAULT,10437,14,2,2,18
DEFAULT,54708,10,1,3,14
,,,,
DEFAULT,24006,14,0,3,17
DEFAULT,1803,11,1,1,13
DEFAULT,254,7,2,0,9
DEFAULT,13204,13,1,1,15
DEFAULT,31756,13,2,3,18
DEFAULT,5764,11,2,2,15
,,,,
,,,,
DEFAULT,512,6,0,3,9
DEFAULT,13762,15,1,2,18
DEFAULT,2230,6,2,2,10
DEFAULT,1380,5,0,1,6
DEFAULT,517,9,2,3,14
DEFAULT,2762,14,1,2,17
,,,,
DEFAULT,4793,11,1,4,16
DEFAULT,473,7,0,1,8
DEFAULT,420,7,0,3,10
DEFAULT,5816,11,1,4,16
DEFAULT,7925,10,0,4,14
DEFAULT,3094,11,2,4,17
,,,,
DEFAULT,45880,13,2,1,16
,,,,
,,,,
DEFAULT,593,5,0,1,6
DEFAULT,6251,13,2,2,17
DEFAULT,8055,9,0,2,11
DEFAULT,4110,15,0,3,18
DEFAULT,34268,12,1,3,16
DEFAULT,2553,10,2,3,15
DEFAULT,1249,4,1,1,6
DEFAULT,3182,14,2,4,20
DEFAULT,4514,13,0,3,16
,,,,
DEFAULT,893,10,0,3,13
DEFAULT,1253,5,0,1,6
DEFAULT,1502,12,1,1,14
DEFAULT,1412,10,1,3,14
DEFAULT,5274,9,1,1,11
DEFAULT,7870,11,1,2,14
DEFAULT,25557,14,0,3,17
DEFAULT,28850,15,2,1,18
DEFAULT,478,9,1,1,11
DEFAULT,13457,12,0,2,14
,,,,
DEFAULT,3521,10,0,3,13
,,,,
DEFAULT,5519,10,2,2,14
DEFAULT,21749,13,0,2,15
DEFAULT,12443,11,0,1,12
DEFAULT,2688,11,1,2,14
DEFAULT,372,8,1,2,11
DEFAULT,10715,15,0,3,18
DEFAULT,1965,11,1,3,15
DEFAULT,10095,14,1,2,17
DEFAULT,15250,16,1,2,19
DEFAULT,68,9,1,1,11
DEFAULT,374,5,0,1,6
DEFAULT,28418,10,2,4,16
DEFAULT,3891,11,1,3,15
,,,,
DEFAULT,26544,12,2,2,16
DEFAULT,9235,14,1,2,17
DEFAULT,975,2,2,2,6
DEFAULT,28948,14,0,2,16
DEFAULT,1716,3,1,0,4
,,,,
,,,,
DEFAULT,3930,14,0,2,16
DEFAULT,68752,13,1,2,16
DEFAULT,144,5,1,1,7
DEFAULT,12000,12,2,3,17
DEFAULT,32635,12,0,2,14
DEFAULT,12170,11,1,3,15
DEFAULT,23643,13,0,2,15
DEFAULT,55881,12,0,2,14
DEFAULT,9378,12,1,1,14
DEFAULT,931,9,2,0,11
DEFAULT,8583,11,0,2,13
DEFAULT,59365,10,1,1,12
,,,,
DEFAULT,11442,15,1,1,17
DEFAULT,35550,13,1,1,15
DEFAULT,13274,11,1,3,15
DEFAULT,310,7,0,2,9
DEFAULT,29097,12,2,2,16
DEFAULT,160,6,2,2,10
DEFAULT,468,5,0,4,9
DEFAULT,4623,10,2,2,14
DEFAULT,702,7,1,1,9
DEFAULT,46734,11,2,2,15
DEFAULT,12923,11,1,2,14
DEFAULT,280,8,0,2,10
DEFAULT,43935,10,0,3,13
DEFAULT,28116,13,1,2,16
DEFAULT,1114,4,1,0,5
DEFAULT,8892,13,1,3,17
DEFAULT,1118,8,0,1,9
DEFAULT,10675,11,0,2,13
DEFAULT,7360,15,0,2,17
DEFAULT,3924,8,0,3,11
,,,,
DEFAULT,1679,4,1,1,6
,,,,
DEFAULT,10188,13,1,3,17
DEFAULT,3646,11,2,1,14
DEFAULT,489,10,2,0,12
,,,,
DEFAULT,1396,9,1,2,12
DEFAULT,769,9,0,2,11
DEFAULT,27949,13,0,2,15
DEFAULT,1731,7,1,3,11
DEFAULT,245,7,2,4,13
DEFAULT,15309,12,1,1,14
DEFAULT,1260,5,2,0,7
DEFAULT,41271,12,0,2,14
DEFAULT,4379,11,1,2,14
DEFAULT,13723,14,2,1,17
DEFAULT,418,3,1,2,6
DEFAULT,1278,11,0,4,15
DEFAULT,18137,11,1,3,15
,,,,
DEFAULT,20164,11,0,3,14
DEFAULT,16780,12,1,1,14
DEFAULT,614,7,2,2,11
DEFAULT,1891,13,0,4,17
DEFAULT,14188,11,1,3,15
,,,,
DEFAULT,1735,9,1,1,11
DEFAULT,27972,10,2,2,14
DEFAULT,13084,10,1,1,12
DEFAULT,96,9,0,1,10
DEFAULT,8910,7,1,2,10
DEFAULT,12557,11,1,2,14
DEFAULT,3121,8,1,4,13
,,,,
DEFAULT,11050,14,0,2,16
DEFAULT,19153,14,1,2,17
DEFAULT,20748,13,1,2,16
DEFAULT,11374,13,0,1,14
DEFAULT,14808,12,1,2,15
DEFAULT,873,6,1,3,10
,,,,
DEFAULT,13307,16,0,0,16
,,,,
DEFAULT,7480,18,1,2,21
DEFAULT,16412,14,1,2,17
DEFAULT,4878,14,0,0,14
DEFAULT,981,10,0,2,12
,,,,
DEFAULT,8393,14,1,1,16
DEFAULT,16251,13,0,1,14
,,,,
,,,,
DEFAULT,919,6,2,0,8
DEFAULT,6302,13,0,2,15
DEFAULT,29019,11,1,2,14
DEFAULT,5582,12,1,4,17
DEFAULT,26660,11,0,3,14
DEFAULT,2449,10,1,4,15
DEFAULT,1293,3,0,1,4
DEFAULT,23873,16,0,2,18
DEFAULT,4704,10,1,3,14
DEFAULT,11987,11,1,3,15
DEFAULT,3402,9,2,4,15
DEFAULT,4843,8,2,4,14
DEFAULT,99,8,1,0,9
DEFAULT,755,7,1,0,8
DEFAULT,2922,13,2,2,17
DEFAULT,33546,15,1,1,17
DEFAULT,20949,9,1,0,10
DEFAULT,5742,9,1,2,12
DEFAULT,966,1,0,2,3
DEFAULT,145,6,0,1,7
DEFAULT,8457,13,0,2,15
DEFAULT,238,11,1,2,14
DEFAULT,22971,11,2,2,15
DEFAULT,556,8,1,3,12
DEFAULT,201,7,2,1,10
DEFAULT,6014,11,2,2,15
DEFAULT,30007,14,0,2,16
DEFAULT,1064,6,0,1,7
DEFAULT,7000,12,2,2,16
DEFAULT,23315,13,1,3,17
DEFAULT,1086,11,1,3,15
DEFAULT,1490,3,1,4,8
DEFAULT,2146,7,2,3,12
DEFAULT,6615,11,0,2,13
DEFAULT,2488,2,1,4,7
,,,,
DEFAULT,20329,11,0,2,13
DEFAULT,13899,10,1,3,14
DEFAULT,13706,10,0,2,12
DEFAULT,211,11,1,0,12
DEFAULT,46406,11,0,2,13
DEFAULT,25891,11,1,2,14
DEFAULT,7238,12,0,3,15
DEFAULT,49749,12,1,3,16
DEFAULT,483,4,2,0,6
DEFAULT,473,5,1,0,6
DEFAULT,12130,15,0,2,17
DEFAULT,1487,10,2,2,14
DEFAULT,6123,10,1,3,14
DEFAULT,13881,8,2,3,13
DEFAULT,15076,11,0,0,11
DEFAULT,14595,12,1,3,16
DEFAULT,7758,12,0,2,14
DEFAULT,42833,12,0,1,13
DEFAULT,15786,9,2,2,13
DEFAULT,4110,12,1,3,16
DEFAULT,338,9,1,0,10
DEFAULT,5923,12,0,3,15
DEFAULT,524,7,0,1,8
DEFAULT,21351,16,2,1,19
DEFAULT,452,9,0,2,11
DEFAULT,9058,15,0,1,16
DEFAULT,16632,14,1,3,18
,,,,
DEFAULT,642,5,1,4,10
DEFAULT,4182,11,2,2,15
DEFAULT,80702,12,1,1,14
DEFAULT,964,5,1,1,7
DEFAULT,11683,12,1,2,15
DEFAULT,1099,5,1,1,7
DEFAULT,5650,13,1,3,17
DEFAULT,24790,15,1,2,18
,,,,
DEFAULT,804,8,0,1,9
DEFAULT,18833,11,1,1,13
DEFAULT,738,10,0,1,11
,,,,
DEFAULT,7960,15,1,3,19
DEFAULT,6350,12,2,3,17
DEFAULT,46112,15,2,2,19
,,,,
DEFAULT,14962,13,0,3,16
DEFAULT,11288,12,1,2,15
DEFAULT,10638,13,0,1,14
DEFAULT,56935,11,2,1,14
DEFAULT,1171,7,0,1,8
DEFAULT,1549,10,2,3,15
DEFAULT,18581,11,1,1,13
DEFAULT,766,4,1,3,8
DEFAULT,461,11,1,3,15
DEFAULT,6160,12,0,2,14
DEFAULT,54649,11,0,3,14
DEFAULT,5239,14,0,3,17
DEFAULT,10976,10,0,4,14
DEFAULT,29813,13,0,2,15
DEFAULT,75204,12,1,2,15
DEFAULT,2723,11,1,3,15
DEFAULT,22956,11,2,3,16
DEFAULT,26423,14,0,4,18
DEFAULT,561,7,2,1,10
DEFAULT,9782,13,0,3,16
DEFAULT,190,8,0,3,11
DEFAULT,30448,15,1,2,18
DEFAULT,1441,10,2,1,13
,,,,
DEFAULT,16287,11,1,2,14
DEFAULT,13449,11,1,3,15
DEFAULT,1005,10,2,2,14
DEFAULT,29605,12,0,3,15
DEFAULT,7080,11,1,1,13
,,,,
DEFAULT,6127,13,0,4,17
DEFAULT,1509,7,0,3,10
DEFAULT,20441,12,1,3,16
,,,,
DEFAULT,985,4,1,1,6
DEFAULT,553,9,2,1,12
DEFAULT,14732,13,0,3,16
DEFAULT,4348,9,1,2,12
,,,,
DEFAULT,15744,15,2,1,18
DEFAULT,3131,14,1,4,19
,,,,
DEFAULT,1607,7,0,4,11
DEFAULT,243,10,1,0,11
DEFAULT,47159,9,2,1,12
DEFAULT,8514,12,1,3,16
DEFAULT,1573,4,1,1,6
DEFAULT,47827,14,0,2,16
DEFAULT,14910,13,1,2,16
,,,,
DEFAULT,625,5,2,2,9
,,,,
DEFAULT,9975,11,1,3,15
DEFAULT,6859,13,2,3,18
DEFAULT,23261,14,2,1,17
DEFAULT,60528,9,0,2,11
DEFAULT,8409,14,2,3,19
DEFAULT,16347,11,1,1,13
DEFAULT,33745,11,2,1,14
DEFAULT,29048,12,2,1,15
,,,,
DEFAULT,9557,15,0,1,16
DEFAULT,4251,14,0,3,17
DEFAULT,23832,16,1,3,20
DEFAULT,12066,13,0,2,15
DEFAULT,231,8,1,3,12
DEFAULT,1194,5,1,1,7
DEFAULT,7148,10,1,2,13
DEFAULT,35417,11,1,1,13
DEFAULT,1380,10,2,4,16
,,,,
DEFAULT,1177,10,0,2,12
DEFAULT,14177,11,1,0,12
DEFAULT,600,6,0,2,8
DEFAULT,994,9,2,0,11
,,,,
DEFAULT,40540,14,0,1,15
DEFAULT,11634,15,1,1,17
DEFAULT,29646,14,2,0,16
DEFAULT,5502,13,2,4,19
DEFAULT,12638,12,1,3,16
,,,,
DEFAULT,11445,12,1,1,14
,,,,
DEFAULT,21084,11,2,2,15
DEFAULT,7799,14,1,3,18
DEFAULT,51972,11,2,1,14
DEFAULT,13197,9,0,3,12
DEFAULT,10818,13,0,1,14
DEFAULT,16160,13,2,1,16
DEFAULT,39142,14,2,1,17
DEFAULT,10168,11,0,1,12
DEFAULT,30409,14,0,1,15
DEFAULT,9855,15,1,3,19
,,,,
DEFAULT,664,6,1,3,10
DEFAULT,9207,11,2,3,16
DEFAULT,8484,15,1,2,18
DEFAULT,6150,11,1,3,15
,,,,
DEFAULT,69772,11,2,1,14
DEFAULT,512,6,0,3,9
DEFAULT,26404,11,0,1,12
DEFAULT,753,8,2,1,11
DEFAULT,24844,11,1,3,15
,,,,
DEFAULT,888,11,1,3,15
DEFAULT,574,5,2,3,10
DEFAULT,22510,13,0,2,15
DEFAULT,913,11,2,2,15
DEFAULT,717,6,1,2,9
DEFAULT,17680,14,0,2,16
DEFAULT,15822,14,0,3,17
DEFAULT,1441,3,0,0,3
DEFAULT,15377,13,1,3,17
,,,,
DEFAULT,962,9,1,4,14
DEFAULT,97356,12,1,3,16
,,,,
,,,,
,,,,
DEFAULT,10279,12,1,2,15
,,,,
DEFAULT,28510,12,1,0,13
DEFAULT,35348,13,0,3,16
DEFAULT,16879,11,0,3,14
DEFAULT,18095,13,0,3,16
,,,,
DEFAULT,18314,14,0,1,15
DEFAULT,19555,11,1,2,14
DEFAULT,829,5,2,0,7
DEFAULT,22839,12,0,1,13
DEFAULT,8776,10,0,3,13
,,,,
DEFAULT,17405,13,1,2,16
DEFAULT,23466,13,1,1,15
DEFAULT,942,11,1,3,15
DEFAULT,616,11,1,2,14
DEFAULT,822,8,1,4,13
DEFAULT,405,6,1,2,9
DEFAULT,1421,7,1,3,11
DEFAULT,41575,13,1,1,15
DEFAULT,13681,16,0,2,18
DEFAULT,2471,6,1,2,9
DEFAULT,9659,11,0,2,13
DEFAULT,27637,10,1,2,13
DEFAULT,3032,11,0,2,13
DEFAULT,21918,11,2,1,14
DEFAULT,69968,12,1,0,13
,,,,
DEFAULT,9156,13,1,3,17
DEFAULT,385,8,0,3,11
DEFAULT,5128,11,1,3,15
DEFAULT,1124,5,0,3,8
DEFAULT,254,8,0,2,10
DEFAULT,4587,12,2,3,17
DEFAULT,13137,14,2,1,17
DEFAULT,1260,4,1,0,5
DEFAULT,2703,7,1,4,12
DEFAULT,118,8,0,0,8
,,,,
DEFAULT,1506,9,1,3,13
DEFAULT,10948,13,1,2,16
DEFAULT,1467,12,1,4,17
DEFAULT,3927,12,1,1,14
DEFAULT,23031,14,1,2,17
DEFAULT,16791,10,1,3,14
DEFAULT,12899,16,0,2,18
DEFAULT,94149,12,1,2,15
DEFAULT,1429,9,1,3,13
DEFAULT,2341,7,2,3,12
DEFAULT,11127,13,1,0,14
DEFAULT,2089,14,2,2,18
DEFAULT,1289,10,1,2,13
DEFAULT,1376,11,1,4,16
DEFAULT,2713,12,1,4,17
,,,,
,,,,
DEFAULT,18854,13,0,1,14
DEFAULT,18407,13,1,2,16
DEFAULT,10339,11,0,3,14
DEFAULT,1645,8,0,3,11
DEFAULT,11258,14,0,3,17
DEFAULT,1418,3,0,0,3
DEFAULT,15687,14,1,4,19
DEFAULT,24422,10,2,3,15
DEFAULT,15410,11,1,2,14
DEFAULT,67078,13,2,2,17
DEFAULT,664,5,1,3,9
DEFAULT,987,7,2,2,11
DEFAULT,27020,15,2,0,17
DEFAULT,3782,11,2,2,15
DEFAULT,15704,13,1,4,18
DEFAULT,957,11,1,1,13
DEFAULT,586,6,1,2,9
DEFAULT,3678,8,0,4,12
DEFAULT,163,7,0,2,9
DEFAULT,30830,12,2,2,16
DEFAULT,88968,13,1,1,15
,,,,
DEFAULT,574,6,0,0,6
DEFAULT,66,7,2,1,10
,,,,
DEFAULT,10172,14,1,1,16
DEFAULT,1344,4,0,0,4
,,,,
,,,,
DEFAULT,1524,5,0,4,9
DEFAULT,8390,12,1,4,17
DEFAULT,20388,12,1,1,14
DEFAULT,1256,5,0,2,7
DEFAULT,11777,12,1,3,16
DEFAULT,1238,3,0,1,4
DEFAULT,16471,15,1,3,19
DEFAULT,15941,10,1,3,14
DEFAULT,41177,12,1,2,15
DEFAULT,1345,9,0,3,12
DEFAULT,1546,3,0,0,3
DEFAULT,1021,3,0,1,4
DEFAULT,2268,7,0,3,10
,,,,
DEFAULT,640,11,1,0,12
DEFAULT,15740,11,1,3,15
,,,,
DEFAULT,7849,13,1,2,16
DEFAULT,601,7,1,1,9
DEFAULT,12282,10,1,1,12
DEFAULT,1262,2,1,0,3
,,,,
DEFAULT,601,6,2,1,9
DEFAULT,6800,14,2,2,18
DEFAULT,912,11,1,3,15
DEFAULT,1005,7,0,3,10
DEFAULT,870,8,2,2,12
,,,,
DEFAULT,1406,3,1,2,6
,,,,
DEFAULT,561,6,0,1,7
DEFAULT,9309,13,1,2,16
DEFAULT,2896,11,1,4,16
DEFAULT,20891,12,1,3,16
DEFAULT,33091,11,1,3,15
DEFAULT,13826,12,2,2,16
DEFAULT,5967,12,2,1,15
DEFAULT,206,12,1,0,13
DEFAULT,735,8,1,4,13
DEFAULT,949,6,2,3,11
,,,,
DEFAULT,202,6,1,2,9
DEFAULT,50883,12,2,2,16
,,,,
DEFAULT,19482,14,1,0,15
DEFAULT,12619,10,1,4,15
DEFAULT,4335,12,1,1,14
DEFAULT,7088,15,0,4,19
DEFAULT,75690,14,1,2,17
DEFAULT,15903,10,0,3,13
,,,,
DEFAULT,861,9,1,2,12
DEFAULT,19001,12,1,1,14
DEFAULT,46876,13,2,1,16
DEFAULT,4214,11,1,1,13
DEFAULT,696,3,1,2,6
DEFAULT,484,7,1,2,10
DEFAULT,5691,12,1,3,16
DEFAULT,8111,13,0,1,14
DEFAULT,552,6,1,1,8
DEFAULT,2336,9,1,4,14
DEFAULT,5185,12,2,2,16
DEFAULT,6230,12,1,2,15
DEFAULT,23210,10,1,2,13
DEFAULT,11807,13,0,3,16
DEFAULT,6587,15,1,3,19
,,,,
DEFAULT,7952,11,1,1,13
DEFAULT,858,5,0,1,6
DEFAULT,2644,13,0,4,17
,,,,
DEFAULT,43528,11,2,2,15
DEFAULT,1746,0,0,1,1
DEFAULT,21006,13,1,2,16
DEFAULT,23315,12,2,1,15
DEFAULT,9943,11,1,2,14
DEFAULT,35256,10,1,2,13
,,,,
DEFAULT,386,7,0,3,10
DEFAULT,645,10,1,2,13
DEFAULT,294,10,0,2,12
DEFAULT,13675,15,1,2,18
DEFAULT,14578,14,1,2,17
DEFAULT,5888,13,2,2,17
DEFAULT,36442,9,1,1,11
DEFAULT,17390,15,0,2,17
DEFAULT,7390,16,1,3,20
DEFAULT,1037,6,0,1,7
DEFAULT,970,7,2,0,9
DEFAULT,8955,9,2,2,13
DEFAULT,40426,14,0,2,16
DEFAULT,562,6,1,1,8
DEFAULT,50213,11,0,1,12
DEFAULT,423,7,1,3,11
DEFAULT,1338,7,2,3,12
DEFAULT,14280,13,2,3,18
,,,,
DEFAULT,36860,9,0,3,12
DEFAULT,5626,11,0,3,14
DEFAULT,17427,9,1,3,13
DEFAULT,11631,10,1,2,13
DEFAULT,1315,2,0,0,2
,,,,
DEFAULT,6113,13,1,2,16
DEFAULT,20250,14,0,0,14
DEFAULT,16264,14,2,1,17
DEFAULT,616,2,0,2,4
DEFAULT,10798,13,0,2,15
DEFAULT,1384,4,0,0,4
DEFAULT,4705,13,0,3,16
DEFAULT,299,7,0,2,9
DEFAULT,1515,9,0,2,11
DEFAULT,8714,12,0,2,14
DEFAULT,23900,10,2,2,14
DEFAULT,1246,8,2,3,13
DEFAULT,15807,15,2,2,19
DEFAULT,1921,9,1,3,13
DEFAULT,1055,8,0,0,8
,,,,
DEFAULT,5072,17,0,2,19
DEFAULT,15227,12,1,3,16
DEFAULT,13267,13,1,4,18
DEFAULT,1516,5,0,0,5
DEFAULT,873,5,1,1,7
DEFAULT,1516,7,0,3,10
DEFAULT,5301,13,1,2,16
DEFAULT,21158,9,0,4,13
DEFAULT,44500,12,1,0,13
DEFAULT,19405,12,2,1,15
DEFAULT,3021,11,2,3,16
DEFAULT,1534,12,2,4,18
DEFAULT,10286,14,1,2,17
DEFAULT,81910,13,1,3,17
,,,,
DEFAULT,1254,2,0,1,3
,,,,
DEFAULT,7807,9,1,1,11
DEFAULT,3123,8,1,3,12
DEFAULT,8670,12,2,2,16
DEFAULT,752,7,1,1,9
,,,,
DEFAULT,33797,12,1,2,15
,,,,
DEFAULT,9112,14,1,2,17
DEFAULT,1706,8,0,2,10
DEFAULT,1243,4,1,1,6
DEFAULT,13161,11,1,1,13
DEFAULT,433,9,1,3,13
DEFAULT,20431,11,2,2,15
DEFAULT,1239,3,1,1,5
DEFAULT,460,6,1,3,10
DEFAULT,4833,10,1,1,12
DEFAULT,11068,16,0,2,18
DEFAULT,212,8,0,1,9
DEFAULT,17395,13,0,2,15
DEFAULT,1026,5,1,0,6
DEFAULT,15373,14,0,0,14
DEFAULT,12132,13,1,2,16
DEFAULT,1707,9,0,1,10
DEFAULT,18002,12,2,1,15
DEFAULT,21,8,0,0,8
DEFAULT,10083,13,0,3,16
DEFAULT,16171,13,1,2,16
DEFAULT,14900,13,1,3,17
DEFAULT,22957,12,1,1,14
DEFAULT,1423,11,1,2,14
,,,,
DEFAULT,10697,11,1,3,15
DEFAULT,1418,11,2,3,16
DEFAULT,5172,12,2,3,17
DEFAULT,13680,10,2,4,16
DEFAULT,3429,11,1,3,15
DEFAULT,12544,14,0,2,16
DEFAULT,20739,13,1,2,16
,,,,
DEFAULT,602,8,0,1,9
DEFAULT,950,6,1,1,8
DEFAULT,8807,12,1,2,15
DEFAULT,64310,14,1,2,17
DEFAULT,1089,10,0,2,12
DEFAULT,3660,12,2,2,16
DEFAULT,18445,13,0,1,14
,,,,
,,,,
DEFAULT,1012,12,1,4,17
,,,,
DEFAULT,12804,13,1,1,15
DEFAULT,646,8,1,0,9
DEFAULT,18664,13,2,0,15
DEFAULT,8051,14,2,3,19
DEFAULT,1584,7,1,3,11
DEFAULT,1645,9,0,4,13
,,,,
,,,,
DEFAULT,4560,12,1,1,14
,,,,
DEFAULT,1022,3,0,1,4
DEFAULT,13257,12,1,4,17
,,,,
DEFAULT,35092,13,1,1,15
DEFAULT,14783,13,1,2,16
DEFAULT,719,6,0,1,7
DEFAULT,1325,13,0,4,17
DEFAULT,153,7,0,3,10
DEFAULT,39039,14,1,3,18
DEFAULT,2025,6,0,4,10
DEFAULT,844,8,1,3,12
DEFAULT,1904,2,0,1,3
,,,,
DEFAULT,9653,12,1,2,15
DEFAULT,1101,4,0,2,6
DEFAULT,1113,11,1,0,12
DEFAULT,10834,16,1,2,19
DEFAULT,1855,8,2,4,14
DEFAULT,9167,13,1,3,17
DEFAULT,1286,9,2,3,14
,,,,
DEFAULT,1056,4,0,4,8
DEFAULT,18906,12,1,2,15
,,,,
DEFAULT,6659,8,0,3,11
,,,,
DEFAULT,1026,7,2,4,13
DEFAULT,17892,14,1,3,18
DEFAULT,20316,14,0,0,14
DEFAULT,57931,13,1,2,16
DEFAULT,14375,14,2,1,17
DEFAULT,22462,13,1,1,15
DEFAULT,852,9,1,2,12
DEFAULT,187,8,0,1,9
DEFAULT,3559,12,1,2,15
DEFAULT,612,5,1,2,8
DEFAULT,786,8,0,1,9
DEFAULT,23097,11,1,3,15
DEFAULT,63236,11,1,4,16
DEFAULT,6989,12,2,4,18
DEFAULT,22422,14,1,3,18
DEFAULT,23849,11,1,2,14
DEFAULT,1206,9,1,2,12
DEFAULT,3391,12,0,2,14
,,,,
DEFAULT,21254,11,2,3,16
,,,,
DEFAULT,56830,11,2,1,14
DEFAULT,634,9,0,1,10
DEFAULT,336,5,1,1,7
DEFAULT,1201,4,1,1,6
DEFAULT,646,8,0,3,11
DEFAULT,707,5,0,3,8
DEFAULT,504,10,0,0,10
DEFAULT,3935,11,1,3,15
DEFAULT,544,7,1,1,9
DEFAULT,9921,13,1,4,18
DEFAULT,404,5,1,2,8
DEFAULT,1024,3,0,1,4
DEFAULT,17918,13,2,1,16
DEFAULT,22530,14,1,2,17
DEFAULT,484,6,2,2,10
,,,,
DEFAULT,5795,11,1,3,15
DEFAULT,35059,9,1,2,12
DEFAULT,2548,10,0,4,14
DEFAULT,23704,11,1,1,13
DEFAULT,914,7,0,1,8
DEFAULT,1189,6,2,3,11
DEFAULT,5769,13,1,2,16
DEFAULT,1288,3,1,2,6
,,,,
DEFAULT,1339,3,0,2,5
DEFAULT,10085,12,0,2,14
DEFAULT,663,6,0,2,8
DEFAULT,25773,10,1,1,12
DEFAULT,1078,6,2,1,9
,,,,
,,,,
DEFAULT,8174,10,2,2,14
DEFAULT,17735,10,0,2,12
DEFAULT,965,4,0,2,6
DEFAULT,2245,11,0,4,15
,,,,
,,,,
DEFAULT,9851,15,1,3,19
DEFAULT,810,6,1,1,8
DEFAULT,6440,12,1,3,16
DEFAULT,1156,5,0,0,5
DEFAULT,1244,10,1,3,14
DEFAULT,881,7,1,1,9
DEFAULT,181,10,1,1,12
DEFAULT,8456,13,2,2,17
DEFAULT,16986,9,1,2,12
DEFAULT,20318,11,1,3,15
DEFAULT,634,10,1,2,13
DEFAULT,5840,13,0,3,16
DEFAULT,15006,12,1,2,15
DEFAULT,17739,13,1,2,16
DEFAULT,1563,13,1,1,15
DEFAULT,16658,9,1,4,14
,,,,
DEFAULT,1032,10,1,2,13
DEFAULT,20331,13,0,2,15
DEFAULT,1032,6,1,0,7
,,,,
,,,,
,,,,
DEFAULT,479,7,1,0,8
DEFAULT,1114,6,0,1,7
DEFAULT,15730,13,2,2,17
DEFAULT,364,6,1,1,8
DEFAULT,932,3,2,2,7
DEFAULT,9438,12,0,1,13
DEFAULT,1894,7,1,3,11
DEFAULT,22783,14,1,3,18
DEFAULT,8338,10,2,2,14
DEFAULT,678,3,0,3,6
DEFAULT,2329,9,2,1,12
DEFAULT,14313,14,0,3,17
DEFAULT,9204,11,0,2,13
DEFAULT,1612,4,2,4,10
DEFAULT,13513,14,1,3,18
DEFAULT,4831,13,1,4,18
DEFAULT,984,10,1,2,13
DEFAULT,4086,11,2,2,15
,,,,
DEFAULT,533,6,0,1,7
,,,,
DEFAULT,9467,13,1,2,16
DEFAULT,138,10,1,1,12
DEFAULT,580,10,1,2,13
DEFAULT,867,6,1,0,7
DEFAULT,22463,11,1,2,14
DEFAULT,34475,12,1,2,15
DEFAULT,15224,13,0,1,14
,,,,
DEFAULT,7913,10,1,2,13
,,,,
DEFAULT,17570,9,1,2,12
DEFAULT,11265,9,1,2,12
DEFAULT,1305,3,0,1,4
DEFAULT,11727,13,2,2,17
DEFAULT,28066,11,0,2,13
DEFAULT,1163,4,1,0,5
,,,,
DEFAULT,791,5,1,3,9
,,,,
DEFAULT,10817,13,0,1,14
DEFAULT,15144,14,2,2,18
DEFAULT,25071,10,1,1,12
DEFAULT,4942,12,0,2,14
DEFAULT,1286,10,1,3,14
DEFAULT,2798,13,1,2,16
DEFAULT,8433,8,0,4,12
DEFAULT,1146,8,1,3,12
DEFAULT,3175,10,2,3,15
DEFAULT,1140,4,0,1,5
DEFAULT,11190,11,1,2,14
,,,,
DEFAULT,1043,7,1,2,10
DEFAULT,29966,12,0,2,14
DEFAULT,850,6,0,1,7
DEFAULT,14851,11,0,1,12
DEFAULT,14384,13,1,2,16
DEFAULT,7984,12,0,1,13
DEFAULT,1168,3,1,3,7
DEFAULT,1049,7,1,4,12
DEFAULT,12016,15,1,0,16
DEFAULT,634,6,0,0,6
DEFAULT,1083,11,1,1,13
DEFAULT,1235,6,2,0,8
DEFAULT,14335,13,1,2,16
DEFAULT,1314,6,0,4,10
DEFAULT,4446,13,2,4,19
DEFAULT,11134,13,0,1,14
DEFAULT,8655,12,1,1,14
DEFAULT,1357,7,1,2,10
DEFAULT,695,6,0,1,7
DEFAULT,8927,13,1,3,17
,,,,
DEFAULT,2026,9,0,4,13
DEFAULT,9394,15,0,2,17
DEFAULT,6346,14,2,1,17
DEFAULT,1009,5,1,3,9
,,,,
,,,,
,,,,
DEFAULT,13314,11,1,1,13
DEFAULT,500,9,0,0,9
DEFAULT,525,7,2,2,11
,,,,
DEFAULT,511,9,1,3,13
,,,,
,,,,
DEFAULT,1195,10,1,4,15
DEFAULT,235,9,1,2,12
DEFAULT,40931,14,1,2,17
DEFAULT,645,6,0,1,7
,,,,
DEFAULT,21671,9,0,3,12
DEFAULT,28996,12,2,2,16
DEFAULT,17713,12,1,1,14
DEFAULT,2181,6,0,4,10
DEFAULT,6319,11,2,2,15
DEFAULT,23744,12,2,1,15
DEFAULT,12160,12,1,1,14
DEFAULT,1201,2,2,0,4
DEFAULT,695,8,1,2,11
DEFAULT,189,5,1,1,7
DEFAULT,13450,14,2,1,17
DEFAULT,10192,14,1,1,16
DEFAULT,262,10,0,1,11
DEFAULT,696,10,0,1,11
DEFAULT,1785,8,1,4,13
,,,,
DEFAULT,416,4,0,2,6
DEFAULT,78064,13,2,2,17
DEFAULT,21598,13,1,2,16
DEFAULT,334,11,1,3,15
DEFAULT,534,7,1,4,12
DEFAULT,16674,14,1,3,18
DEFAULT,4475,10,1,2,13
DEFAULT,2256,5,0,3,8
DEFAULT,1070,9,0,0,9
DEFAULT,6347,12,1,2,15
,,,,
DEFAULT,9102,12,0,1,13
DEFAULT,67805,13,1,1,15
,,,,
DEFAULT,1420,5,1,0,6
DEFAULT,644,7,0,1,8
,,,,
DEFAULT,73678,13,1,2,16
DEFAULT,4083,8,1,3,12
DEFAULT,13070,16,1,2,19
DEFAULT,12719,12,0,2,14
DEFAULT,11642,14,1,1,16
DEFAULT,35512,10,1,2,13
DEFAULT,87,7,0,1,8
DEFAULT,13453,11,0,3,14
DEFAULT,8969,10,1,2,13
DEFAULT,2879,9,1,4,14
DEFAULT,364,10,1,0,11
DEFAULT,643,7,1,1,9
DEFAULT,12451,12,2,2,16
DEFAULT,11102,13,1,2,16
DEFAULT,41334,14,1,2,17
DEFAULT,1118,5,0,0,5
DEFAULT,936,6,1,0,7
DEFAULT,7775,13,1,2,16
DEFAULT,1691,7,2,4,13
DEFAULT,6690,16,0,3,19
DEFAULT,10608,11,1,1,13
,,,,
DEFAULT,12355,11,0,2,13
,,,,
DEFAULT,2847,15,2,2,19
,,,,
DEFAULT,22175,13,0,2,15
DEFAULT,11345,12,0,3,15
DEFAULT,31057,12,0,1,13
DEFAULT,11755,12,1,1,14
,,,,
DEFAULT,996,5,0,0,5
,,,,
DEFAULT,5240,12,1,4,17
DEFAULT,2225,8,0,4,12
DEFAULT,11480,13,0,3,16
DEFAULT,274,6,0,0,6
DEFAULT,8719,11,1,2,14
DEFAULT,14401,9,1,3,13
DEFAULT,6077,9,2,4,15
DEFAULT,103,8,2,1,11
,,,,
DEFAULT,9046,14,0,2,16
DEFAULT,1186,11,1,2,14
DEFAULT,477,7,1,4,12
DEFAULT,38282,13,2,1,16
DEFAULT,17425,11,1,3,15
DEFAULT,92935,11,2,2,15
DEFAULT,121,5,0,3,8
DEFAULT,5919,13,1,3,17
DEFAULT,7078,13,1,1,15
DEFAULT,700,11,1,0,12
DEFAULT,6528,13,0,3,16
DEFAULT,5926,14,2,4,20
DEFAULT,24246,10,1,2,13
,,,,
,,,,
,,,,
DEFAULT,759,8,1,3,12
DEFAULT,10350,15,2,2,19
DEFAULT,24718,10,0,1,11
DEFAULT,9217,10,1,1,12
DEFAULT,2895,8,1,4,13
DEFAULT,481,7,0,2,9
DEFAULT,1196,6,2,2,10
,,,,
DEFAULT,27909,12,2,1,15
DEFAULT,9906,12,1,3,16
DEFAULT,32184,11,2,2,15
DEFAULT,11720,10,0,2,12
,,,,
DEFAULT,607,6,0,1,7
DEFAULT,26361,11,1,3,15
DEFAULT,284,5,0,2,7
DEFAULT,16828,15,1,1,17
DEFAULT,715,4,1,3,8
DEFAULT,18528,12,2,1,15
DEFAULT,1085,5,0,2,7
DEFAULT,9962,14,2,2,18
DEFAULT,1252,10,0,1,11
DEFAULT,8784,11,1,3,15
DEFAULT,20378,13,1,1,15
DEFAULT,432,4,2,1,7
DEFAULT,17587,12,1,2,15
DEFAULT,15261,11,1,1,13
DEFAULT,39388,12,0,3,15
,,,,
DEFAULT,906,8,1,1,10
DEFAULT,15089,10,1,3,14
DEFAULT,447,6,1,3,10
DEFAULT,1938,8,1,2,11
,,,,
DEFAULT,2494,9,2,3,14
DEFAULT,1221,4,0,4,8
DEFAULT,40923,11,2,1,14
DEFAULT,1742,10,1,3,14
DEFAULT,5352,9,1,3,13
,,,,
DEFAULT,3514,12,1,4,17
DEFAULT,16018,13,1,2,16
DEFAULT,1748,8,1,0,9
DEFAULT,41076,12,2,1,15
,,,,
DEFAULT,11302,14,1,1,16
DEFAULT,11689,14,2,2,18
DEFAULT,203,7,0,1,8
DEFAULT,8811,9,2,1,12
DEFAULT,29698,12,0,2,14
DEFAULT,3465,11,0,2,13
DEFAULT,19942,13,1,1,15
DEFAULT,462,5,2,2,9
DEFAULT,8007,15,1,4,20
,,,,
,,,,
DEFAULT,27099,13,2,0,15
DEFAULT,1745,10,1,1,12
DEFAULT,18355,13,0,2,15
DEFAULT,806,5,1,2,8
,,,,
DEFAULT,39111,12,1,3,16
DEFAULT,9780,11,1,1,13
,,,,
DEFAULT,669,3,1,2,6
DEFAULT,1166,6,0,0,6
DEFAULT,19433,12,0,3,15
DEFAULT,2458,11,0,1,12
DEFAULT,8172,13,2,1,16
DEFAULT,4992,10,0,4,14
DEFAULT,37530,12,2,0,14
DEFAULT,11621,14,1,1,16
DEFAULT,1829,13,1,4,18
,,,,
DEFAULT,1045,3,0,0,3
DEFAULT,16824,13,2,0,15
DEFAULT,257,9,1,2,12
DEFAULT,9795,9,1,3,13
DEFAULT,444,5,1,0,6
DEFAULT,34099,10,1,0,11
DEFAULT,9789,9,1,2,12
DEFAULT,1270,4,2,3,9
,,,,
DEFAULT,2322,12,2,1,15
DEFAULT,55448,11,0,1,12
,,,,
,,,,
DEFAULT,21937,11,1,2,14
DEFAULT,714,11,2,3,16
DEFAULT,3501,13,0,3,16
,,,,
DEFAULT,71524,12,1,2,15
DEFAULT,34264,15,1,2,18
DEFAULT,20277,12,1,2,15
DEFAULT,24293,14,2,1,17
DEFAULT,11376,14,0,3,17
DEFAULT,28720,11,1,2,14
DEFAULT,6936,12,2,2,16
DEFAULT,3236,14,1,2,17
,,,,
DEFAULT,40010,13,2,2,17
DEFAULT,1803,5,0,3,8
DEFAULT,5128,10,1,3,14
DEFAULT,12346,11,2,1,14
DEFAULT,1445,6,2,1,9
DEFAULT,8279,15,0,3,18
DEFAULT,42035,12,0,1,13
DEFAULT,3571,7,1,2,10
DEFAULT,2240,11,1,2,14
DEFAULT,2354,10,0,4,14
DEFAULT,1299,5,1,3,9
DEFAULT,763,9,0,2,11
DEFAULT,571,9,0,2,11
DEFAULT,21294,12,0,2,14
,,,,
,,,,
DEFAULT,22328,12,2,1,15
DEFAULT,14470,14,0,1,15
,,,,
DEFAULT,510,7,1,1,9
DEFAULT,15031,11,1,1,13
DEFAULT,662,10,1,2,13
DEFAULT,298,7,0,1,8
DEFAULT,713,5,2,0,7
DEFAULT,1028,9,0,2,11
DEFAULT,12690,12,1,3,16
DEFAULT,16413,13,2,2,17
DEFAULT,570,9,1,2,12
DEFAULT,22526,14,2,1,17
DEFAULT,865,7,0,2,9
DEFAULT,33769,13,0,4,17
DEFAULT,22392,11,1,2,14
DEFAULT,5318,12,1,2,15
DEFAULT,3063,10,1,4,15
DEFAULT,663,9,0,1,10
DEFAULT,377,7,1,2,10
DEFAULT,20698,14,2,2,18
DEFAULT,15093,9,2,2,13
DEFAULT,24106,13,1,1,15
DEFAULT,605,7,0,1,8
DEFAULT,32235,13,0,2,15
DEFAULT,10100,10,2,2,14
DEFAULT,13484,12,2,2,16
DEFAULT,18907,11,2,0,13
DEFAULT,9748,13,1,0,14
DEFAULT,14254,11,1,1,13
,,,,
DEFAULT,1300,7,1,3,11
,,,,
DEFAULT,731,13,1,4,18
DEFAULT,986,3,0,1,4
DEFAULT,49098,12,1,1,14
DEFAULT,17934,12,1,2,15
DEFAULT,1252,7,1,4,12
DEFAULT,46570,9,0,3,12
DEFAULT,10103,13,1,3,17
DEFAULT,26927,12,2,0,14
DEFAULT,856,4,0,2,6
DEFAULT,2850,11,2,3,16
DEFAULT,58402,13,2,0,15
DEFAULT,1168,4,0,0,4
,,,,
DEFAULT,971,9,1,1,11
DEFAULT,2115,10,1,3,14
DEFAULT,10636,15,0,2,17
DEFAULT,9740,13,1,3,17
,,,,
,,,,
DEFAULT,686,6,1,2,9
DEFAULT,676,4,0,1,5
DEFAULT,462,5,0,1,6
DEFAULT,722,9,0,2,11
DEFAULT,569,9,2,4,15
DEFAULT,9815,13,0,3,16
DEFAULT,4468,13,1,2,16
DEFAULT,17979,12,1,2,15
DEFAULT,28889,13,1,3,17
,,,,
DEFAULT,977,5,1,2,8
DEFAULT,3314,13,2,3,18
DEFAULT,9525,13,1,3,17
DEFAULT,28943,11,1,3,15
DEFAULT,23628,14,1,2,17
DEFAULT,1110,5,0,1,6
DEFAULT,14792,11,1,2,14
DEFAULT,1266,6,1,4,11
,,,,
DEFAULT,17954,11,1,2,14
DEFAULT,5458,14,1,2,17
DEFAULT,942,6,1,0,7
,,,,
DEFAULT,14121,13,1,2,16
DEFAULT,6533,12,2,4,18
DEFAULT,3287,9,1,2,12
DEFAULT,11071,16,2,1,19
DEFAULT,4305,12,1,2,15
DEFAULT,28165,12,0,2,14
,,,,
DEFAULT,2443,8,2,4,14
DEFAULT,531,10,1,1,12
DEFAULT,6356,10,0,2,12
DEFAULT,14827,11,1,2,14
DEFAULT,505,7,0,1,8
DEFAULT,11154,11,1,2,14
,,,,
DEFAULT,1522,1,1,1,3
,,,,
DEFAULT,4940,11,2,3,16
DEFAULT,66735,13,1,2,16
DEFAULT,89,8,1,1,10
,,,,
DEFAULT,9190,13,1,1,15
DEFAULT,567,4,0,2,6
,,,,
DEFAULT,1158,3,1,0,4
DEFAULT,18834,15,0,3,18
DEFAULT,1122,4,0,2,6
DEFAULT,28780,11,0,2,13
DEFAULT,158,9,1,1,11
DEFAULT,6048,10,1,0,11
DEFAULT,26413,13,1,2,16
,,,,
DEFAULT,8592,14,1,3,18
DEFAULT,43863,12,1,3,16
DEFAULT,448,7,1,1,9
,,,,
DEFAULT,7875,11,1,3,15
,,,,
DEFAULT,1610,3,0,1,4
DEFAULT,42899,9,1,2,12
DEFAULT,13556,14,0,1,15
DEFAULT,958,5,0,1,6
DEFAULT,336,4,2,3,9
,,,,
DEFAULT,1825,9,0,3,12
DEFAULT,9198,12,1,0,13
DEFAULT,526,10,1,1,12
DEFAULT,31227,13,0,2,15
,,,,
DEFAULT,3668,11,0,4,15
DEFAULT,1800,8,2,3,13
DEFAULT,503,11,1,3,15
DEFAULT,43114,12,0,2,14
,,,,
DEFAULT,1312,9,1,4,14
DEFAULT,5164,11,2,3,16
DEFAULT,1545,9,1,4,14
,,,,
DEFAULT,1591,9,1,4,14
DEFAULT,7909,13,2,3,18
DEFAULT,14931,13,1,2,16
DEFAULT,827,7,0,2,9
DEFAULT,12117,10,0,1,11
DEFAULT,8790,12,1,3,16
,,,,
DEFAULT,4866,11,1,2,14
DEFAULT,474,9,1,1,11
DEFAULT,304,8,0,2,10
DEFAULT,4275,13,2,4,19
,,,,
DEFAULT,3950,12,1,1,14
DEFAULT,9567,12,0,2,14
DEFAULT,21074,12,1,2,15
DEFAULT,17184,13,0,1,14
DEFAULT,4131,8,2,4,14
DEFAULT,1113,8,1,2,11
DEFAULT,8533,11,1,2,14
,,,,
DEFAULT,13507,13,0,0,13
DEFAULT,16415,11,0,1,12
DEFAULT,12023,12,1,2,15
,,,,
DEFAULT,670,7,0,0,7
DEFAULT,9276,12,2,3,17
DEFAULT,49551,11,1,1,13
DEFAULT,153,7,1,2,10
DEFAULT,16520,12,2,1,15
DEFAULT,12231,10,1,1,12
DEFAULT,613,9,1,0,10
,,,,
DEFAULT,14100,10,2,1,13
DEFAULT,292,6,1,1,8
DEFAULT,1421,12,1,4,17
DEFAULT,15971,11,1,1,13
DEFAULT,668,4,0,2,6
DEFAULT,7035,14,2,2,18
DEFAULT,1275,1,1,1,3
DEFAULT,16245,15,1,1,17
DEFAULT,34595,11,0,2,13
DEFAULT,22675,13,1,2,16
DEFAULT,26439,9,1,3,13
DEFAULT,1626,9,2,3,14
DEFAULT,6381,12,1,2,15
DEFAULT,1204,6,2,1,9
DEFAULT,5557,13,2,2,17
DEFAULT,483,9,1,1,11
DEFAULT,3652,12,2,3,17
DEFAULT,1298,10,2,2,14
DEFAULT,2712,12,1,2,15
DEFAULT,855,6,0,0,6
DEFAULT,8538,14,1,1,16
,,,,
DEFAULT,893,6,1,3,10
DEFAULT,9580,10,2,1,13
DEFAULT,1444,9,0,4,13
DEFAULT,21406,14,1,4,19
DEFAULT,15770,10,2,3,15
DEFAULT,812,7,1,2,10
DEFAULT,1164,4,1,1,6
DEFAULT,8809,8,1,3,12
DEFAULT,2156,13,1,2,16
DEFAULT,15823,13,1,1,15
DEFAULT,24538,14,0,1,15
DEFAULT,848,8,0,0,8
DEFAULT,549,6,1,1,8
DEFAULT,19282,13,0,3,16
DEFAULT,12614,12,1,3,16
DEFAULT,1057,7,1,1,9
DEFAULT,1162,6,1,0,7
,,,,
DEFAULT,3987,11,0,2,13
DEFAULT,13891,15,1,2,18
DEFAULT,22170,9,0,3,12
DEFAULT,6494,15,2,2,19
DEFAULT,2330,9,1,2,12
DEFAULT,37484,11,1,2,14
DEFAULT,1266,13,2,0,15
DEFAULT,1247,2,1,1,4
DEFAULT,534,5,2,1,8
DEFAULT,8782,10,0,2,12
DEFAULT,1481,10,1,2,13
,,,,
DEFAULT,15296,12,1,2,15
DEFAULT,57065,10,0,2,12
DEFAULT,7134,11,1,3,15
DEFAULT,6181,12,2,3,17
DEFAULT,548,8,0,0,8
DEFAULT,958,5,0,1,6
DEFAULT,1129,8,2,3,13
DEFAULT,10063,12,1,3,16
DEFAULT,26937,12,1,2,15
DEFAULT,14372,11,0,3,14
DEFAULT,4674,14,1,2,17
DEFAULT,1462,2,0,3,5
,,,,
DEFAULT,13684,14,2,1,17
DEFAULT,28656,11,2,2,15
DEFAULT,765,10,1,3,14
DEFAULT,851,9,0,0,9
DEFAULT,769,4,0,1,5
DEFAULT,23708,10,0,2,12
DEFAULT,207,6,0,2,8
DEFAULT,562,8,0,0,8
,,,,
DEFAULT,2499,10,1,3,14
DEFAULT,1347,6,1,3,10
DEFAULT,9643,12,1,2,15
DEFAULT,16774,12,2,3,17
DEFAULT,3187,12,0,3,15
DEFAULT,2060,6,2,3,11
DEFAULT,24323,11,2,2,15
DEFAULT,15225,13,1,2,16
DEFAULT,19648,11,1,3,15
DEFAULT,21967,11,2,2,15
DEFAULT,314,4,1,3,8
DEFAULT,2178,11,1,1,13
DEFAULT,13138,11,1,4,16
DEFAULT,913,6,2,3,11
DEFAULT,35378,13,1,1,15
,,,,
DEFAULT,31498,11,1,2,14
DEFAULT,35718,15,1,3,19
DEFAULT,731,4,0,1,5
DEFAULT,903,6,0,1,7
DEFAULT,16564,11,1,4,16
DEFAULT,17689,10,2,3,15
,,,,
DEFAULT,1609,4,2,3,9
DEFAULT,8382,12,2,1,15
DEFAULT,2551,11,1,2,14
DEFAULT,16293,13,0,0,13
DEFAULT,768,8,0,2,10
,,,,
DEFAULT,17942,16,1,3,20
DEFAULT,6769,11,1,0,12
DEFAULT,508,12,1,4,17
,,,,
DEFAULT,853,6,1,2,9
DEFAULT,3902,9,0,4,13
,,,,
DEFAULT,454,8,1,2,11
DEFAULT,1077,6,1,2,9
DEFAULT,10181,14,0,3,17
DEFAULT,49368,10,1,3,14
DEFAULT,1177,6,1,4,11
DEFAULT,938,4,0,0,4
DEFAULT,1350,5,0,0,5
DEFAULT,616,5,0,2,7
DEFAULT,8270,13,1,3,17
DEFAULT,17253,11,0,3,14
DEFAULT,496,9,1,1,11
,,,,
DEFAULT,830,7,1,1,9
DEFAULT,622,5,1,1,7
DEFAULT,1096,3,1,2,6
DEFAULT,15595,13,1,2,16
DEFAULT,24843,10,2,1,13
DEFAULT,2006,4,2,1,7
DEFAULT,12878,10,1,3,14
,,,,
DEFAULT,16916,12,0,2,14
,,,,
DEFAULT,21533,10,1,3,14
DEFAULT,558,4,2,2,8
DEFAULT,3032,11,1,1,13
DEFAULT,7115,11,0,2,13
DEFAULT,11396,9,2,3,14
DEFAULT,891,10,1,0,11
DEFAULT,834,4,1,1,6
DEFAULT,52079,13,1,3,17
DEFAULT,98,7,1,2,10
DEFAULT,23584,12,2,4,18
DEFAULT,969,8,0,4,12
DEFAULT,21353,11,2,2,15
DEFAULT,6301,11,1,2,14
DEFAULT,1466,9,0,3,12
,,,,
DEFAULT,7594,10,2,4,16
DEFAULT,1219,7,1,4,12
DEFAULT,4409,12,1,2,15
DEFAULT,1025,4,1,1,6
DEFAULT,591,9,0,1,10
DEFAULT,34584,12,0,1,13
DEFAULT,2126,11,1,3,15
DEFAULT,709,7,0,3,10
DEFAULT,4288,11,1,2,14
DEFAULT,19570,13,0,1,14
DEFAULT,289,5,0,3,8
DEFAULT,1334,10,1,4,15
DEFAULT,501,7,0,3,10
DEFAULT,4670,9,1,1,11
DEFAULT,19838,12,2,3,17
DEFAULT,6195,11,2,3,16
DEFAULT,1111,9,1,1,11
DEFAULT,17576,11,1,2,14
DEFAULT,807,6,1,4,11
DEFAULT,470,4,1,2,7
DEFAULT,1145,4,2,0,6
DEFAULT,808,5,0,2,7
DEFAULT,9535,12,1,1,14
DEFAULT,282,6,1,1,8
DEFAULT,251,12,1,2,15
DEFAULT,55465,11,1,1,13
DEFAULT,586,8,1,2,11
DEFAULT,4903,11,2,3,16
DEFAULT,446,7,0,3,10
DEFAULT,3053,13,0,4,17
DEFAULT,1139,5,1,3,9
DEFAULT,419,8,0,0,8
DEFAULT,93564,11,1,3,15
DEFAULT,1287,10,1,3,14
DEFAULT,16559,12,0,2,14
DEFAULT,9414,10,2,3,15
DEFAULT,24455,8,1,3,12
DEFAULT,11923,11,2,2,15
DEFAULT,4547,13,0,3,16
DEFAULT,55205,13,1,1,15
,,,,
,,,,
DEFAULT,881,2,1,3,6
DEFAULT,12064,12,1,3,16
DEFAULT,13942,13,1,1,15
DEFAULT,4115,9,1,4,14
DEFAULT,9384,13,1,4,18
DEFAULT,627,5,0,2,7
DEFAULT,1667,3,0,1,4
DEFAULT,879,7,0,3,10
DEFAULT,5383,13,1,2,16
DEFAULT,4733,13,2,4,19
DEFAULT,10577,8,1,3,12
DEFAULT,64982,12,0,3,15
DEFAULT,9252,12,1,3,16
DEFAULT,7022,11,2,3,16
DEFAULT,7790,10,1,3,14
,,,,
DEFAULT,5177,16,2,2,20
DEFAULT,1128,6,1,3,10
DEFAULT,10673,12,1,1,14
DEFAULT,438,9,1,1,11
DEFAULT,12439,14,1,1,16
DEFAULT,13919,14,2,1,17
DEFAULT,321,8,2,2,12
DEFAULT,10362,14,1,3,18
,,,,
DEFAULT,12973,12,1,1,14
DEFAULT,10213,12,1,1,14
DEFAULT,9256,14,1,1,16
,,,,
DEFAULT,25479,12,1,2,15
DEFAULT,21549,12,2,1,15
,,,,
DEFAULT,24692,13,0,2,15
DEFAULT,18662,9,0,2,11
DEFAULT,17415,13,2,1,16
DEFAULT,836,7,1,4,12
,,,,
DEFAULT,25588,12,2,2,16
DEFAULT,6038,11,1,3,15
DEFAULT,13349,13,1,2,16
,,,,
DEFAULT,1715,10,1,1,12
DEFAULT,1934,9,2,4,15
DEFAULT,1645,5,0,2,7
DEFAULT,5272,12,2,4,18
DEFAULT,1130,10,1,4,15
DEFAULT,1528,2,0,0,2
,,,,
DEFAULT,806,5,1,4,10
DEFAULT,611,3,1,1,5
DEFAULT,641,7,1,0,8
DEFAULT,60,8,1,0,9
DEFAULT,35563,13,1,1,15
DEFAULT,7003,10,1,2,13
DEFAULT,325,13,1,1,15
DEFAULT,14483,13,1,2,16
DEFAULT,983,10,0,0,10
DEFAULT,178,5,1,1,7
DEFAULT,138,7,0,3,10
DEFAULT,1742,7,0,2,9
DEFAULT,1432,6,1,2,9
DEFAULT,567,11,0,2,13
DEFAULT,754,8,1,0,9
DEFAULT,344,5,0,4,9
,,,,
,,,,
DEFAULT,1396,8,1,3,12
DEFAULT,1193,5,0,3,8
DEFAULT,24161,11,0,2,13
DEFAULT,170,7,0,0,7
DEFAULT,1772,10,0,3,13
,,,,
DEFAULT,47149,9,1,2,12
DEFAULT,1111,9,1,1,11
DEFAULT,25946,11,1,1,13
DEFAULT,3249,15,1,4,20
,,,,
DEFAULT,12022,12,2,3,17
DEFAULT,1342,8,2,1,11
DEFAULT,417,12,0,2,14
DEFAULT,1096,5,0,1,6
DEFAULT,13716,11,2,1,14
,,,,
DEFAULT,4666,13,1,3,17
DEFAULT,13443,11,2,1,14
DEFAULT,11744,15,2,1,18
DEFAULT,29073,14,0,1,15
DEFAULT,5757,10,1,1,12
DEFAULT,18881,12,0,3,15
DEFAULT,25176,10,1,1,12
DEFAULT,30553,13,0,2,15
DEFAULT,23811,14,0,1,15
DEFAULT,1561,6,1,1,8
DEFAULT,18022,13,2,1,16
DEFAULT,2128,12,1,1,14
DEFAULT,1159,7,0,0,7
DEFAULT,1126,8,2,1,11
DEFAULT,13110,15,1,3,19
DEFAULT,40602,12,0,2,14
DEFAULT,1036,8,2,2,12
DEFAULT,4999,12,1,4,17
DEFAULT,7056,15,1,2,18
,,,,
DEFAULT,1242,8,2,3,13
DEFAULT,17813,12,2,2,16
DEFAULT,6554,14,1,3,18
DEFAULT,16066,11,2,2,15
DEFAULT,703,11,0,3,14
DEFAULT,9645,12,2,1,15
DEFAULT,638,9,0,3,12
,,,,
DEFAULT,665,8,0,2,10
DEFAULT,19120,10,0,3,13
DEFAULT,19975,14,0,2,16
,,,,
DEFAULT,3797,12,1,3,16
DEFAULT,752,7,2,3,12
DEFAULT,18804,13,2,2,17
DEFAULT,1276,5,0,4,9
DEFAULT,180,9,1,1,11
,,,,
DEFAULT,3224,13,1,2,16
DEFAULT,378,7,0,3,10
DEFAULT,484,7,2,1,10
DEFAULT,1108,9,1,2,12
,,,,
DEFAULT,711,4,1,3,8
DEFAULT,24904,11,2,4,17
DEFAULT,1261,4,0,1,5
DEFAULT,12475,15,0,3,18
DEFAULT,8500,11,1,2,14
DEFAULT,832,10,2,3,15
DEFAULT,36993,13,0,2,15
DEFAULT,9341,10,1,2,13
DEFAULT,956,13,0,3,16
DEFAULT,47773,14,2,2,18
DEFAULT,2137,11,2,1,14
DEFAULT,9333,12,1,3,16
DEFAULT,4975,12,2,3,17
,,,,
DEFAULT,34552,10,0,1,11
DEFAULT,18425,14,1,2,17
DEFAULT,1375,4,1,0,5
DEFAULT,45588,13,1,1,15
DEFAULT,27697,14,2,2,18
,,,,
DEFAULT,1264,6,1,2,9
DEFAULT,25147,15,2,1,18
DEFAULT,5556,8,1,4,13
DEFAULT,5389,14,0,2,16
,,,,
,,,,
DEFAULT,1678,7,1,4,12
DEFAULT,21563,12,2,2,16
DEFAULT,982,10,1,3,14
DEFAULT,36394,14,2,2,18
DEFAULT,18980,11,2,0,13
,,,,
DEFAULT,486,7,0,1,8
DEFAULT,3780,11,2,2,15
DEFAULT,2204,9,1,2,12
,,,,
DEFAULT,10836,13,1,1,15
DEFAULT,7289,15,0,2,17
DEFAULT,849,9,1,2,12
,,,,
DEFAULT,927,9,2,2,13
DEFAULT,89291,12,0,2,14
DEFAULT,33440,9,1,3,13
DEFAULT,8456,11,2,3,16
DEFAULT,8876,13,2,4,19
DEFAULT,687,9,0,2,11
DEFAULT,1017,9,0,2,11
,,,,
DEFAULT,2020,8,2,4,14
,,,,
,,,,
DEFAULT,14677,12,2,3,17
DEFAULT,7551,14,0,2,16
DEFAULT,1103,6,0,4,10
,,,,
DEFAULT,29620,14,1,1,16
,,,,
DEFAULT,681,6,0,0,6
DEFAULT,1802,8,1,4,13
DEFAULT,794,4,0,2,6
DEFAULT,1683,10,2,4,16
DEFAULT,650,6,0,2,8
DEFAULT,1195,3,0,1,4
DEFAULT,18096,16,1,2,19
DEFAULT,4998,10,2,2,14
DEFAULT,17905,13,1,1,15
,,,,
DEFAULT,56108,11,0,1,12
DEFAULT,1192,6,0,0,6
DEFAULT,792,10,1,1,12
DEFAULT,763,5,0,0,5
,,,,
DEFAULT,483,10,1,3,14
DEFAULT,25353,10,1,2,13
DEFAULT,10513,11,1,2,14
DEFAULT,3986,14,2,3,19
DEFAULT,15855,13,1,0,14
DEFAULT,13149,10,2,2,14
DEFAULT,502,6,1,3,10
DEFAULT,6630,12,1,1,14
DEFAULT,1687,2,1,3,6
,,,,
DEFAULT,3690,12,1,3,16
DEFAULT,1052,9,0,1,10
DEFAULT,1252,3,1,1,5
DEFAULT,10572,14,2,2,18
,,,,
DEFAULT,14222,11,1,3,15
DEFAULT,21475,12,1,1,14
,,,,
DEFAULT,9794,18,0,2,20
DEFAULT,10989,12,1,2,15
DEFAULT,14239,12,2,2,16
DEFAULT,6639,9,1,4,14
DEFAULT,42020,13,2,1,16
DEFAULT,709,5,0,1,6
DEFAULT,1122,7,2,1,10
DEFAULT,807,10,2,3,15
,,,,
DEFAULT,719,6,1,1,8
,,,,
DEFAULT,1280,1,1,0,2
DEFAULT,9100,11,0,2,13
DEFAULT,36065,10,1,2,13
DEFAULT,3291,12,2,3,17
DEFAULT,32242,9,0,1,10
DEFAULT,758,7,1,2,10
,,,,
DEFAULT,2623,12,0,1,13
DEFAULT,2818,11,0,4,15
DEFAULT,483,6,1,2,9
DEFAULT,634,8,0,1,9
DEFAULT,315,6,1,1,8
DEFAULT,677,8,2,4,14
DEFAULT,752,5,0,3,8
DEFAULT,784,6,0,3,9
DEFAULT,39112,13,1,3,17
DEFAULT,753,5,2,3,10
DEFAULT,16720,13,1,1,15
DEFAULT,1285,8,1,4,13
DEFAULT,895,1,1,3,5
DEFAULT,34495,14,1,1,16
DEFAULT,13626,10,1,2,13
DEFAULT,10165,12,1,2,15
DEFAULT,22334,15,1,1,17
DEFAULT,1704,8,2,4,14
DEFAULT,9953,11,2,2,15
DEFAULT,702,4,1,2,7
DEFAULT,2003,11,0,3,14
DEFAULT,20546,15,0,1,16
DEFAULT,8028,12,1,1,14
DEFAULT,7959,8,1,2,11
,,,,
DEFAULT,16047,12,2,2,16
,,,,
DEFAULT,12835,11,1,2,14
DEFAULT,18938,13,1,3,17
DEFAULT,10270,12,1,1,14
DEFAULT,1260,4,0,0,4
DEFAULT,452,9,2,2,13
,,,,
DEFAULT,12742,10,1,2,13
DEFAULT,1053,8,1,4,13
DEFAULT,621,12,1,2,15
DEFAULT,18707,11,1,2,14
DEFAULT,6750,14,1,1,16
DEFAULT,56151,12,0,3,15
DEFAULT,435,7,0,4,11
DEFAULT,1111,1,1,2,4
DEFAULT,718,8,0,4,12
DEFAULT,1188,11,0,2,13
DEFAULT,473,7,1,3,11
,,,,
DEFAULT,7914,12,2,3,17
DEFAULT,1005,7,2,2,11
DEFAULT,647,6,0,1,7
DEFAULT,995,5,1,1,7
DEFAULT,28428,11,2,3,16
DEFAULT,42642,10,0,1,11
DEFAULT,40369,12,1,0,13
DEFAULT,910,10,0,3,13
DEFAULT,1589,8,1,1,10
,,,,
DEFAULT,693,8,0,3,11
DEFAULT,1018,4,0,1,5
DEFAULT,8596,8,2,2,12
DEFAULT,41266,12,1,2,15
DEFAULT,1477,4,1,1,6
DEFAULT,756,8,1,3,12
DEFAULT,21561,12,2,2,16
DEFAULT,3589,12,1,1,14
DEFAULT,954,4,0,0,4
DEFAULT,16145,11,1,2,14
DEFAULT,14812,11,1,1,13
DEFAULT,34494,14,1,3,18
DEFAULT,91175,11,2,1,14
DEFAULT,12759,13,1,2,16
DEFAULT,594,7,0,2,9
DEFAULT,9238,13,0,3,16
DEFAULT,10749,11,1,1,13
,,,,
DEFAULT,24525,10,1,2,13
DEFAULT,8777,13,0,3,16
DEFAULT,817,10,2,3,15
DEFAULT,37287,14,1,2,17
DEFAULT,968,3,2,1,6
DEFAULT,532,5,1,2,8
DEFAULT,25811,10,0,2,12
DEFAULT,12805,14,1,3,18
,,,,
DEFAULT,754,8,2,2,12
DEFAULT,9916,14,1,2,17
DEFAULT,6626,13,1,3,17
,,,,
DEFAULT,22334,14,1,3,18
DEFAULT,810,6,1,1,8
DEFAULT,12196,11,2,2,15
DEFAULT,5156,14,1,3,18
DEFAULT,27961,13,1,1,15
DEFAULT,2400,12,1,4,17
DEFAULT,65323,12,1,1,14
DEFAULT,12358,15,1,2,18
DEFAULT,928,5,1,3,9
DEFAULT,398,6,0,0,6
DEFAULT,7777,11,0,2,13
DEFAULT,13127,11,2,1,14
DEFAULT,23269,12,2,3,17
DEFAULT,50804,10,2,1,13
DEFAULT,6363,13,2,2,17
DEFAULT,29047,12,0,4,16
DEFAULT,650,9,1,0,10
DEFAULT,12736,12,0,2,14
DEFAULT,1078,3,0,1,4
DEFAULT,33117,13,1,1,15
DEFAULT,447,7,2,1,10
DEFAULT,15477,11,1,2,14
DEFAULT,9945,15,2,2,19
,,,,
DEFAULT,589,2,0,2,4
,,,,
DEFAULT,51126,12,1,1,14
DEFAULT,5527,11,1,1,13
,,,,
DEFAULT,735,9,0,0,9
DEFAULT,22708,13,1,3,17
DEFAULT,2333,9,1,3,13
DEFAULT,53086,14,0,3,17
,,,,
DEFAULT,15944,14,2,2,18
DEFAULT,95309,11,1,3,15
,,,,
DEFAULT,9433,13,2,2,17
DEFAULT,21870,12,1,1,14
DEFAULT,13771,12,0,1,13
DEFAULT,42319,13,1,1,15
DEFAULT,10735,12,0,3,15
DEFAULT,853,7,1,2,10
DEFAULT,1055,7,1,4,12
DEFAULT,7093,14,0,2,16
,,,,
DEFAULT,1358,5,2,3,10
DEFAULT,155,7,1,1,9
DEFAULT,1382,10,2,3,15
DEFAULT,476,10,2,1,13
DEFAULT,1055,7,2,2,11
DEFAULT,9967,14,0,1,15
,,,,
DEFAULT,23233,11,1,2,14
,,,,
DEFAULT,12198,12,0,2,14
,,,,
,,,,
DEFAULT,3304,9,1,3,13
DEFAULT,73,8,1,1,10
DEFAULT,16855,13,0,4,17
DEFAULT,4052,10,2,3,15
DEFAULT,9634,15,1,2,18
DEFAULT,31849,12,1,2,15
DEFAULT,2892,10,2,4,16
,,,,
,,,,
DEFAULT,8756,11,2,4,17
DEFAULT,7723,13,0,4,17
DEFAULT,18657,12,0,2,14
DEFAULT,1153,8,1,2,11
DEFAULT,35112,9,1,2,12
DEFAULT,20104,12,1,2,15
DEFAULT,6606,14,1,2,17
DEFAULT,1043,2,1,1,4
DEFAULT,11353,12,1,2,15
,,,,
DEFAULT,8236,15,1,4,20
DEFAULT,545,6,1,3,10
DEFAULT,24766,12,1,3,16
,,,,
,,,,
DEFAULT,21630,9,2,2,13
DEFAULT,317,11,1,1,13
DEFAULT,14158,14,1,3,18
DEFAULT,8046,11,2,0,13
,,,,
DEFAULT,886,5,0,1,6
DEFAULT,14980,14,0,3,17
,,,,
DEFAULT,716,7,1,3,11
DEFAULT,13860,11,1,2,14
DEFAULT,4213,9,0,3,12
DEFAULT,12008,14,0,2,16
,,,,
DEFAULT,23663,12,0,1,13
DEFAULT,469,4,1,1,6
DEFAULT,1250,2,1,0,3
DEFAULT,25307,13,1,2,16
DEFAULT,20632,10,2,2,14
DEFAULT,12949,11,1,4,16
DEFAULT,1153,4,1,2,7
DEFAULT,25633,12,2,3,17
DEFAULT,24997,13,2,2,17
DEFAULT,2169,12,1,3,16
DEFAULT,6842,13,1,2,16
DEFAULT,14676,12,1,2,15
DEFAULT,7493,13,1,2,16
DEFAULT,8937,11,2,4,17
DEFAULT,792,7,0,1,8
DEFAULT,24807,10,1,2,13
DEFAULT,976,8,1,1,10
,,,,
DEFAULT,831,3,1,2,6
DEFAULT,671,6,1,1,8
DEFAULT,544,6,0,1,7
DEFAULT,48913,13,1,1,15
,,,,
DEFAULT,518,4,1,0,5
DEFAULT,12518,10,1,3,14
DEFAULT,1168,2,0,2,4
DEFAULT,671,6,0,2,8
,,,,
DEFAULT,980,7,1,2,10
,,,,
DEFAULT,719,11,0,3,14
,,,,
DEFAULT,11069,14,0,2,16
DEFAULT,22578,11,2,1,14
DEFAULT,2032,11,2,3,16
DEFAULT,1513,7,2,3,12
DEFAULT,4368,16,2,0,18
DEFAULT,765,9,0,2,11
DEFAULT,1348,9,1,3,13
DEFAULT,29908,11,1,2,14
DEFAULT,1509,9,1,4,14
,,,,
DEFAULT,2708,13,1,3,17
DEFAULT,6263,11,2,3,16
DEFAULT,2997,10,1,2,13
,,,,
DEFAULT,24800,13,2,3,18
DEFAULT,10937,12,0,4,16
DEFAULT,2892,11,0,4,15
DEFAULT,1429,5,2,0,7
DEFAULT,1264,9,0,4,13
DEFAULT,801,5,2,2,9
,,,,
DEFAULT,6507,8,1,2,11
DEFAULT,7250,11,1,3,15
DEFAULT,1267,10,2,3,15
DEFAULT,987,9,0,3,12
DEFAULT,35204,14,0,3,17
DEFAULT,436,6,1,2,9
DEFAULT,5975,12,0,3,15
DEFAULT,6102,12,1,3,16
DEFAULT,7833,10,1,3,14
DEFAULT,2815,10,0,3,13
DEFAULT,3692,12,1,2,15
DEFAULT,4354,12,1,2,15
DEFAULT,799,10,1,3,14
DEFAULT,476,6,0,2,8
DEFAULT,528,8,1,1,10
DEFAULT,4484,8,0,2,10
DEFAULT,10943,12,1,1,14
,,,,
DEFAULT,27110,13,2,2,17
DEFAULT,6165,10,0,2,12
DEFAULT,21186,13,1,2,16
DEFAULT,3727,10,1,3,14
DEFAULT,7913,13,2,2,17
,,,,
DEFAULT,9091,13,1,2,16
DEFAULT,11590,14,2,2,18
DEFAULT,7181,15,1,2,18
DEFAULT,9264,7,2,3,12
DEFAULT,15527,11,1,2,14
DEFAULT,15326,11,1,2,14
DEFAULT,94271,11,2,1,14
DEFAULT,16019,12,0,2,14
DEFAULT,163,8,1,1,10
,,,,
DEFAULT,1900,10,0,4,14
DEFAULT,14106,10,0,2,12
DEFAULT,1460,6,1,1,8
DEFAULT,28832,12,1,2,15
DEFAULT,3882,7,1,4,12
DEFAULT,1796,9,0,3,12
DEFAULT,32661,11,1,1,13
,,,,
,,,,
DEFAULT,5249,14,2,2,18
DEFAULT,9907,14,1,3,18
DEFAULT,40635,11,1,3,15
DEFAULT,15402,12,2,3,17
DEFAULT,1260,4,0,2,6
,,,,
DEFAULT,34337,12,1,1,14
DEFAULT,19112,15,0,2,17
,,,,
DEFAULT,16066,11,1,1,13
DEFAULT,424,4,1,2,7
DEFAULT,11082,10,2,2,14
DEFAULT,12984,14,0,2,16
DEFAULT,889,6,1,4,11
DEFAULT,18082,10,2,2,14
DEFAULT,533,8,1,2,11
DEFAULT,1009,5,0,1,6
DEFAULT,273,8,1,2,11
DEFAULT,28199,13,0,2,15
DEFAULT,20006,13,0,3,16
DEFAULT,31526,14,1,2,17
DEFAULT,663,3,1,1,5
DEFAULT,1250,6,2,3,11
,,,,
DEFAULT,858,3,1,3,7
DEFAULT,6929,12,1,3,16
DEFAULT,813,6,0,1,7
DEFAULT,22988,12,0,1,13
DEFAULT,4652,14,1,2,17
DEFAULT,742,6,0,2,8
DEFAULT,1148,5,1,2,8
DEFAULT,1404,6,1,2,9
DEFAULT,8145,11,1,3,15
DEFAULT,537,10,1,1,12
DEFAULT,16427,9,2,1,12
DEFAULT,7619,11,0,1,12
DEFAULT,6604,10,0,3,13
DEFAULT,36916,13,1,2,16
DEFAULT,727,8,0,2,10
DEFAULT,23385,14,0,2,16
,,,,
DEFAULT,31156,12,0,2,14
DEFAULT,6824,13,2,4,19
DEFAULT,14897,11,1,2,14
DEFAULT,1774,10,1,3,14
DEFAULT,1614,6,0,1,7
DEFAULT,17743,13,1,2,16
DEFAULT,9191,14,2,2,18
DEFAULT,4058,14,1,3,18
DEFAULT,5756,11,2,3,16
DEFAULT,2759,11,1,4,16
DEFAULT,10170,10,1,3,14
DEFAULT,1196,3,0,1,4
DEFAULT,1539,8,0,3,11
DEFAULT,3179,6,1,4,11
DEFAULT,70561,11,0,2,13
DEFAULT,7402,11,1,2,14
DEFAULT,40976,13,1,1,15
DEFAULT,5178,13,1,3,17
DEFAULT,921,8,0,2,10
,,,,
DEFAULT,789,1,0,1,2
DEFAULT,15561,10,1,3,14
DEFAULT,13228,14,2,3,19
DEFAULT,604,8,0,4,12
DEFAULT,4339,9,1,2,12
DEFAULT,1294,10,0,3,13
DEFAULT,722,10,0,1,11
DEFAULT,3175,14,1,1,16
DEFAULT,10396,10,1,1,12
DEFAULT,382,3,1,2,6
DEFAULT,11684,12,1,1,14
,,,,
DEFAULT,933,4,1,1,6
DEFAULT,30161,12,0,1,13
DEFAULT,38612,12,1,4,17
DEFAULT,6435,11,1,3,15
DEFAULT,1555,8,1,4,13
DEFAULT,8280,11,0,3,14
DEFAULT,865,6,1,4,11
DEFAULT,1710,8,2,0,10
DEFAULT,32600,10,1,1,12
,,,,
DEFAULT,181,7,0,1,8
,,,,
DEFAULT,781,9,0,4,13
DEFAULT,2408,10,1,2,13
DEFAULT,13401,14,2,2,18
DEFAULT,268,6,1,1,8
DEFAULT,12532,12,0,2,14
DEFAULT,11759,12,2,3,17
DEFAULT,58863,10,1,2,13
DEFAULT,26887,11,0,2,13
DEFAULT,23482,11,2,3,16
DEFAULT,38398,14,2,1,17
DEFAULT,13488,10,1,3,14
DEFAULT,32030,15,0,2,17
DEFAULT,2158,8,1,3,12
DEFAULT,1080,2,0,1,3
,,,,
DEFAULT,11810,10,1,2,13
DEFAULT,591,4,1,1,6
DEFAULT,5798,12,0,1,13
,,,,
DEFAULT,1676,4,1,2,7
DEFAULT,12860,16,1,1,18
,,,,
DEFAULT,19067,13,0,3,16
DEFAULT,368,7,0,2,9
,,,,
DEFAULT,759,5,0,3,8
DEFAULT,134,7,1,2,10
DEFAULT,1460,3,0,0,3
DEFAULT,2039,10,0,3,13
DEFAULT,860,7,0,1,8
DEFAULT,17250,14,0,2,16
DEFAULT,36656,12,0,2,14
DEFAULT,17564,15,0,2,17
DEFAULT,694,8,0,1,9
DEFAULT,400,10,0,1,11
DEFAULT,19096,14,2,2,18
DEFAULT,930,3,0,2,5
DEFAULT,9415,12,1,3,16
DEFAULT,1087,9,2,1,12
DEFAULT,157,7,2,1,10
DEFAULT,650,4,1,2,7
DEFAULT,742,4,1,1,6
,,,,
DEFAULT,332,7,1,1,9
DEFAULT,43183,13,1,2,16
DEFAULT,21847,12,0,2,14
DEFAULT,646,5,0,1,6
DEFAULT,960,6,0,1,7
DEFAULT,12956,15,1,2,18
DEFAULT,3841,8,0,4,12
DEFAULT,16264,11,2,2,15
DEFAULT,13913,12,0,3,15
DEFAULT,2328,11,0,2,13
DEFAULT,123,6,0,3,9
DEFAULT,1968,10,2,4,16
DEFAULT,3641,9,1,4,14
,,,,
DEFAULT,24089,10,1,2,13
DEFAULT,18675,12,1,3,16
DEFAULT,2823,10,0,3,13
,,,,
DEFAULT,1796,12,1,2,15
DEFAULT,8975,13,1,0,14
,,,,
DEFAULT,14251,11,1,1,13
DEFAULT,920,3,1,2,6
DEFAULT,18622,15,1,3,19
DEFAULT,4000,11,1,3,15
DEFAULT,14162,12,2,2,16
DEFAULT,40436,13,1,2,16
DEFAULT,2838,10,0,3,13
DEFAULT,488,7,1,0,8
DEFAULT,2393,10,1,2,13
DEFAULT,66343,12,0,2,14
DEFAULT,12447,14,2,2,18
DEFAULT,442,4,2,0,6
DEFAULT,9823,11,1,1,13
,,,,
DEFAULT,85546,14,1,2,17
DEFAULT,33267,13,1,1,15
DEFAULT,26646,11,1,2,14
DEFAULT,1004,8,0,3,11
DEFAULT,2289,8,2,3,13
,,,,
DEFAULT,766,8,1,3,12
DEFAULT,1305,8,2,3,13
DEFAULT,591,5,1,1,7
DEFAULT,19831,14,0,2,16
DEFAULT,3623,8,0,4,12
DEFAULT,12581,14,1,1,16
DEFAULT,22300,12,1,2,15
DEFAULT,2178,6,1,3,10
DEFAULT,513,6,1,1,8
DEFAULT,2640,11,0,2,13
,,,,
,,,,
DEFAULT,1512,1,1,2,4
DEFAULT,30707,13,0,1,14
DEFAULT,1880,11,1,1,13
,,,,
DEFAULT,2872,14,1,1,16
DEFAULT,51400,9,2,1,12
DEFAULT,4819,12,2,3,17
DEFAULT,36259,11,1,3,15
DEFAULT,562,7,0,3,10
DEFAULT,14445,11,1,3,15
DEFAULT,65149,11,2,3,16
DEFAULT,24979,12,2,3,17
DEFAULT,10907,14,1,2,17
DEFAULT,11201,13,1,3,17
DEFAULT,3005,11,0,3,14
DEFAULT,492,7,0,3,10
DEFAULT,7278,11,1,4,16
DEFAULT,984,6,1,0,7
DEFAULT,30366,13,2,1,16
DEFAULT,3202,9,0,4,13
,,,,
DEFAULT,20755,12,0,1,13
DEFAULT,7270,11,1,2,14
,,,,
DEFAULT,1115,6,0,3,9
,,,,
DEFAULT,609,7,2,1,10
DEFAULT,2166,7,0,4,11
DEFAULT,14341,13,1,4,18
DEFAULT,5671,13,1,3,17
DEFAULT,518,7,1,2,10
DEFAULT,5545,11,0,2,13
DEFAULT,1106,7,2,3,12
DEFAULT,6733,12,2,2,16
DEFAULT,43028,14,1,0,15
DEFAULT,7549,12,1,3,16
DEFAULT,20573,10,0,0,10
DEFAULT,788,5,1,2,8
DEFAULT,5522,12,0,3,15
DEFAULT,944,4,1,2,7
,,,,
,,,,
DEFAULT,1026,7,0,0,7
DEFAULT,647,9,0,3,12
DEFAULT,9834,13,1,2,16
,,,,
DEFAULT,21589,13,1,2,16
DEFAULT,20195,12,1,1,14
DEFAULT,7604,11,2,3,16
DEFAULT,1106,5,1,3,9
DEFAULT,1107,7,1,2,10
DEFAULT,15667,12,1,2,15
DEFAULT,894,12,1,3,16
DEFAULT,7052,14,1,4,19
DEFAULT,15237,12,1,1,14
DEFAULT,795,8,0,3,11
DEFAULT,26624,13,0,3,16
DEFAULT,21136,13,1,1,15
DEFAULT,1040,4,0,0,4
DEFAULT,897,5,0,1,6
DEFAULT,10701,14,1,3,18
,,,,
DEFAULT,1413,8,0,1,9
DEFAULT,789,3,2,2,7
,,,,
DEFAULT,3979,16,1,2,19
DEFAULT,639,7,0,1,8
,,,,
DEFAULT,684,8,0,1,9
DEFAULT,8937,11,0,1,12
DEFAULT,816,5,1,1,7
DEFAULT,31626,10,2,2,14
DEFAULT,5785,14,0,2,16
DEFAULT,71,5,1,2,8
DEFAULT,1012,4,1,0,5
DEFAULT,7351,7,2,3,12
DEFAULT,5265,13,0,4,17
DEFAULT,402,10,0,2,12
DEFAULT,12078,13,0,3,16
DEFAULT,897,8,1,2,11
DEFAULT,163,7,0,1,8
DEFAULT,720,8,2,0,10
DEFAULT,482,8,1,1,10
,,,,
DEFAULT,6694,12,1,2,15
DEFAULT,463,4,1,0,5
DEFAULT,220,11,0,3,14
DEFAULT,9849,12,2,2,16
DEFAULT,243,8,1,0,9
,,,,
DEFAULT,1733,9,2,4,15
DEFAULT,13732,11,2,1,14
DEFAULT,17871,15,1,2,18
DEFAULT,632,9,0,1,10
DEFAULT,9198,13,1,1,15
DEFAULT,4409,11,1,2,14
DEFAULT,2902,11,1,4,16
,,,,
DEFAULT,6046,11,2,3,16
DEFAULT,6584,12,2,3,17
DEFAULT,492,6,1,1,8
DEFAULT,1589,4,0,0,4
,,,,
DEFAULT,8523,13,0,2,15
DEFAULT,8398,11,1,1,13
DEFAULT,18535,13,1,1,15
DEFAULT,16176,15,0,1,16
DEFAULT,3005,10,1,3,14
DEFAULT,7208,9,1,3,13
DEFAULT,4998,11,2,2,15
DEFAULT,10751,12,1,2,15
DEFAULT,847,8,1,0,9
DEFAULT,717,8,1,0,9
DEFAULT,240,5,0,2,7
DEFAULT,9264,11,2,2,15
DEFAULT,17579,13,2,2,17
DEFAULT,269,8,0,1,9
DEFAULT,4703,9,2,1,12
DEFAULT,65516,11,1,3,15
DEFAULT,1058,5,0,2,7
DEFAULT,1220,7,2,3,12
DEFAULT,40054,13,1,2,16
DEFAULT,1151,5,0,2,7
,,,,
DEFAULT,16819,13,0,1,14
DEFAULT,16356,14,0,3,17
DEFAULT,672,7,0,0,7
DEFAULT,10541,14,0,1,15
DEFAULT,1184,3,0,4,7
DEFAULT,59306,14,2,2,18
,,,,
DEFAULT,1987,10,1,2,13
DEFAULT,5950,13,0,2,15
DEFAULT,15504,12,2,3,17
DEFAULT,1137,8,1,0,9
DEFAULT,7209,15,2,2,19
DEFAULT,16625,13,1,1,15
DEFAULT,21755,11,1,2,14
DEFAULT,442,7,0,1,8
DEFAULT,9874,13,0,2,15
DEFAULT,7844,11,2,0,13
DEFAULT,10860,10,1,1,12
DEFAULT,20606,13,1,2,16
DEFAULT,42470,13,1,2,16
DEFAULT,1009,8,0,2,10
DEFAULT,12611,10,2,2,14
DEFAULT,1132,11,1,4,16
DEFAULT,920,12,1,4,17
DEFAULT,1244,6,1,2,9
DEFAULT,2184,11,0,3,14
DEFAULT,282,9,0,1,10
DEFAULT,12430,12,0,2,14
DEFAULT,12227,14,1,0,15
DEFAULT,29912,12,0,2,14
DEFAULT,1487,10,1,2,13
DEFAULT,55445,11,0,2,13
DEFAULT,816,7,0,4,11
,,,,
DEFAULT,1631,13,0,4,17
,,,,
DEFAULT,33481,9,0,3,12
DEFAULT,483,4,1,0,5
DEFAULT,356,8,1,1,10
DEFAULT,1053,4,0,1,5
DEFAULT,23205,11,0,1,12
DEFAULT,1351,6,2,2,10
DEFAULT,465,5,0,1,6
DEFAULT,2819,8,1,4,13
DEFAULT,28320,10,0,1,11
DEFAULT,48024,10,1,2,13
DEFAULT,19815,9,1,2,12
DEFAULT,1653,8,1,3,12
DEFAULT,3959,11,1,3,15
,,,,
DEFAULT,10828,12,1,2,15
DEFAULT,1356,4,0,3,7
DEFAULT,7861,15,1,2,18
DEFAULT,14412,14,1,2,17
DEFAULT,10887,13,1,4,18
DEFAULT,316,8,0,0,8
DEFAULT,27892,15,2,2,19
DEFAULT,4119,12,1,0,13
DEFAULT,354,10,2,2,14
DEFAULT,14558,14,1,2,17
DEFAULT,7929,12,2,2,16
DEFAULT,895,6,0,0,6
DEFAULT,3698,11,1,2,14
DEFAULT,7650,10,2,4,16
DEFAULT,712,7,0,1,8
DEFAULT,7141,14,1,3,18
DEFAULT,12982,13,0,1,14
DEFAULT,468,5,1,1,7
DEFAULT,20139,13,2,1,16
DEFAULT,2311,8,1,3,12
DEFAULT,3370,12,2,3,17
,,,,
DEFAULT,16708,12,1,3,16
DEFAULT,8515,10,0,2,12
DEFAULT,35,6,1,2,9
DEFAULT,3014,10,0,3,13
DEFAULT,234,7,0,1,8
DEFAULT,260,5,0,0,5
DEFAULT,790,7,0,0,7
DEFAULT,120,7,1,1,9
,,,,
DEFAULT,11198,12,1,2,15
DEFAULT,15210,14,1,1,16
DEFAULT,763,3,1,1,5
DEFAULT,1082,4,1,0,5
DEFAULT,32074,13,1,2,16
DEFAULT,1687,6,0,3,9
DEFAULT,7875,11,1,2,14
,,,,
DEFAULT,7937,15,0,2,17
DEFAULT,13133,15,0,3,18
DEFAULT,1477,4,1,2,7
DEFAULT,1042,4,0,3,7
DEFAULT,20014,8,2,0,10
DEFAULT,1670,5,1,2,8
DEFAULT,3027,10,2,4,16
DEFAULT,7087,10,1,1,12
DEFAULT,20482,9,2,2,13
DEFAULT,25745,10,1,3,14
DEFAULT,20291,14,1,1,16
DEFAULT,561,7,0,2,9
DEFAULT,1182,8,2,3,13
DEFAULT,31035,12,0,1,13
DEFAULT,1387,8,1,1,10
DEFAULT,5481,11,1,2,14
DEFAULT,10716,11,1,2,14
,,,,
DEFAULT,1330,3,1,0,4
DEFAULT,11482,12,1,3,16
DEFAULT,1621,8,1,3,12
DEFAULT,1780,9,1,3,13
DEFAULT,8669,10,1,3,14
DEFAULT,816,5,0,0,5
DEFAULT,1280,7,1,2,10
DEFAULT,499,6,2,2,10
DEFAULT,28958,11,1,4,16
DEFAULT,4252,10,1,2,13
,,,,
,,,,
DEFAULT,6413,8,2,2,12
DEFAULT,6976,10,2,2,14
DEFAULT,12838,9,1,3,13
DEFAULT,98780,12,1,2,15
DEFAULT,1071,3,0,3,6
DEFAULT,84897,10,2,2,14
DEFAULT,1480,13,1,1,15
DEFAULT,38720,13,2,1,16
DEFAULT,854,7,1,1,9
DEFAULT,15427,10,1,1,12
DEFAULT,5764,13,1,1,15
,,,,
DEFAULT,8737,14,2,1,17
DEFAULT,8820,13,2,2,17
DEFAULT,30378,12,1,2,15
,,,,
DEFAULT,834,8,1,1,10
DEFAULT,66000,10,1,3,14
DEFAULT,941,8,0,2,10
DEFAULT,914,3,1,2,6
DEFAULT,1180,8,1,3,12
DEFAULT,12775,11,1,2,14
,,,,
DEFAULT,928,3,1,0,4
DEFAULT,6782,15,0,2,17
DEFAULT,21109,13,1,3,17
DEFAULT,202,10,0,3,13
DEFAULT,1987,7,1,4,12
DEFAULT,18752,13,1,2,16
DEFAULT,13177,10,0,3,13
DEFAULT,5950,10,0,2,12
DEFAULT,2529,7,2,4,13
DEFAULT,998,7,0,1,8
DEFAULT,333,9,0,3,12
DEFAULT,16429,12,2,3,17
DEFAULT,9224,13,2,2,17
DEFAULT,16274,11,0,1,12
DEFAULT,4270,13,2,2,17
DEFAULT,314,7,2,1,10
DEFAULT,1197,5,0,0,5
DEFAULT,7969,12,2,3,17
DEFAULT,13121,10,1,2,13
DEFAULT,917,6,0,0,6
DEFAULT,11128,14,0,1,15
DEFAULT,331,7,0,1,8
DEFAULT,556,8,1,3,12
DEFAULT,4560,11,1,2,14
DEFAULT,21366,13,2,1,16
DEFAULT,346,6,1,1,8
DEFAULT,7193,11,1,3,15
DEFAULT,14843,7,2,3,12
DEFAULT,23454,11,2,3,16
,,,,
DEFAULT,10458,10,1,3,14
DEFAULT,15692,11,1,3,15
DEFAULT,16590,12,1,2,15
DEFAULT,36075,13,1,2,16
DEFAULT,831,4,1,3,8
DEFAULT,212,8,0,0,8
DEFAULT,14383,11,1,2,14
DEFAULT,15584,12,0,2,14
DEFAULT,1307,10,2,3,15
DEFAULT,21465,14,0,1,15
DEFAULT,2424,11,1,2,14
,,,,
DEFAULT,2290,7,1,4,12
DEFAULT,5839,13,2,4,19
DEFAULT,15231,10,1,1,12
DEFAULT,804,8,0,1,9
DEFAULT,7914,13,2,1,16
DEFAULT,18826,12,1,2,15
DEFAULT,8876,9,1,3,13
DEFAULT,42428,15,1,2,18
DEFAULT,592,5,0,4,9
DEFAULT,363,6,1,0,7
DEFAULT,8869,14,1,2,17
DEFAULT,117,10,1,0,11
DEFAULT,1116,7,0,2,9
,,,,
DEFAULT,418,6,1,0,7
DEFAULT,896,7,0,3,10
DEFAULT,11575,13,1,2,16
,,,,
DEFAULT,7,9,1,2,12
DEFAULT,50705,14,1,2,17
DEFAULT,7033,12,1,1,14
DEFAULT,1170,5,0,0,5
DEFAULT,1142,13,0,1,14
DEFAULT,973,4,0,1,5
DEFAULT,9945,12,0,2,14
DEFAULT,56940,10,1,3,14
DEFAULT,12555,12,2,2,16
DEFAULT,9274,13,0,2,15
DEFAULT,15603,11,1,2,14
DEFAULT,2765,9,1,4,14
,,,,
DEFAULT,10051,12,1,3,16
,,,,
DEFAULT,10817,12,1,2,15
DEFAULT,19654,10,1,2,13
DEFAULT,55389,16,0,2,18
DEFAULT,1079,2,1,2,5
DEFAULT,11211,14,1,1,16
DEFAULT,1012,4,0,1,5
DEFAULT,880,11,0,3,14
DEFAULT,7296,10,2,1,13
DEFAULT,35567,12,1,1,14
DEFAULT,11629,12,0,3,15
DEFAULT,1071,4,1,0,5
DEFAULT,21220,12,2,2,16
DEFAULT,541,5,0,2,7
DEFAULT,843,6,1,1,8
DEFAULT,582,10,2,0,12
DEFAULT,14238,9,2,2,13
DEFAULT,16716,13,0,2,15
DEFAULT,35438,10,1,2,13
DEFAULT,1241,8,0,3,11
DEFAULT,34743,14,1,1,16
DEFAULT,1802,8,2,3,13
DEFAULT,4115,10,2,3,15
DEFAULT,3001,12,0,4,16
DEFAULT,12787,11,1,2,14
DEFAULT,325,7,1,2,10
,,,,
DEFAULT,1831,12,1,4,17
DEFAULT,3248,14,2,3,19
DEFAULT,27452,10,0,2,12
DEFAULT,643,7,1,1,9
DEFAULT,616,10,1,2,13
DEFAULT,1228,2,1,0,3
DEFAULT,18009,11,2,2,15
DEFAULT,24701,12,1,1,14
DEFAULT,996,4,0,1,5
DEFAULT,3915,14,1,3,18
DEFAULT,779,7,2,1,10
DEFAULT,1006,6,0,0,6
DEFAULT,13138,13,2,2,17
DEFAULT,202,7,0,1,8
DEFAULT,51379,12,1,1,14
DEFAULT,736,11,0,2,13
DEFAULT,506,8,0,1,9
,,,,
,,,,
DEFAULT,432,7,1,1,9
DEFAULT,570,9,1,0,10
DEFAULT,23866,9,2,2,13
DEFAULT,16405,12,0,1,13
,,,,
DEFAULT,1023,4,0,0,4
DEFAULT,19662,15,0,2,17
DEFAULT,868,8,2,3,13
DEFAULT,24614,13,0,2,15
DEFAULT,10139,13,1,2,16
DEFAULT,755,8,1,1,10
DEFAULT,1539,5,1,2,8
DEFAULT,672,8,2,3,13
DEFAULT,1006,6,1,0,7
DEFAULT,805,3,2,1,6
DEFAULT,1351,11,1,2,14
DEFAULT,5004,12,2,3,17
DEFAULT,36678,11,1,3,15
DEFAULT,1164,7,0,4,11
,,,,
,,,,
DEFAULT,18268,8,0,2,10
DEFAULT,737,8,1,2,11
DEFAULT,9357,11,1,2,14
DEFAULT,10769,12,2,2,16
DEFAULT,6447,10,1,1,12
DEFAULT,1688,3,1,3,7
,,,,
DEFAULT,61090,8,1,2,11
DEFAULT,10660,9,2,2,13
,,,,
DEFAULT,12727,13,0,3,16
DEFAULT,1172,5,1,2,8
DEFAULT,739,6,2,1,9
DEFAULT,5902,11,2,2,15
DEFAULT,216,7,0,0,7
DEFAULT,314,11,0,3,14
DEFAULT,16330,13,1,2,16
DEFAULT,33761,14,1,2,17
,,,,
DEFAULT,6634,13,0,4,17
,,,,
,,,,
DEFAULT,18610,14,0,3,17
DEFAULT,4194,13,1,3,17
DEFAULT,2067,12,1,4,17
DEFAULT,12748,13,0,2,15
DEFAULT,852,4,0,2,6
DEFAULT,23139,10,1,0,11
DEFAULT,311,7,2,2,11
DEFAULT,1292,4,2,2,8
DEFAULT,1268,9,0,3,12
DEFAULT,12103,9,1,3,13
DEFAULT,5185,10,1,3,14
DEFAULT,556,8,1,0,9
DEFAULT,6058,14,1,1,16
DEFAULT,33769,14,2,0,16
DEFAULT,18079,14,0,1,15
DEFAULT,11547,14,1,1,16
,,,,
DEFAULT,896,2,0,2,4
DEFAULT,5644,7,0,4,11
DEFAULT,1311,6,2,1,9
DEFAULT,974,8,0,1,9
DEFAULT,9096,12,2,1,15
DEFAULT,13403,13,2,3,18
,,,,
DEFAULT,45016,14,0,2,16
DEFAULT,33194,15,1,1,17
DEFAULT,16446,13,2,2,17
,,,,
DEFAULT,160,8,1,0,9
DEFAULT,361,7,1,2,10
DEFAULT,16983,11,1,2,14
DEFAULT,9383,11,1,3,15
DEFAULT,33818,13,1,0,14
,,,,
DEFAULT,36632,13,1,1,15
DEFAULT,16969,13,1,1,15
,,,,
DEFAULT,18883,12,1,1,14
,,,,
DEFAULT,1913,9,1,4,14
DEFAULT,6393,12,0,1,13
DEFAULT,604,6,1,1,8
DEFAULT,27675,15,1,2,18
DEFAULT,23536,11,1,2,14
DEFAULT,1108,3,1,1,5
DEFAULT,13050,8,2,0,10
DEFAULT,446,9,1,1,11
DEFAULT,7692,14,1,2,17
DEFAULT,744,6,0,3,9
DEFAULT,7232,11,0,4,15
DEFAULT,8291,13,1,2,16
,,,,
DEFAULT,36099,13,1,3,17
DEFAULT,585,4,1,3,8
DEFAULT,21738,13,2,2,17
DEFAULT,571,6,1,2,9
DEFAULT,17281,14,2,2,18
DEFAULT,619,9,0,0,9
DEFAULT,1153,8,1,3,12
DEFAULT,1925,10,2,3,15
DEFAULT,6260,13,1,2,16
DEFAULT,26966,15,1,1,17
DEFAULT,13830,13,0,2,15
DEFAULT,27641,12,1,2,15
,,,,
,,,,
DEFAULT,1404,6,2,1,9
DEFAULT,359,7,1,1,9
DEFAULT,5243,11,1,2,14
DEFAULT,39357,13,0,3,16
DEFAULT,2309,8,2,3,13
DEFAULT,462,8,0,3,11
DEFAULT,23252,9,2,1,12
,,,,
DEFAULT,5849,9,1,4,14
DEFAULT,941,4,2,1,7
,,,,
,,,,
DEFAULT,19299,13,1,2,16
DEFAULT,1706,10,1,4,15
DEFAULT,619,11,1,0,12
DEFAULT,12036,15,1,2,18
DEFAULT,330,6,0,4,10
DEFAULT,3897,13,1,2,16
DEFAULT,1014,9,0,1,10
DEFAULT,16097,14,2,2,18
DEFAULT,22,12,1,1,14
DEFAULT,20202,15,1,2,18
DEFAULT,28663,15,2,0,17
DEFAULT,925,4,2,2,8
DEFAULT,1054,4,0,1,5
DEFAULT,6504,11,0,2,13
,,,,
DEFAULT,24832,15,0,2,17
DEFAULT,31676,14,0,2,16
DEFAULT,613,8,1,2,11
DEFAULT,12335,10,1,3,14
DEFAULT,8510,9,0,3,12
DEFAULT,4064,13,1,4,18
DEFAULT,4775,10,2,4,16
DEFAULT,14059,14,1,2,17
DEFAULT,104,7,2,4,13
DEFAULT,5890,11,2,4,17
DEFAULT,41720,10,2,2,14
DEFAULT,1301,8,0,2,10
DEFAULT,14832,11,2,2,15
DEFAULT,17771,13,1,2,16
DEFAULT,33381,13,1,2,16
DEFAULT,60448,12,0,3,15
DEFAULT,8407,12,1,3,16
DEFAULT,33653,11,1,2,14
DEFAULT,59805,11,2,1,14
DEFAULT,613,6,0,1,7
DEFAULT,97,9,0,1,10
DEFAULT,21227,11,0,2,13
DEFAULT,11211,9,0,3,12
,,,,
DEFAULT,519,9,0,1,10
DEFAULT,508,8,1,3,12
DEFAULT,1479,11,1,3,15
DEFAULT,22786,10,2,2,14
,,,,
,,,,
DEFAULT,382,7,1,2,10
DEFAULT,1391,9,0,1,10
DEFAULT,897,5,1,0,6
DEFAULT,912,6,0,3,9
,,,,
,,,,
DEFAULT,4448,9,1,4,14
DEFAULT,142,5,2,0,7
DEFAULT,24668,10,2,3,15
DEFAULT,36452,10,1,1,12
DEFAULT,21152,13,1,2,16
DEFAULT,1242,5,0,4,9
DEFAULT,482,10,1,0,11
,,,,
,,,,
,,,,
DEFAULT,9036,13,1,3,17
DEFAULT,11307,13,1,1,15
DEFAULT,29235,14,2,1,17
,,,,
DEFAULT,8276,10,0,3,13
,,,,
DEFAULT,11821,13,0,3,16
DEFAULT,6755,12,1,3,16
DEFAULT,2648,7,2,3,12
DEFAULT,5719,12,2,3,17
DEFAULT,2736,14,1,3,18
DEFAULT,1212,9,0,3,12
DEFAULT,1187,5,1,4,10
DEFAULT,11563,15,0,3,18
DEFAULT,42786,12,0,1,13
DEFAULT,27004,10,1,3,14
DEFAULT,6257,13,1,3,17
DEFAULT,1674,8,0,4,12
DEFAULT,22235,13,1,2,16
DEFAULT,8297,10,1,2,13
DEFAULT,46599,11,1,1,13
DEFAULT,1990,10,1,4,15
DEFAULT,587,5,2,3,10
,,,,
DEFAULT,4163,12,2,2,16
,,,,
DEFAULT,15540,9,1,1,11
DEFAULT,534,9,0,0,9
DEFAULT,1262,9,1,2,12
DEFAULT,20070,12,1,1,14
,,,,
DEFAULT,514,4,2,4,10
DEFAULT,188,6,1,1,8
DEFAULT,1325,10,2,2,14
DEFAULT,5063,12,0,2,14
DEFAULT,5696,11,0,4,15
DEFAULT,1207,9,1,3,13
DEFAULT,15048,14,0,2,16
DEFAULT,345,7,2,1,10
DEFAULT,31924,12,2,1,15
DEFAULT,1421,1,0,1,2
,,,,
DEFAULT,580,6,1,2,9
DEFAULT,798,6,1,2,9
DEFAULT,1194,2,0,2,4
DEFAULT,2047,11,1,4,16
DEFAULT,27776,10,2,3,15
DEFAULT,856,7,1,1,9
DEFAULT,17924,11,1,2,14
DEFAULT,2345,10,0,3,13
DEFAULT,827,10,1,3,14
DEFAULT,633,6,0,0,6
DEFAULT,334,8,1,1,10
DEFAULT,14695,13,2,1,16
DEFAULT,11774,10,1,2,13
DEFAULT,351,8,1,1,10
DEFAULT,894,6,1,2,9
DEFAULT,6536,9,2,2,13
DEFAULT,981,8,1,2,11
DEFAULT,17368,12,1,3,16
DEFAULT,2127,8,1,3,12
DEFAULT,3262,11,1,2,14
DEFAULT,12519,14,1,3,18
DEFAULT,7192,12,0,1,13
DEFAULT,10260,12,0,2,14
DEFAULT,544,6,0,1,7
DEFAULT,10915,15,1,1,17
DEFAULT,16176,12,2,0,14
DEFAULT,481,7,1,2,10
DEFAULT,1722,10,0,4,14
DEFAULT,14248,12,2,2,16
DEFAULT,6256,9,1,2,12
DEFAULT,693,5,0,1,6
,,,,
DEFAULT,1082,7,1,1,9
DEFAULT,12833,11,1,2,14
,,,,
DEFAULT,740,5,0,1,6
DEFAULT,13573,16,0,1,17
,,,,
DEFAULT,491,7,0,1,8
DEFAULT,1966,11,1,2,14
DEFAULT,6461,11,1,2,14
DEFAULT,11905,13,1,2,16
DEFAULT,10041,13,0,2,15
DEFAULT,558,8,0,2,10
,,,,
DEFAULT,1073,5,0,1,6
DEFAULT,572,8,1,2,11
DEFAULT,7739,13,0,3,16
DEFAULT,1407,7,0,3,10
DEFAULT,15140,12,2,2,16
,,,,
DEFAULT,12896,12,1,2,15
DEFAULT,51170,12,0,2,14
DEFAULT,11825,13,1,3,17
DEFAULT,530,3,1,3,7
DEFAULT,602,6,1,2,9
DEFAULT,5891,12,1,4,17
DEFAULT,21107,14,2,1,17
DEFAULT,2313,13,0,3,16
DEFAULT,7576,13,1,3,17
DEFAULT,12079,12,0,3,15
DEFAULT,793,5,0,0,5
DEFAULT,10895,14,0,2,16
,,,,
DEFAULT,13020,14,0,2,16
DEFAULT,36119,13,2,1,16
DEFAULT,23324,15,1,2,18
DEFAULT,3553,12,1,2,15
DEFAULT,1352,2,0,0,2
DEFAULT,147,8,1,2,11
DEFAULT,17077,12,1,2,15
DEFAULT,21208,13,1,1,15
DEFAULT,636,7,2,3,12
DEFAULT,249,10,1,2,13
DEFAULT,9384,13,0,1,14
DEFAULT,361,9,1,2,12
DEFAULT,18153,9,0,2,11
,,,,
DEFAULT,20727,12,0,3,15
DEFAULT,1173,10,0,3,13
DEFAULT,9082,8,1,3,12
DEFAULT,20002,8,2,3,13
DEFAULT,609,7,1,1,9
DEFAULT,30990,13,1,2,16
DEFAULT,52245,12,2,2,16
DEFAULT,8384,13,1,1,15
DEFAULT,35285,13,0,3,16
,,,,
DEFAULT,7870,11,2,2,15
DEFAULT,4972,11,1,1,13
DEFAULT,632,8,1,1,10
,,,,
DEFAULT,28821,11,1,2,14
DEFAULT,19163,12,2,1,15
,,,,
DEFAULT,1437,5,2,3,10
DEFAULT,17900,15,2,0,17
DEFAULT,3817,12,1,3,16
DEFAULT,10580,12,1,2,15
DEFAULT,297,6,1,3,10
DEFAULT,11025,14,1,1,16
DEFAULT,439,10,1,3,14
DEFAULT,1177,8,1,3,12
DEFAULT,799,5,0,1,6
DEFAULT,8872,15,0,3,18
DEFAULT,20159,13,0,3,16
DEFAULT,6400,11,1,3,15
DEFAULT,6906,13,1,3,17
,,,,
DEFAULT,110,9,2,2,13
DEFAULT,33292,15,0,1,16
DEFAULT,26499,15,1,1,17
DEFAULT,2117,13,2,3,18
DEFAULT,28754,9,1,2,12
DEFAULT,2282,9,1,4,14
DEFAULT,5054,12,1,3,16
DEFAULT,696,5,0,1,6
,,,,
,,,,
DEFAULT,591,5,0,1,6
,,,,
DEFAULT,3945,8,1,4,13
DEFAULT,229,3,0,1,4
DEFAULT,11142,16,2,3,21
DEFAULT,1041,6,1,1,8
DEFAULT,11671,12,0,3,15
DEFAULT,15023,10,1,1,12
DEFAULT,5969,13,2,3,18
DEFAULT,614,8,1,0,9
DEFAULT,8649,11,0,2,13
DEFAULT,3987,11,1,0,12
DEFAULT,14940,11,1,1,13
,,,,
DEFAULT,875,10,1,3,14
DEFAULT,7015,10,1,3,14
DEFAULT,15405,12,1,1,14
DEFAULT,13486,14,1,0,15
DEFAULT,1633,7,2,2,11
,,,,
DEFAULT,26026,15,0,3,18
,,,,
DEFAULT,15821,13,2,2,17
DEFAULT,11715,10,1,1,12
DEFAULT,15787,9,2,2,13
DEFAULT,1659,8,2,4,14
DEFAULT,59,6,0,1,7
DEFAULT,531,6,2,3,11
DEFAULT,1536,10,0,3,13
DEFAULT,920,10,1,3,14
DEFAULT,10273,10,0,2,12
DEFAULT,457,7,1,3,11
DEFAULT,1618,8,0,3,11
DEFAULT,883,8,1,3,12
DEFAULT,498,8,0,0,8
DEFAULT,1761,10,1,3,14
DEFAULT,45764,11,1,2,14
DEFAULT,11154,14,2,1,17
DEFAULT,12488,11,1,3,15
DEFAULT,5558,9,1,1,11
DEFAULT,45194,11,1,3,15
,,,,
DEFAULT,11762,10,1,0,11
DEFAULT,1321,5,0,1,6
DEFAULT,2479,13,0,2,15
DEFAULT,8489,15,1,1,17
DEFAULT,7701,11,0,3,14
DEFAULT,27578,11,1,2,14
DEFAULT,29549,12,2,2,16
DEFAULT,1249,6,1,2,9
DEFAULT,1248,10,1,1,12
DEFAULT,16767,14,2,2,18
DEFAULT,35375,12,1,2,15
,,,,
DEFAULT,11830,11,1,4,16
DEFAULT,19923,14,1,2,17
DEFAULT,30128,14,1,2,17
DEFAULT,1225,2,2,0,4
DEFAULT,48861,12,1,0,13
DEFAULT,63041,14,0,3,17
DEFAULT,1756,10,1,3,14
DEFAULT,11057,11,1,3,15
DEFAULT,17092,11,2,2,15
DEFAULT,1391,9,0,3,12
DEFAULT,1322,7,0,0,7
DEFAULT,12267,12,1,2,15
DEFAULT,905,11,1,2,14
DEFAULT,38927,11,1,0,12
DEFAULT,21959,11,1,3,15
DEFAULT,2413,10,2,2,14
DEFAULT,497,9,2,1,12
DEFAULT,13602,12,1,3,16
DEFAULT,369,6,0,2,8
DEFAULT,16363,12,1,1,14
DEFAULT,149,11,0,2,13
DEFAULT,743,10,1,1,12
DEFAULT,18925,12,1,1,14
DEFAULT,16522,12,1,2,15
DEFAULT,23719,12,2,2,16
DEFAULT,19696,11,1,2,14
DEFAULT,2130,11,0,3,14
DEFAULT,2682,6,2,2,10
,,,,
DEFAULT,12462,12,1,4,17
,,,,
,,,,
DEFAULT,15098,11,2,1,14
DEFAULT,1017,4,1,1,6
,,,,
DEFAULT,641,6,0,2,8
DEFAULT,12344,14,2,1,17
DEFAULT,2579,13,2,2,17
DEFAULT,560,3,2,2,7
DEFAULT,583,9,0,3,12
DEFAULT,345,10,0,1,11
DEFAULT,4123,13,2,4,19
DEFAULT,2284,8,2,2,12
DEFAULT,12704,12,1,2,15
DEFAULT,19808,13,1,2,16
DEFAULT,416,7,0,1,8
DEFAULT,4713,12,2,3,17
DEFAULT,12957,14,2,3,19
DEFAULT,24241,11,0,1,12
DEFAULT,4642,12,1,2,15
,,,,
DEFAULT,6933,12,1,2,15
,,,,
DEFAULT,14599,9,0,2,11
DEFAULT,782,6,0,1,7
DEFAULT,2007,6,2,2,10
DEFAULT,7093,14,1,2,17
DEFAULT,2757,11,1,4,16
DEFAULT,3419,8,1,4,13
DEFAULT,13405,9,1,2,12
DEFAULT,28215,12,0,1,13
DEFAULT,14452,14,0,2,16
DEFAULT,57,7,1,1,9
DEFAULT,28402,11,1,2,14
,,,,
DEFAULT,50435,12,2,1,15
DEFAULT,3691,12,0,2,14
DEFAULT,5071,10,0,2,12
DEFAULT,13055,13,1,1,15
DEFAULT,5891,12,1,3,16
DEFAULT,31128,10,2,2,14
DEFAULT,1932,15,1,2,18
DEFAULT,58,7,1,2,10
DEFAULT,4307,12,1,2,15
,,,,
DEFAULT,969,8,2,3,13
DEFAULT,13571,13,1,3,17
DEFAULT,558,6,1,3,10
DEFAULT,482,5,2,0,7
DEFAULT,1200,6,0,2,8
DEFAULT,19419,14,0,2,16
DEFAULT,20465,13,1,1,15
DEFAULT,23479,16,0,1,17
DEFAULT,29888,12,0,1,13
DEFAULT,52575,14,2,1,17
DEFAULT,9759,9,0,3,12
DEFAULT,1048,8,1,4,13
DEFAULT,6874,8,0,2,10
DEFAULT,1817,8,1,2,11
DEFAULT,19330,10,1,3,14
DEFAULT,370,7,1,1,9
DEFAULT,24951,11,2,2,15
DEFAULT,798,11,0,3,14
DEFAULT,33467,12,1,1,14
DEFAULT,1363,6,0,2,8
DEFAULT,1593,10,1,3,14
DEFAULT,7955,13,2,2,17
,,,,
DEFAULT,1363,11,1,3,15
DEFAULT,7115,13,1,3,17
DEFAULT,4542,10,1,3,14
,,,,
,,,,
DEFAULT,20772,11,1,2,14
DEFAULT,474,11,2,2,15
DEFAULT,26628,11,0,3,14
DEFAULT,4437,10,0,3,13
DEFAULT,1054,5,0,2,7
DEFAULT,7125,15,2,3,20
DEFAULT,851,5,0,3,8
DEFAULT,270,7,1,1,9
DEFAULT,976,6,0,4,10
,,,,
DEFAULT,2220,12,0,4,16
DEFAULT,461,4,0,2,6
DEFAULT,28672,14,2,2,18
DEFAULT,21679,14,1,3,18
DEFAULT,26338,12,0,1,13
DEFAULT,862,10,0,2,12
DEFAULT,20133,12,0,1,13
,,,,
DEFAULT,11084,14,0,1,15
DEFAULT,7401,10,1,2,13
DEFAULT,418,7,1,0,8
DEFAULT,25412,10,1,2,13
DEFAULT,1014,9,0,1,10
DEFAULT,487,7,0,1,8
DEFAULT,10824,10,2,1,13
DEFAULT,7195,15,2,0,17
DEFAULT,13595,12,1,1,14
DEFAULT,497,6,1,1,8
DEFAULT,8837,11,2,2,15
DEFAULT,37557,9,1,1,11
DEFAULT,183,9,0,2,11
DEFAULT,627,5,0,1,6
,,,,
DEFAULT,299,10,2,3,15
DEFAULT,17273,12,0,1,13
DEFAULT,17927,8,2,3,13
DEFAULT,1446,5,0,1,6
DEFAULT,8459,12,2,3,17
DEFAULT,5032,15,1,3,19
DEFAULT,1170,10,0,1,11
DEFAULT,65267,12,1,2,15
DEFAULT,571,8,0,2,10
DEFAULT,46355,11,0,3,14
DEFAULT,543,10,0,1,11
DEFAULT,414,9,1,1,11
DEFAULT,594,4,1,1,6
DEFAULT,34023,8,1,3,12
DEFAULT,2510,10,2,2,14
DEFAULT,38999,13,1,2,16
DEFAULT,2130,7,1,3,11
DEFAULT,5798,16,0,2,18
DEFAULT,1043,6,0,3,9
DEFAULT,297,7,0,3,10
,,,,
DEFAULT,7370,10,1,3,14
DEFAULT,10378,15,0,3,18
DEFAULT,18070,11,1,1,13
,,,,
DEFAULT,1556,3,0,0,3
DEFAULT,20399,12,1,2,15
DEFAULT,18986,14,1,3,18
DEFAULT,858,6,0,2,8
DEFAULT,22248,8,1,2,11
DEFAULT,1037,5,1,2,8
DEFAULT,56507,12,1,2,15
DEFAULT,4115,16,0,2,18
DEFAULT,19375,12,0,2,14
DEFAULT,1006,4,1,0,5
DEFAULT,14755,12,1,2,15
,,,,
DEFAULT,44567,13,2,2,17
DEFAULT,37049,12,1,2,15
,,,,
DEFAULT,1187,5,2,2,9
DEFAULT,955,8,1,1,10
DEFAULT,3583,11,1,3,15
,,,,
DEFAULT,3191,12,1,2,15
DEFAULT,6291,13,1,3,17
DEFAULT,15166,9,1,3,13
DEFAULT,42404,13,1,2,16
DEFAULT,25341,13,1,1,15
DEFAULT,19594,13,1,2,16
DEFAULT,11975,13,0,2,15
DEFAULT,1039,5,1,1,7
DEFAULT,1208,4,0,1,5
DEFAULT,40748,15,2,0,17
DEFAULT,28404,11,1,1,13
DEFAULT,5721,11,1,2,14
DEFAULT,8051,12,1,3,16
DEFAULT,14452,12,1,1,14
DEFAULT,576,9,2,2,13
DEFAULT,1894,5,0,4,9
DEFAULT,58465,9,2,2,13
DEFAULT,14754,11,2,3,16
DEFAULT,597,6,1,3,10
DEFAULT,768,4,0,0,4
DEFAULT,8779,16,2,2,20
DEFAULT,22012,13,1,2,16
DEFAULT,3891,11,1,2,14
DEFAULT,12360,11,0,2,13
DEFAULT,1304,9,1,1,11
DEFAULT,379,4,1,2,7
DEFAULT,1957,6,1,2,9
DEFAULT,853,6,2,0,8
DEFAULT,13933,12,0,1,13
DEFAULT,443,7,1,2,10
DEFAULT,940,4,0,2,6
DEFAULT,13566,11,0,2,13
DEFAULT,644,10,0,2,12
DEFAULT,15057,12,1,2,15
DEFAULT,1221,1,0,1,2
DEFAULT,78267,12,2,2,16
DEFAULT,15507,12,2,1,15
DEFAULT,6094,10,1,4,15
DEFAULT,1858,5,2,4,11
DEFAULT,9362,11,1,2,14
DEFAULT,21847,10,1,2,13
DEFAULT,12611,14,0,2,16
DEFAULT,19730,13,1,2,16
DEFAULT,20138,11,2,3,16
DEFAULT,16104,14,1,1,16
DEFAULT,8660,14,2,2,18
,,,,
DEFAULT,1318,6,0,0,6
DEFAULT,21864,12,1,1,14
DEFAULT,15579,13,2,2,17
DEFAULT,1681,9,2,3,14
DEFAULT,19206,14,0,3,17
DEFAULT,13239,12,2,1,15
DEFAULT,2092,11,2,1,14
DEFAULT,55735,12,2,2,16
DEFAULT,706,8,0,1,9
,,,,
DEFAULT,562,6,0,1,7
DEFAULT,5888,15,0,3,18
DEFAULT,458,8,0,2,10
DEFAULT,608,10,1,3,14
DEFAULT,922,5,0,2,7
DEFAULT,1034,8,1,1,10
DEFAULT,7904,13,2,1,16
,,,,
DEFAULT,5596,14,1,1,16
DEFAULT,730,6,0,1,7
,,,,
DEFAULT,522,6,1,3,10
DEFAULT,20284,13,1,2,16
,,,,
DEFAULT,1105,3,1,0,4
,,,,
DEFAULT,1626,12,2,1,15
DEFAULT,267,7,0,2,9
DEFAULT,1071,9,2,2,13
DEFAULT,3227,16,0,2,18
DEFAULT,1184,11,1,3,15
DEFAULT,12880,11,2,2,15
DEFAULT,11704,11,1,2,14
DEFAULT,24704,14,2,0,16
DEFAULT,40969,11,1,3,15
,,,,
DEFAULT,281,10,2,1,13
,,,,
DEFAULT,1041,3,1,0,4
DEFAULT,18258,14,0,3,17
DEFAULT,9372,10,2,2,14
DEFAULT,6240,13,1,3,17
DEFAULT,4510,11,1,2,14
,,,,
DEFAULT,14389,11,1,3,15
DEFAULT,1835,13,1,4,18
DEFAULT,1176,5,0,2,7
DEFAULT,1169,9,1,3,13
DEFAULT,1836,11,2,2,15
DEFAULT,10473,14,2,3,19
,,,,
DEFAULT,687,3,0,3,6
DEFAULT,420,9,1,3,13
DEFAULT,1170,2,2,1,5
DEFAULT,21342,11,1,2,14
DEFAULT,513,9,0,1,10
DEFAULT,222,8,2,1,11
DEFAULT,11198,12,2,3,17
DEFAULT,10558,12,2,2,16
DEFAULT,17639,13,1,0,14
DEFAULT,840,8,1,4,13
DEFAULT,1754,9,2,2,13
DEFAULT,17751,10,1,2,13
DEFAULT,1041,8,2,2,12
DEFAULT,5329,10,1,3,14
DEFAULT,13722,13,2,2,17
DEFAULT,15292,13,1,1,15
DEFAULT,18591,13,2,0,15
DEFAULT,19791,9,0,4,13
DEFAULT,26953,10,1,1,12
DEFAULT,18409,11,1,3,15
DEFAULT,9566,12,1,4,17
DEFAULT,1784,10,1,1,12
,,,,
DEFAULT,493,6,0,1,7
DEFAULT,24539,13,0,2,15
DEFAULT,23481,14,0,1,15
DEFAULT,15461,12,1,3,16
DEFAULT,15931,11,0,2,13
DEFAULT,374,8,0,2,10
DEFAULT,17717,17,1,1,19
DEFAULT,24397,15,1,2,18
,,,,
DEFAULT,6959,13,1,4,18
,,,,
,,,,
,,,,
DEFAULT,43,10,2,2,14
DEFAULT,4445,16,2,4,22
DEFAULT,4561,11,2,2,15
DEFAULT,14189,13,2,1,16
,,,,
DEFAULT,954,11,1,1,13
DEFAULT,8420,14,1,2,17
DEFAULT,26923,11,2,2,15
DEFAULT,1116,7,0,0,7
DEFAULT,10357,13,1,2,16
DEFAULT,2224,8,0,4,12
DEFAULT,34936,10,1,2,13
DEFAULT,408,8,0,2,10
DEFAULT,6162,10,2,3,15
DEFAULT,1260,9,0,3,12
DEFAULT,944,4,1,2,7
DEFAULT,1098,4,0,0,4
DEFAULT,420,8,1,0,9
DEFAULT,13962,13,2,1,16
DEFAULT,2091,5,2,3,10
DEFAULT,13847,17,0,2,19
DEFAULT,1181,5,0,1,6
,,,,
DEFAULT,8342,17,2,1,20
DEFAULT,16151,8,1,3,12
DEFAULT,11408,17,0,1,18
DEFAULT,21404,11,1,2,14
DEFAULT,8497,13,0,4,17
DEFAULT,13887,13,0,1,14
DEFAULT,21586,14,2,3,19
DEFAULT,1771,7,0,1,8
DEFAULT,579,5,1,2,8
DEFAULT,972,5,0,2,7
DEFAULT,19750,14,0,2,16
DEFAULT,27978,12,1,1,14
DEFAULT,16097,15,1,1,17
DEFAULT,19562,10,1,3,14
DEFAULT,27468,12,0,2,14
DEFAULT,22458,12,0,2,14
DEFAULT,808,11,1,2,14
DEFAULT,1909,8,1,3,12
DEFAULT,2810,16,1,0,17
DEFAULT,45159,12,1,2,15
DEFAULT,7568,12,1,2,15
,,,,
DEFAULT,438,6,1,1,8
DEFAULT,804,9,0,2,11
DEFAULT,869,6,1,4,11
DEFAULT,8532,17,0,3,20
DEFAULT,1378,10,0,3,13
DEFAULT,275,5,2,0,7
DEFAULT,1247,3,0,1,4
,,,,
DEFAULT,7907,11,1,3,15
DEFAULT,990,6,0,1,7
DEFAULT,5352,14,0,1,15
,,,,
DEFAULT,97115,12,0,2,14
DEFAULT,21518,14,0,4,18
,,,,
DEFAULT,752,3,1,2,6
DEFAULT,617,8,1,3,12
DEFAULT,6087,10,0,3,13
DEFAULT,694,6,0,1,7
DEFAULT,399,5,0,3,8
,,,,
DEFAULT,809,5,1,2,8
DEFAULT,9244,11,1,3,15
,,,,
DEFAULT,9216,14,1,2,17
DEFAULT,60929,13,2,1,16
DEFAULT,1657,8,2,4,14
DEFAULT,925,4,1,1,6
DEFAULT,10919,13,1,2,16
DEFAULT,5211,8,0,4,12
,,,,
DEFAULT,43525,13,0,2,15
DEFAULT,19181,14,1,1,16
DEFAULT,13274,13,1,1,15
DEFAULT,28620,10,2,2,14
DEFAULT,1656,5,1,3,9
DEFAULT,9613,11,2,3,16
DEFAULT,19248,10,1,3,14
DEFAULT,10630,13,1,1,15
DEFAULT,8064,13,0,2,15
DEFAULT,1101,3,0,1,4
DEFAULT,556,9,1,3,13
DEFAULT,1098,7,0,3,10
DEFAULT,21218,10,0,1,11
DEFAULT,12906,13,0,1,14
DEFAULT,24306,12,0,2,14
DEFAULT,49307,11,1,1,13
,,,,
DEFAULT,410,4,2,0,6
DEFAULT,4668,10,1,4,15
,,,,
DEFAULT,16824,14,0,1,15
DEFAULT,20243,13,1,1,15
DEFAULT,11220,13,2,3,18
DEFAULT,6108,11,2,3,16
DEFAULT,15247,14,0,2,16
DEFAULT,19824,12,2,1,15
DEFAULT,26266,9,1,2,12
DEFAULT,12220,11,1,1,13
DEFAULT,556,8,1,0,9
DEFAULT,71142,12,0,2,14
DEFAULT,4173,8,1,2,11
DEFAULT,1123,8,2,3,13
DEFAULT,3991,10,2,3,15
,,,,
DEFAULT,23488,13,2,0,15
DEFAULT,11234,11,1,1,13
DEFAULT,12558,12,0,1,13
DEFAULT,1156,8,2,4,14
DEFAULT,2630,10,1,4,15
DEFAULT,11866,15,1,3,19
DEFAULT,16431,10,1,3,14
DEFAULT,440,4,1,2,7
DEFAULT,1893,9,2,3,14
DEFAULT,27828,14,0,1,15
DEFAULT,990,1,1,1,3
DEFAULT,11702,13,1,2,16
DEFAULT,15673,14,1,1,16
DEFAULT,16171,9,2,3,14
DEFAULT,1400,8,0,3,11
DEFAULT,20782,12,2,2,16
DEFAULT,1473,4,0,0,4
DEFAULT,829,8,1,4,13
DEFAULT,4243,10,2,2,14
DEFAULT,30726,13,2,2,17
DEFAULT,19122,11,2,2,15
DEFAULT,23721,11,0,3,14
,,,,
DEFAULT,475,8,1,3,12
DEFAULT,416,4,1,1,6
,,,,
DEFAULT,44036,11,0,2,13
DEFAULT,67,7,2,0,9
DEFAULT,12880,13,2,2,17
DEFAULT,957,5,0,3,8
DEFAULT,883,6,1,3,10
DEFAULT,1402,4,0,3,7
DEFAULT,1951,11,1,2,14
DEFAULT,941,7,0,2,9
DEFAULT,1391,12,1,3,16
DEFAULT,7129,15,1,3,19
DEFAULT,1074,5,1,0,6
DEFAULT,14387,13,1,2,16
DEFAULT,1520,10,1,3,14
DEFAULT,35935,14,1,1,16
DEFAULT,898,8,0,3,11
DEFAULT,22168,14,1,1,16
DEFAULT,21562,11,1,2,14
DEFAULT,7388,16,2,1,19
DEFAULT,25046,12,1,2,15
DEFAULT,31325,14,1,0,15
DEFAULT,8754,10,2,3,15
DEFAULT,15799,9,0,2,11
DEFAULT,17756,9,2,0,11
DEFAULT,20182,11,2,1,14
DEFAULT,15995,12,0,2,14
DEFAULT,13711,14,1,1,16
,,,,
,,,,
,,,,
DEFAULT,37631,13,0,1,14
DEFAULT,1293,10,2,3,15
,,,,
,,,,
DEFAULT,6214,12,1,2,15
DEFAULT,21860,13,0,3,16
DEFAULT,46244,13,0,3,16
DEFAULT,2572,9,1,3,13
DEFAULT,1034,6,0,1,7
,,,,
DEFAULT,933,9,1,2,12
DEFAULT,28984,14,1,2,17
DEFAULT,8136,13,1,2,16
DEFAULT,12995,16,1,2,19
DEFAULT,6379,15,2,2,19
DEFAULT,6249,15,0,2,17
DEFAULT,570,8,0,0,8
DEFAULT,1226,6,0,1,7
DEFAULT,1076,4,0,4,8
DEFAULT,670,5,0,2,7
DEFAULT,1944,10,0,4,14
DEFAULT,74071,11,1,1,13
,,,,
DEFAULT,1039,7,0,1,8
,,,,
DEFAULT,749,5,1,3,9
DEFAULT,1086,3,1,0,4
DEFAULT,720,5,1,0,6
,,,,
DEFAULT,4091,9,0,4,13
DEFAULT,37909,12,0,2,14
DEFAULT,20663,12,1,1,14
DEFAULT,14456,11,0,3,14
DEFAULT,451,5,1,1,7
DEFAULT,80673,13,0,3,16
DEFAULT,75888,12,1,3,16
DEFAULT,24181,10,2,2,14
DEFAULT,350,6,1,2,9
DEFAULT,2763,11,1,3,15
,,,,
DEFAULT,2211,10,1,2,13
DEFAULT,12835,11,0,1,12
DEFAULT,1014,10,1,4,15
DEFAULT,98,6,1,2,9
DEFAULT,10081,13,1,2,16
DEFAULT,8670,11,0,1,12
DEFAULT,1919,11,1,4,16
DEFAULT,584,8,2,2,12
DEFAULT,27001,12,1,1,14
DEFAULT,16891,12,1,1,14
,,,,
DEFAULT,9986,16,1,1,18
DEFAULT,98,7,1,1,9
DEFAULT,14963,13,1,3,17
DEFAULT,125,6,1,2,9
DEFAULT,18821,10,0,3,13
DEFAULT,24567,13,1,2,16
,,,,
DEFAULT,21691,12,2,3,17
DEFAULT,4712,11,0,0,11
DEFAULT,38467,13,1,1,15
,,,,
DEFAULT,316,8,0,1,9
DEFAULT,9609,11,2,2,15
DEFAULT,26261,12,2,2,16
DEFAULT,24173,10,1,1,12
DEFAULT,80279,13,1,2,16
,,,,
DEFAULT,8687,14,0,1,15
,,,,
DEFAULT,749,7,2,0,9
DEFAULT,18221,15,0,1,16
DEFAULT,3604,10,2,1,13
DEFAULT,808,6,2,3,11
DEFAULT,3992,10,2,2,14
DEFAULT,376,6,1,1,8
DEFAULT,4787,12,1,1,14
DEFAULT,318,5,1,1,7
DEFAULT,1773,6,2,1,9
DEFAULT,11614,13,0,3,16
DEFAULT,246,6,0,1,7
DEFAULT,2269,6,1,4,11
DEFAULT,15128,11,1,1,13
DEFAULT,11322,8,1,3,12
DEFAULT,1152,7,2,2,11
DEFAULT,38817,11,1,3,15
DEFAULT,12773,11,1,2,14
DEFAULT,571,7,0,1,8
DEFAULT,897,7,0,1,8
DEFAULT,12188,10,2,2,14
DEFAULT,9028,11,2,4,17
DEFAULT,13808,11,1,3,15
DEFAULT,5347,14,0,2,16
,,,,
DEFAULT,8015,13,0,1,14
DEFAULT,8298,11,0,3,14
DEFAULT,797,7,1,3,11
DEFAULT,12028,13,1,3,17
DEFAULT,5188,10,2,2,14
DEFAULT,491,6,0,2,8
DEFAULT,2725,8,1,2,11
,,,,
DEFAULT,6988,13,1,3,17
DEFAULT,9130,10,1,1,12
DEFAULT,16700,9,1,1,11
DEFAULT,172,6,0,1,7
DEFAULT,18491,9,0,3,12
DEFAULT,9290,12,1,3,16
DEFAULT,17859,14,1,1,16
DEFAULT,15500,14,2,2,18
,,,,
DEFAULT,40407,10,1,1,12
DEFAULT,40990,12,2,1,15
,,,,
DEFAULT,14086,10,2,2,14
DEFAULT,7139,12,2,3,17
DEFAULT,2641,11,0,2,13
,,,,
DEFAULT,447,9,1,0,10
DEFAULT,7740,13,2,2,17
DEFAULT,17248,11,1,3,15
,,,,
DEFAULT,1307,9,0,0,9
DEFAULT,796,9,0,3,12
,,,,
DEFAULT,27855,12,0,2,14
DEFAULT,496,8,0,2,10
,,,,
DEFAULT,21526,11,1,2,14
,,,,
DEFAULT,662,8,0,0,8
DEFAULT,58,7,1,1,9
DEFAULT,1166,5,2,3,10
DEFAULT,7268,11,2,3,16
DEFAULT,13173,11,1,3,15
DEFAULT,1677,6,2,1,9
DEFAULT,6863,14,1,3,18
DEFAULT,394,8,0,0,8
DEFAULT,722,4,0,2,6
DEFAULT,8284,15,2,1,18
DEFAULT,331,11,0,1,12
DEFAULT,871,4,0,1,5
DEFAULT,4653,14,1,2,17
DEFAULT,12917,11,1,3,15
DEFAULT,46035,11,2,1,14
,,,,
DEFAULT,3922,15,2,3,20
DEFAULT,14526,13,1,1,15
DEFAULT,12279,15,1,1,17
DEFAULT,14114,12,1,2,15
DEFAULT,976,3,1,1,5
DEFAULT,4936,17,0,2,19
DEFAULT,23448,13,1,2,16
DEFAULT,526,9,1,1,11
DEFAULT,442,7,0,0,7
DEFAULT,11156,12,1,4,17
,,,,
DEFAULT,6677,14,1,3,18
DEFAULT,12548,6,1,1,8
DEFAULT,5906,9,1,2,12
DEFAULT,594,10,0,2,12
DEFAULT,6336,10,1,2,13
DEFAULT,10978,12,2,2,16
DEFAULT,7816,13,1,2,16
DEFAULT,5352,15,0,2,17
DEFAULT,13989,13,0,2,15
,,,,
DEFAULT,28539,11,1,2,14
DEFAULT,1845,5,1,2,8
DEFAULT,5196,13,2,1,16
DEFAULT,692,10,2,2,14
DEFAULT,11118,10,2,2,14
DEFAULT,13738,13,1,2,16
DEFAULT,736,8,0,2,10
DEFAULT,6045,10,0,0,10
DEFAULT,1005,7,0,1,8
DEFAULT,12611,14,1,1,16
DEFAULT,34411,14,2,1,17
DEFAULT,3567,11,0,1,12
,,,,
DEFAULT,21569,14,2,2,18
DEFAULT,4277,13,2,2,17
DEFAULT,61818,11,0,0,11
DEFAULT,1374,6,1,3,10
,,,,
DEFAULT,1609,6,2,4,12
DEFAULT,903,7,2,2,11
DEFAULT,599,7,1,1,9
DEFAULT,2034,5,2,4,11
DEFAULT,21429,12,1,1,14
DEFAULT,25491,11,1,0,12
DEFAULT,2899,11,0,4,15
DEFAULT,2236,8,1,4,13
,,,,
DEFAULT,344,7,1,1,9
DEFAULT,23945,10,0,3,13
DEFAULT,13265,13,1,2,16
DEFAULT,492,6,0,1,7
DEFAULT,709,5,1,3,9
DEFAULT,1826,13,2,1,16
DEFAULT,6238,13,1,2,16
DEFAULT,3612,10,1,1,12
DEFAULT,40660,9,1,1,11
DEFAULT,64706,11,1,1,13
DEFAULT,7537,15,0,2,17
DEFAULT,754,9,1,2,12
,,,,
,,,,
DEFAULT,19327,11,1,0,12
DEFAULT,4469,12,1,1,14
DEFAULT,5605,14,2,3,19
DEFAULT,1599,10,0,1,11
DEFAULT,5809,13,2,4,19
DEFAULT,3556,8,1,3,12
DEFAULT,754,9,0,3,12
DEFAULT,6277,10,0,4,14
DEFAULT,2742,10,1,2,13
DEFAULT,30707,12,0,3,15
DEFAULT,4365,13,1,2,16
,,,,
DEFAULT,884,9,1,1,11
DEFAULT,18494,11,2,3,16
DEFAULT,19441,9,2,2,13
DEFAULT,23925,13,1,3,17
DEFAULT,4455,13,2,2,17
DEFAULT,4137,13,2,3,18
DEFAULT,9119,12,1,2,15
DEFAULT,2255,12,1,2,15
DEFAULT,6966,13,1,2,16
DEFAULT,883,4,2,2,8
DEFAULT,25764,12,1,2,15
DEFAULT,8545,16,1,1,18
DEFAULT,939,8,2,3,13
DEFAULT,4229,13,1,2,16
DEFAULT,1315,9,1,0,10
DEFAULT,50717,12,2,2,16
DEFAULT,7835,12,1,3,16
,,,,
DEFAULT,24012,11,0,3,14
DEFAULT,587,6,0,3,9
,,,,
DEFAULT,16376,13,1,3,17
DEFAULT,11411,15,0,2,17
DEFAULT,8869,10,1,3,14
DEFAULT,8612,11,2,4,17
DEFAULT,579,5,1,2,8
DEFAULT,5890,9,1,1,11
DEFAULT,774,5,0,1,6
DEFAULT,87421,11,1,2,14
DEFAULT,1437,7,2,2,11
DEFAULT,40456,12,1,1,14
,,,,
DEFAULT,26526,13,0,2,15
DEFAULT,971,8,0,2,10
DEFAULT,29470,11,1,1,13
,,,,
DEFAULT,450,10,0,1,11
,,,,
DEFAULT,17296,17,0,3,20
DEFAULT,11250,13,1,2,16
DEFAULT,11008,12,1,3,16
DEFAULT,27208,14,1,2,17
DEFAULT,750,6,1,1,8
DEFAULT,968,5,0,2,7
DEFAULT,8019,14,2,1,17
DEFAULT,741,7,1,1,9
DEFAULT,12432,11,0,2,13
DEFAULT,6863,14,1,3,18
DEFAULT,7437,13,1,3,17
DEFAULT,15845,15,1,1,17
DEFAULT,6321,12,1,3,16
,,,,
DEFAULT,1389,7,2,3,12
DEFAULT,749,6,1,1,8
DEFAULT,22911,12,1,2,15
DEFAULT,7063,14,1,2,17
DEFAULT,15376,12,1,0,13
,,,,
DEFAULT,88564,11,1,3,15
DEFAULT,695,4,0,3,7
DEFAULT,14340,9,1,3,13
DEFAULT,69071,13,0,3,16
DEFAULT,3591,11,2,3,16
DEFAULT,3363,11,1,4,16
,,,,
DEFAULT,14350,10,0,3,13
,,,,
DEFAULT,16451,14,1,2,17
DEFAULT,5654,13,1,2,16
DEFAULT,6931,10,2,4,16
DEFAULT,10911,11,1,3,15
DEFAULT,598,6,1,4,11
,,,,
DEFAULT,2874,9,0,3,12
DEFAULT,21415,13,2,2,17
DEFAULT,19908,10,1,3,14
DEFAULT,13421,13,1,2,16
DEFAULT,1049,4,2,1,7
DEFAULT,77999,10,0,3,13
DEFAULT,12860,11,0,3,14
DEFAULT,28427,14,0,3,17
,,,,
DEFAULT,2050,7,0,3,10
DEFAULT,1111,10,1,4,15
,,,,
DEFAULT,3505,10,0,4,14
DEFAULT,13918,12,0,4,16
,,,,
DEFAULT,1610,0,1,0,1
DEFAULT,6854,15,1,2,18
,,,,
DEFAULT,171,7,1,3,11
DEFAULT,2173,10,1,2,13
DEFAULT,4037,9,1,2,12
DEFAULT,1087,9,0,4,13
DEFAULT,11025,11,0,3,14
DEFAULT,21968,13,1,2,16
DEFAULT,34184,11,2,2,15
,,,,
DEFAULT,36450,10,1,2,13
DEFAULT,10272,11,1,3,15
DEFAULT,8509,16,1,1,18
DEFAULT,350,6,0,2,8
DEFAULT,17369,15,0,3,18
,,,,
DEFAULT,964,5,0,1,6
DEFAULT,900,7,1,0,8
DEFAULT,8757,14,1,3,18
DEFAULT,8976,14,0,2,16
DEFAULT,1143,8,1,0,9
DEFAULT,14572,10,1,1,12
,,,,
,,,,
DEFAULT,1191,5,0,1,6
DEFAULT,5645,11,1,4,16
DEFAULT,1157,10,0,0,10
,,,,
,,,,
DEFAULT,2361,12,0,2,14
DEFAULT,7984,13,1,2,16
DEFAULT,32894,10,1,2,13
DEFAULT,6749,10,2,4,16
DEFAULT,951,8,2,1,11
DEFAULT,23610,11,1,3,15
,,,,
DEFAULT,14515,12,1,2,15
,,,,
DEFAULT,9459,12,2,2,16
DEFAULT,702,7,1,3,11
DEFAULT,637,9,1,2,12
DEFAULT,10714,14,2,2,18
DEFAULT,32383,13,1,3,17
DEFAULT,9908,17,1,4,22
DEFAULT,15666,13,2,2,17
DEFAULT,11831,18,1,2,21
DEFAULT,13813,15,0,3,18
DEFAULT,9403,11,0,2,13
DEFAULT,1066,12,1,1,14
DEFAULT,15648,14,1,1,16
DEFAULT,600,7,1,2,10
DEFAULT,29390,12,1,1,14
DEFAULT,6350,10,2,4,16
DEFAULT,21473,14,2,2,18
DEFAULT,828,12,1,1,14
DEFAULT,10936,11,0,2,13
DEFAULT,6765,12,2,1,15
DEFAULT,11099,15,1,3,19
DEFAULT,15132,11,1,2,14
DEFAULT,1327,10,0,2,12
DEFAULT,10303,10,2,3,15
DEFAULT,29171,14,1,1,16
DEFAULT,767,4,1,3,8
DEFAULT,2693,12,0,4,16
,,,,
DEFAULT,4033,15,1,4,20
DEFAULT,19759,14,1,3,18
DEFAULT,43119,12,1,1,14
DEFAULT,1108,3,2,0,5
,,,,
DEFAULT,25213,14,1,3,18
DEFAULT,9669,14,1,2,17
DEFAULT,11230,10,0,3,13
DEFAULT,5666,13,0,3,16
DEFAULT,36548,9,1,3,13
,,,,
DEFAULT,2213,11,2,2,15
,,,,
DEFAULT,264,9,0,0,9
DEFAULT,929,2,0,2,4
DEFAULT,738,1,0,2,3
DEFAULT,9903,12,1,1,14
DEFAULT,7223,11,1,1,13
DEFAULT,3153,13,1,4,18
DEFAULT,3474,11,2,4,17
DEFAULT,992,6,2,4,12
,,,,
,,,,
DEFAULT,14426,9,1,3,13
DEFAULT,176,9,2,1,12
DEFAULT,9202,13,0,4,17
,,,,
DEFAULT,45461,10,0,3,13
DEFAULT,6059,11,1,3,15
DEFAULT,9032,11,2,3,16
DEFAULT,2412,11,1,1,13
DEFAULT,3962,11,2,1,14
DEFAULT,9435,14,0,2,16
DEFAULT,322,12,2,3,17
DEFAULT,964,4,1,1,6
DEFAULT,944,6,0,3,9
DEFAULT,907,4,0,0,4
DEFAULT,29279,11,1,2,14
DEFAULT,9507,13,2,1,16
DEFAULT,15729,13,2,1,16
DEFAULT,48480,13,2,3,18
DEFAULT,1214,5,0,0,5
,,,,
DEFAULT,18911,13,2,1,16
DEFAULT,1203,6,2,3,11
DEFAULT,22982,11,2,1,14
DEFAULT,18600,11,1,3,15
DEFAULT,6259,12,0,4,16
DEFAULT,956,9,2,3,14
DEFAULT,1350,5,0,1,6
DEFAULT,27462,12,2,2,16
DEFAULT,20454,13,2,2,17
DEFAULT,4909,7,1,3,11
DEFAULT,835,8,1,1,10
DEFAULT,669,7,0,2,9
DEFAULT,20054,13,1,2,16
DEFAULT,410,9,1,2,12
DEFAULT,12595,16,2,1,19
,,,,
DEFAULT,15475,15,2,2,19
DEFAULT,10761,14,1,1,16
,,,,
,,,,
DEFAULT,1234,5,2,3,10
DEFAULT,1125,4,1,1,6
,,,,
DEFAULT,12803,12,1,2,15
DEFAULT,873,7,2,1,10
DEFAULT,18335,10,0,2,12
,,,,
DEFAULT,16817,11,1,3,15
DEFAULT,386,10,1,2,13
DEFAULT,25207,7,1,2,10
DEFAULT,28374,12,2,0,14
DEFAULT,10088,14,1,1,16
DEFAULT,8296,13,1,2,16
,,,,
DEFAULT,61998,15,2,2,19
DEFAULT,1319,5,0,1,6
,,,,
DEFAULT,18700,13,2,1,16
DEFAULT,33723,12,1,2,15
DEFAULT,3648,11,0,2,13
DEFAULT,654,7,2,1,10
,,,,
DEFAULT,30756,11,0,1,12
DEFAULT,21650,14,1,1,16
DEFAULT,26214,11,1,3,15
DEFAULT,1747,4,2,1,7
DEFAULT,5235,16,1,1,18
,,,,
DEFAULT,1612,8,1,4,13
DEFAULT,1332,9,2,0,11
DEFAULT,608,8,2,1,11
DEFAULT,387,10,0,2,12
,,,,
DEFAULT,393,6,0,2,8
,,,,
DEFAULT,11938,9,0,2,11
DEFAULT,1193,8,0,0,8
DEFAULT,1494,8,2,2,12
DEFAULT,10279,13,1,3,17
DEFAULT,2380,10,1,4,15
DEFAULT,7956,15,2,3,20
DEFAULT,936,8,2,2,12
DEFAULT,882,6,0,3,9
DEFAULT,1688,11,0,4,15
DEFAULT,3275,9,2,3,14
DEFAULT,1641,8,2,1,11
DEFAULT,4643,13,0,3,16
DEFAULT,796,7,1,0,8
,,,,
DEFAULT,10100,11,1,2,14
DEFAULT,210,7,0,1,8
DEFAULT,12521,12,1,3,16
DEFAULT,33228,11,0,2,13
DEFAULT,395,10,0,1,11
DEFAULT,482,7,0,3,10
DEFAULT,76237,12,0,1,13
DEFAULT,852,4,0,3,7
DEFAULT,56668,14,1,1,16
DEFAULT,1181,9,1,1,11
DEFAULT,592,6,1,0,7
DEFAULT,1174,8,2,2,12
,,,,
DEFAULT,47942,12,2,2,16
,,,,
DEFAULT,16271,12,1,2,15
DEFAULT,37991,13,0,3,16
DEFAULT,871,5,2,2,9
DEFAULT,13359,12,1,3,16
DEFAULT,15629,14,1,2,17
DEFAULT,7366,11,0,2,13
DEFAULT,1154,10,0,1,11
DEFAULT,1235,8,0,2,10
DEFAULT,1231,5,0,0,5
DEFAULT,2068,11,1,2,14
DEFAULT,430,7,0,2,9
DEFAULT,8971,12,0,2,14
DEFAULT,32058,11,2,1,14
DEFAULT,2646,10,1,3,14
DEFAULT,2079,7,1,3,11
DEFAULT,20767,12,2,2,16
,,,,
,,,,
DEFAULT,16592,13,2,1,16
DEFAULT,6413,14,1,3,18
DEFAULT,455,6,1,3,10
DEFAULT,28819,14,1,3,18
DEFAULT,1365,12,2,3,17
DEFAULT,1056,12,0,0,12
DEFAULT,10115,9,0,1,10
DEFAULT,1899,7,0,3,10
DEFAULT,386,10,1,1,12
DEFAULT,102,6,0,1,7
DEFAULT,2036,11,0,1,12
DEFAULT,4278,12,1,2,15
DEFAULT,277,5,0,2,7
DEFAULT,1181,10,1,3,14
DEFAULT,17916,12,2,3,17
DEFAULT,11381,10,1,3,14
DEFAULT,9370,13,1,1,15
,,,,
DEFAULT,17310,10,2,4,16
DEFAULT,370,7,0,0,7
,,,,
DEFAULT,1332,6,2,1,9
DEFAULT,37080,12,1,2,15
DEFAULT,26234,11,2,2,15
DEFAULT,1623,8,1,2,11
DEFAULT,1344,8,0,2,10
,,,,
DEFAULT,926,4,1,2,7
,,,,
DEFAULT,19251,14,1,2,17
DEFAULT,1002,11,2,2,15
DEFAULT,438,5,1,3,9
DEFAULT,31482,8,2,2,12
DEFAULT,2108,10,1,3,14
DEFAULT,42854,12,2,2,16
DEFAULT,7156,11,2,3,16
,,,,
DEFAULT,585,9,0,2,11
DEFAULT,4019,8,2,4,14
DEFAULT,16210,8,1,3,12
DEFAULT,4878,11,1,4,16
DEFAULT,12070,10,2,2,14
DEFAULT,855,7,1,1,9
DEFAULT,3050,12,2,3,17
DEFAULT,25225,12,1,1,14
DEFAULT,1266,3,1,0,4
DEFAULT,2551,10,1,3,14
DEFAULT,125,5,2,2,9
DEFAULT,2692,13,2,3,18
,,,,
DEFAULT,1542,5,1,2,8
DEFAULT,24103,11,1,2,14
DEFAULT,17548,10,2,3,15
,,,,
,,,,
DEFAULT,39975,15,0,2,17
DEFAULT,1440,12,1,1,14
DEFAULT,7212,13,2,4,19
DEFAULT,19853,14,1,1,16
DEFAULT,989,7,1,3,11
DEFAULT,2261,9,2,1,12
DEFAULT,8079,11,1,3,15
DEFAULT,3398,11,2,2,15
DEFAULT,16722,11,2,2,15
DEFAULT,13498,13,1,2,16
,,,,
DEFAULT,26396,13,1,2,16
DEFAULT,1216,6,1,3,10
DEFAULT,7141,12,1,2,15
DEFAULT,7226,12,0,1,13
DEFAULT,924,8,0,2,10
DEFAULT,834,4,0,1,5
,,,,
DEFAULT,12042,15,2,1,18
DEFAULT,832,8,1,4,13
DEFAULT,11192,12,1,3,16
DEFAULT,1146,3,1,1,5
DEFAULT,18346,12,1,1,14
DEFAULT,530,5,0,3,8
DEFAULT,5309,13,1,0,14
DEFAULT,1627,8,2,4,14
DEFAULT,697,6,2,1,9
DEFAULT,797,4,0,1,5
DEFAULT,1020,2,2,1,5
DEFAULT,64106,13,0,4,17
DEFAULT,39017,11,1,2,14
DEFAULT,16243,12,0,2,14
,,,,
DEFAULT,22086,11,1,2,14
DEFAULT,4463,12,1,4,17
,,,,
DEFAULT,9250,12,2,2,16
DEFAULT,46221,7,1,2,10
DEFAULT,515,9,0,2,11
DEFAULT,5241,14,0,3,17
DEFAULT,1188,8,0,1,9
DEFAULT,814,5,0,2,7
DEFAULT,1275,4,1,1,6
DEFAULT,11689,10,0,2,12
DEFAULT,6658,12,2,2,16
,,,,
DEFAULT,504,5,1,1,7
DEFAULT,22003,9,2,1,12
DEFAULT,136,7,0,0,7
DEFAULT,255,11,1,1,13
DEFAULT,528,5,2,1,8
DEFAULT,13265,12,1,2,15
,,,,
DEFAULT,1394,4,1,0,5
DEFAULT,619,6,1,1,8
DEFAULT,21729,14,1,2,17
DEFAULT,561,7,2,0,9
DEFAULT,567,8,0,0,8
DEFAULT,626,6,2,3,11
,,,,
DEFAULT,962,7,0,0,7
,,,,
DEFAULT,1031,9,2,1,12
DEFAULT,25614,12,0,3,15
DEFAULT,18164,14,1,1,16
DEFAULT,5440,10,1,2,13
DEFAULT,3895,10,1,4,15
,,,,
DEFAULT,3671,13,2,2,17
DEFAULT,10943,12,0,3,15
DEFAULT,16079,12,1,3,16
DEFAULT,7157,15,0,1,16
DEFAULT,815,6,1,0,7
DEFAULT,15636,13,0,2,15
DEFAULT,1163,6,2,2,10
DEFAULT,305,9,0,0,9
DEFAULT,468,8,0,2,10
DEFAULT,5063,10,1,1,12
DEFAULT,2459,10,2,4,16
DEFAULT,5933,8,1,4,13
DEFAULT,21869,11,2,1,14
DEFAULT,3703,11,0,3,14
DEFAULT,35028,12,2,2,16
DEFAULT,19041,15,1,1,17
DEFAULT,993,4,0,1,5
DEFAULT,11702,14,0,1,15
DEFAULT,23651,13,1,1,15
DEFAULT,311,8,1,2,11
DEFAULT,782,11,1,2,14
DEFAULT,4347,15,0,2,17
DEFAULT,15488,15,2,1,18
DEFAULT,12952,14,1,2,17
,,,,
DEFAULT,49335,13,2,2,17
DEFAULT,22711,11,1,0,12
DEFAULT,14758,11,1,1,13
DEFAULT,652,11,0,2,13
DEFAULT,42765,12,2,3,17
DEFAULT,66170,11,1,1,13
,,,,
DEFAULT,637,8,0,2,10
,,,,
DEFAULT,34313,10,0,2,12
DEFAULT,544,7,2,1,10
DEFAULT,776,5,2,2,9
DEFAULT,2910,10,1,3,14
DEFAULT,9461,10,2,1,13
DEFAULT,13243,10,2,3,15
DEFAULT,32083,13,0,1,14
DEFAULT,14682,10,2,2,14
DEFAULT,2994,7,2,2,11
DEFAULT,13460,9,0,2,11
DEFAULT,990,6,0,0,6
DEFAULT,3756,8,1,4,13
DEFAULT,760,10,0,2,12
,,,,
,,,,
DEFAULT,16965,12,2,1,15
DEFAULT,3818,9,1,4,14
DEFAULT,997,7,1,3,11
DEFAULT,6829,10,1,2,13
DEFAULT,8708,14,2,3,19
DEFAULT,30771,9,1,1,11
DEFAULT,680,7,0,1,8
DEFAULT,3776,11,1,3,15
DEFAULT,21424,12,2,1,15
DEFAULT,1328,6,1,3,10
DEFAULT,43901,13,0,1,14
DEFAULT,18756,12,1,2,15
DEFAULT,943,8,1,3,12
,,,,
DEFAULT,36083,12,1,2,15
DEFAULT,603,7,1,1,9
DEFAULT,45248,12,2,2,16
DEFAULT,17606,10,2,2,14
DEFAULT,1181,10,2,3,15
DEFAULT,473,8,1,0,9
DEFAULT,14190,13,1,3,17
DEFAULT,721,7,0,3,10
DEFAULT,39859,10,1,0,11
DEFAULT,306,6,0,2,8
DEFAULT,1132,4,1,2,7
,,,,
,,,,
DEFAULT,9174,12,1,2,15
DEFAULT,36200,11,1,3,15
DEFAULT,999,8,0,0,8
DEFAULT,32753,13,0,2,15
DEFAULT,35887,13,1,2,16
DEFAULT,759,9,1,1,11
,,,,
DEFAULT,6695,12,1,2,15
DEFAULT,641,8,0,3,11
DEFAULT,1344,9,0,2,11
DEFAULT,139,8,0,1,9
DEFAULT,15229,13,1,1,15
,,,,
DEFAULT,28,6,1,1,8
DEFAULT,10093,14,1,1,16
DEFAULT,451,7,1,1,9
DEFAULT,600,7,0,2,9
,,,,
DEFAULT,1429,1,1,3,5
DEFAULT,11988,10,1,1,12
DEFAULT,8936,13,1,3,17
DEFAULT,924,2,1,1,4
DEFAULT,11641,15,1,2,18
DEFAULT,673,6,1,2,9
DEFAULT,11390,13,0,3,16
DEFAULT,490,9,1,0,10
DEFAULT,12717,12,2,1,15
DEFAULT,1943,11,2,4,17
,,,,
DEFAULT,1111,4,0,1,5
DEFAULT,1081,7,1,0,8
DEFAULT,1503,7,0,4,11
DEFAULT,40292,12,2,2,16
DEFAULT,11756,12,1,2,15
DEFAULT,1073,13,0,4,17
DEFAULT,450,7,0,2,9
DEFAULT,711,11,1,1,13
DEFAULT,405,5,0,1,6
DEFAULT,9046,11,1,3,15
DEFAULT,704,5,1,1,7
DEFAULT,7933,12,2,2,16
DEFAULT,13086,11,2,2,15
,,,,
DEFAULT,9398,16,1,2,19
DEFAULT,1345,7,1,3,11
DEFAULT,4265,8,1,1,10
DEFAULT,583,6,0,0,6
DEFAULT,785,9,1,3,13
DEFAULT,8953,12,1,2,15
,,,,
DEFAULT,261,9,0,2,11
DEFAULT,16603,14,1,1,16
DEFAULT,260,6,1,0,7
DEFAULT,16739,12,1,2,15
DEFAULT,862,7,1,2,10
DEFAULT,968,6,1,2,9
DEFAULT,2783,10,1,1,12
DEFAULT,606,10,1,1,12
DEFAULT,70762,11,2,2,15
DEFAULT,1092,9,1,2,12
,,,,
DEFAULT,6986,10,2,2,14
DEFAULT,231,13,1,1,15
DEFAULT,1094,7,0,3,10
DEFAULT,52104,14,0,2,16
,,,,
,,,,
DEFAULT,31663,13,1,0,14
DEFAULT,4469,8,0,3,11
DEFAULT,985,9,2,4,15
DEFAULT,30774,11,1,3,15
DEFAULT,44137,13,1,1,15
DEFAULT,522,6,0,3,9
DEFAULT,838,8,1,3,12
DEFAULT,39965,10,1,1,12
DEFAULT,43899,12,0,1,13
DEFAULT,11976,12,1,2,15
DEFAULT,719,10,2,3,15
DEFAULT,1836,9,0,3,12
DEFAULT,563,5,0,4,9
,,,,
,,,,
,,,,
,,,,
DEFAULT,6818,13,1,1,15
,,,,
DEFAULT,988,11,2,3,16
DEFAULT,7468,11,1,2,14
DEFAULT,14523,12,1,3,16
,,,,
DEFAULT,527,6,1,0,7
DEFAULT,1534,5,0,4,9
DEFAULT,1076,4,1,0,5
DEFAULT,64524,14,0,1,15
DEFAULT,433,9,2,2,13
,,,,
DEFAULT,6195,13,1,2,16
DEFAULT,1477,10,2,2,14
DEFAULT,1640,3,2,3,8
DEFAULT,1310,7,2,2,11
DEFAULT,4496,12,1,4,17
,,,,
DEFAULT,13780,14,1,3,18
DEFAULT,363,7,0,3,10
DEFAULT,128,9,0,1,10
DEFAULT,3304,11,2,3,16
DEFAULT,978,5,0,1,6
DEFAULT,848,3,1,0,4
DEFAULT,216,7,0,2,9
DEFAULT,6069,9,0,1,10
DEFAULT,23778,12,0,1,13
DEFAULT,7840,12,0,3,15
DEFAULT,1469,9,1,4,14
,,,,
,,,,
DEFAULT,13570,14,1,3,18
DEFAULT,1192,4,2,2,8
DEFAULT,9539,17,0,2,19
,,,,
DEFAULT,20988,12,1,1,14
DEFAULT,12655,13,0,2,15
DEFAULT,9370,13,0,2,15
,,,,
DEFAULT,23290,9,0,1,10
DEFAULT,31774,13,0,1,14
DEFAULT,36198,9,0,2,11
DEFAULT,22471,10,2,1,13
DEFAULT,14178,13,1,2,16
,,,,
DEFAULT,3591,12,2,3,17
DEFAULT,341,7,2,2,11
DEFAULT,1234,10,1,4,15
,,,,
DEFAULT,415,7,0,1,8
DEFAULT,18254,10,2,1,13
DEFAULT,1925,7,1,4,12
DEFAULT,13998,13,0,2,15
DEFAULT,480,7,0,1,8
DEFAULT,1421,9,1,1,11
DEFAULT,16057,14,1,3,18
DEFAULT,6587,11,1,2,14
DEFAULT,948,4,1,4,9
DEFAULT,11107,12,2,2,16
DEFAULT,1098,8,1,1,10
DEFAULT,23090,12,1,2,15
DEFAULT,4886,12,1,1,14
DEFAULT,1737,10,2,4,16
DEFAULT,2785,11,0,4,15
DEFAULT,21960,13,0,1,14
DEFAULT,42237,12,1,3,16
DEFAULT,399,7,2,1,10
DEFAULT,11251,13,0,2,15
DEFAULT,18065,12,2,2,16
,,,,
DEFAULT,46988,12,1,2,15
DEFAULT,19754,12,2,1,15
,,,,
DEFAULT,2912,10,2,4,16
DEFAULT,19092,12,2,3,17
,,,,
DEFAULT,554,8,1,4,13
DEFAULT,815,7,2,4,13
DEFAULT,1022,5,0,1,6
DEFAULT,21190,13,1,2,16
DEFAULT,1368,4,0,2,6
DEFAULT,25067,12,1,2,15
,,,,
DEFAULT,1531,9,2,4,15
DEFAULT,946,9,1,3,13
DEFAULT,718,9,2,1,12
DEFAULT,21859,12,0,3,15
DEFAULT,758,11,1,1,13
DEFAULT,2933,7,1,4,12
DEFAULT,4693,16,2,3,21
DEFAULT,33137,13,1,2,16
DEFAULT,46224,13,1,3,17
DEFAULT,920,5,1,1,7
DEFAULT,20757,15,1,2,18
DEFAULT,7576,13,1,1,15
DEFAULT,879,6,0,3,9
DEFAULT,1336,4,1,1,6
,,,,
,,,,
,,,,
DEFAULT,95,8,1,2,11
DEFAULT,740,10,0,3,13
DEFAULT,5488,13,1,1,15
,,,,
DEFAULT,6620,14,1,3,18
DEFAULT,5638,11,2,3,16
DEFAULT,16839,13,0,2,15
DEFAULT,2001,8,1,2,11
DEFAULT,17486,9,1,1,11
DEFAULT,2206,13,2,2,17
DEFAULT,907,4,2,1,7
DEFAULT,1086,4,1,1,6
DEFAULT,7153,14,1,2,17
DEFAULT,11075,14,0,3,17
DEFAULT,31903,9,1,1,11
DEFAULT,45814,12,1,1,14
DEFAULT,1234,11,0,2,13
DEFAULT,38421,11,1,0,12
DEFAULT,7687,14,0,3,17
DEFAULT,16051,12,0,1,13
DEFAULT,571,7,1,0,8
DEFAULT,347,8,1,1,10
DEFAULT,19820,12,1,3,16
DEFAULT,34090,12,2,2,16
DEFAULT,887,3,0,2,5
DEFAULT,11984,14,0,3,17
,,,,
DEFAULT,1529,12,1,4,17
DEFAULT,82481,13,1,1,15
,,,,
DEFAULT,315,7,1,1,9
,,,,
DEFAULT,12051,10,0,1,11
DEFAULT,10973,12,2,1,15
DEFAULT,11995,11,1,2,14
DEFAULT,811,6,1,2,9
DEFAULT,11127,16,1,1,18
,,,,
DEFAULT,24441,14,0,2,16
DEFAULT,772,7,0,3,10
DEFAULT,457,4,1,2,7
,,,,
DEFAULT,13799,13,2,1,16
DEFAULT,115,8,0,1,9
DEFAULT,16540,11,2,2,15
DEFAULT,16834,11,0,2,13
DEFAULT,30976,12,1,2,15
DEFAULT,393,6,0,2,8
,,,,
DEFAULT,37240,11,0,3,14
DEFAULT,1393,5,0,2,7
DEFAULT,3389,10,1,2,13
DEFAULT,152,10,1,1,12
DEFAULT,832,6,0,2,8
DEFAULT,12457,9,1,1,11
DEFAULT,1406,10,0,3,13
DEFAULT,1912,6,2,3,11
DEFAULT,11064,11,0,3,14
DEFAULT,295,6,1,1,8
,,,,
DEFAULT,6393,12,1,2,15
DEFAULT,613,6,1,2,9
DEFAULT,1855,11,1,2,14
DEFAULT,14894,14,2,2,18
DEFAULT,11234,13,0,1,14
DEFAULT,28162,13,0,2,15
DEFAULT,440,9,0,1,10
,,,,
DEFAULT,5864,12,1,2,15
DEFAULT,19356,10,1,1,12
DEFAULT,34387,15,0,2,17
DEFAULT,2594,9,1,3,13
,,,,
DEFAULT,20387,11,1,4,16
,,,,
DEFAULT,1023,5,1,2,8
DEFAULT,8854,9,2,2,13
DEFAULT,15901,12,1,3,16
DEFAULT,3459,10,2,3,15
DEFAULT,11425,10,2,3,15
DEFAULT,8413,12,1,2,15
,,,,
DEFAULT,647,10,1,1,12
DEFAULT,2113,12,1,2,15
DEFAULT,1744,6,2,2,10
DEFAULT,11557,13,0,3,16
DEFAULT,9145,12,1,1,14
DEFAULT,21600,11,1,1,13
DEFAULT,886,4,1,3,8
DEFAULT,738,9,1,2,12
,,,,
DEFAULT,10899,11,1,3,15
DEFAULT,399,6,1,0,7
DEFAULT,1176,3,2,1,6
DEFAULT,9664,15,1,3,19
DEFAULT,69399,12,1,1,14
DEFAULT,15849,14,1,2,17
DEFAULT,6507,11,0,2,13
DEFAULT,8129,15,2,3,20
DEFAULT,870,4,0,0,4
DEFAULT,11579,8,2,2,12
DEFAULT,1311,9,1,2,12
DEFAULT,27114,11,1,2,14
DEFAULT,397,5,1,2,8
DEFAULT,26396,11,1,0,12
,,,,
DEFAULT,28370,11,2,2,15
,,,,
DEFAULT,3343,13,1,4,18
DEFAULT,13893,11,1,3,15
DEFAULT,712,6,1,3,10
DEFAULT,232,6,2,1,9
DEFAULT,21496,10,0,1,11
DEFAULT,23192,12,1,1,14
DEFAULT,12555,10,0,1,11
,,,,
DEFAULT,1626,3,1,1,5
DEFAULT,11773,14,1,2,17
DEFAULT,291,10,1,1,12
DEFAULT,62588,11,0,2,13
DEFAULT,21496,12,2,2,16
DEFAULT,43803,12,0,2,14
DEFAULT,21466,12,1,0,13
DEFAULT,2049,7,2,4,13
DEFAULT,419,11,1,2,14
DEFAULT,10163,14,2,2,18
,,,,
,,,,
DEFAULT,1014,3,1,0,4
DEFAULT,16355,13,0,3,16
DEFAULT,43787,12,2,0,14
DEFAULT,2528,12,2,3,17
DEFAULT,1048,9,2,3,14
DEFAULT,25519,13,1,2,16
DEFAULT,17995,13,0,3,16
,,,,
,,,,
DEFAULT,960,12,1,1,14
DEFAULT,11863,14,1,1,16
DEFAULT,53871,11,1,3,15
DEFAULT,5652,11,1,1,13
DEFAULT,1923,4,1,2,7
DEFAULT,3310,11,1,4,16
DEFAULT,1520,9,0,3,12
DEFAULT,24559,14,0,2,16
DEFAULT,830,4,0,2,6
DEFAULT,1145,11,0,1,12
DEFAULT,4941,11,1,3,15
DEFAULT,44535,10,2,0,12
DEFAULT,435,11,1,2,14
DEFAULT,4184,13,1,3,17
DEFAULT,9109,12,0,3,15
DEFAULT,760,7,0,2,9
DEFAULT,18481,13,1,3,17
DEFAULT,1067,6,1,1,8
DEFAULT,21961,14,1,2,17
DEFAULT,20988,11,2,3,16
DEFAULT,12966,14,1,1,16
DEFAULT,107,6,1,1,8
DEFAULT,4791,14,0,2,16
DEFAULT,1028,5,1,3,9
DEFAULT,15576,13,1,1,15
DEFAULT,10893,12,1,2,15
DEFAULT,10823,15,1,1,17
DEFAULT,12692,10,1,3,14
,,,,
DEFAULT,672,7,1,2,10
DEFAULT,465,6,1,2,9
DEFAULT,4929,16,1,3,20
DEFAULT,63546,12,1,0,13
DEFAULT,24201,10,1,1,12
,,,,
DEFAULT,16115,15,1,3,19
DEFAULT,6923,9,1,2,12
DEFAULT,26062,11,1,1,13
DEFAULT,26162,13,1,1,15
DEFAULT,28665,10,1,1,12
DEFAULT,10124,14,2,3,19
DEFAULT,6981,15,2,3,20
DEFAULT,588,10,0,3,13
DEFAULT,438,8,0,2,10
DEFAULT,16204,11,2,1,14
DEFAULT,18513,13,1,1,15
DEFAULT,339,4,0,1,5
DEFAULT,41926,12,2,1,15
DEFAULT,907,7,1,3,11
DEFAULT,13875,11,2,1,14
DEFAULT,3271,7,1,4,12
DEFAULT,5394,13,1,1,15
DEFAULT,631,7,1,1,9
,,,,
DEFAULT,1057,7,0,2,9
DEFAULT,5073,11,1,4,16
,,,,
DEFAULT,17864,12,2,2,16
,,,,
DEFAULT,8966,14,1,3,18
DEFAULT,6153,14,2,2,18
DEFAULT,2010,11,1,2,14
DEFAULT,19072,13,0,1,14
DEFAULT,19216,14,0,3,17
DEFAULT,3969,10,1,3,14
DEFAULT,335,8,1,2,11
DEFAULT,19829,12,1,2,15
DEFAULT,9539,13,1,3,17
,,,,
,,,,
DEFAULT,364,7,1,1,9
DEFAULT,26750,11,1,2,14
DEFAULT,906,7,2,1,10
DEFAULT,5008,13,2,2,17
DEFAULT,40899,12,1,3,16
DEFAULT,334,10,1,1,12
DEFAULT,10007,12,1,1,14
DEFAULT,1189,7,0,2,9
DEFAULT,11871,14,1,3,18
DEFAULT,3618,9,0,4,13
DEFAULT,29585,15,2,3,20
DEFAULT,11166,13,0,2,15
DEFAULT,6405,11,2,3,16
DEFAULT,1402,1,0,2,3
,,,,
DEFAULT,18339,12,1,3,16
DEFAULT,20637,9,1,3,13
DEFAULT,11179,14,1,3,18
DEFAULT,351,7,0,2,9
DEFAULT,16374,11,0,2,13
DEFAULT,1065,9,0,3,12
DEFAULT,590,11,1,0,12
DEFAULT,1807,8,1,2,11
DEFAULT,9180,10,0,2,12
DEFAULT,962,8,2,3,13
DEFAULT,1756,7,1,3,11
,,,,
DEFAULT,17360,8,1,2,11
DEFAULT,39875,12,1,2,15
,,,,
DEFAULT,49886,11,1,1,13
DEFAULT,22949,15,0,0,15
DEFAULT,580,7,1,3,11
DEFAULT,863,8,1,1,10
DEFAULT,14281,12,0,4,16
DEFAULT,12176,12,2,3,17
DEFAULT,394,7,2,1,10
DEFAULT,66104,13,0,2,15
,,,,
DEFAULT,765,6,0,1,7
DEFAULT,24715,14,1,2,17
DEFAULT,8717,13,1,3,17
DEFAULT,850,6,0,3,9
DEFAULT,5712,10,0,3,13
DEFAULT,11694,13,1,4,18
DEFAULT,1085,7,1,1,9
DEFAULT,15158,14,1,1,16
DEFAULT,1159,9,1,4,14
DEFAULT,23064,13,1,1,15
DEFAULT,73249,10,1,1,12
DEFAULT,1045,7,2,1,10
DEFAULT,1190,7,1,0,8
DEFAULT,836,8,2,3,13
DEFAULT,444,9,0,0,9
,,,,
DEFAULT,855,8,0,1,9
DEFAULT,15050,13,0,3,16
DEFAULT,18220,10,1,2,13
DEFAULT,18305,12,0,2,14
DEFAULT,8901,12,1,3,16
DEFAULT,37843,11,2,2,15
DEFAULT,366,11,0,2,13
DEFAULT,21775,10,1,1,12
DEFAULT,9821,8,1,3,12
DEFAULT,635,7,0,2,9
DEFAULT,1024,5,0,0,5
DEFAULT,30701,9,2,2,13
DEFAULT,2808,9,1,3,13
DEFAULT,2028,9,2,3,14
DEFAULT,9972,12,2,2,16
DEFAULT,314,5,1,2,8
DEFAULT,811,5,0,0,5
DEFAULT,1236,6,1,1,8
DEFAULT,38898,13,2,3,18
DEFAULT,34971,12,0,1,13
DEFAULT,8663,13,1,1,15
DEFAULT,19316,12,1,1,14
DEFAULT,2175,9,1,4,14
,,,,
DEFAULT,36960,12,0,2,14
DEFAULT,855,2,0,1,3
DEFAULT,325,6,2,2,10
DEFAULT,242,9,0,1,10
DEFAULT,384,5,1,2,8
DEFAULT,1207,4,1,1,6
DEFAULT,889,3,1,0,4
DEFAULT,363,8,2,1,11
DEFAULT,717,8,0,3,11
DEFAULT,1082,6,0,2,8
DEFAULT,20689,15,2,1,18
DEFAULT,280,6,0,1,7
DEFAULT,1214,10,0,0,10
DEFAULT,7005,13,1,3,17
DEFAULT,1218,10,1,3,14
DEFAULT,73050,10,2,3,15
DEFAULT,890,8,1,4,13
DEFAULT,17490,13,1,1,15
DEFAULT,921,4,0,1,5
DEFAULT,16387,12,0,3,15
DEFAULT,89582,13,1,3,17
DEFAULT,12881,15,1,1,17
DEFAULT,38779,12,0,2,14
DEFAULT,16099,12,0,2,14
DEFAULT,1453,4,1,1,6
DEFAULT,41625,11,2,2,15
DEFAULT,1654,6,1,4,11
DEFAULT,756,10,1,2,13
,,,,
DEFAULT,472,8,0,0,8
DEFAULT,10222,12,2,2,16
DEFAULT,11964,13,2,2,17
DEFAULT,26840,13,1,3,17
DEFAULT,1542,9,2,3,14
DEFAULT,440,4,1,4,9
DEFAULT,23050,13,1,2,16
DEFAULT,2004,11,1,4,16
DEFAULT,760,10,2,4,16
DEFAULT,8289,12,2,4,18
DEFAULT,1685,12,2,3,17
,,,,
DEFAULT,5337,11,1,1,13
DEFAULT,3227,9,2,4,15
DEFAULT,74926,15,2,1,18
DEFAULT,184,8,0,2,10
DEFAULT,6342,12,0,2,14
DEFAULT,1233,10,1,3,14
DEFAULT,6365,13,1,2,16
DEFAULT,28839,15,2,3,20
DEFAULT,1096,2,0,0,2
DEFAULT,16265,13,1,2,16
DEFAULT,854,7,1,2,10
DEFAULT,429,5,0,4,9
DEFAULT,3834,12,1,2,15
DEFAULT,13363,13,0,2,15
DEFAULT,21987,10,0,2,12
DEFAULT,11247,13,2,3,18
,,,,
DEFAULT,6028,14,0,2,16
,,,,
DEFAULT,42026,14,1,1,16
DEFAULT,693,7,1,2,10
DEFAULT,8288,13,1,3,17
DEFAULT,557,5,0,3,8
DEFAULT,14233,14,0,2,16
DEFAULT,193,9,0,2,11
DEFAULT,11671,14,1,2,17
DEFAULT,4381,13,1,4,18
DEFAULT,10099,12,1,4,17
DEFAULT,15212,13,0,2,15
DEFAULT,1875,10,0,3,13
DEFAULT,46265,11,0,1,12
,,,,
DEFAULT,1688,4,0,4,8
DEFAULT,22468,13,2,0,15
DEFAULT,1431,8,1,3,12
DEFAULT,6282,12,0,2,14
DEFAULT,1139,3,1,2,6
DEFAULT,4851,8,1,2,11
DEFAULT,6044,10,0,3,13
DEFAULT,479,5,0,3,8
,,,,
DEFAULT,14259,10,0,3,13
DEFAULT,1111,5,0,2,7
DEFAULT,633,8,1,4,13
DEFAULT,54,7,0,0,7
,,,,
DEFAULT,15059,12,1,2,15
DEFAULT,75700,11,2,2,15
,,,,
,,,,
DEFAULT,14674,12,1,2,15
DEFAULT,21097,9,1,3,13
DEFAULT,946,6,0,0,6
,,,,
,,,,
DEFAULT,650,6,0,1,7
DEFAULT,17930,10,1,1,12
DEFAULT,3233,10,0,2,12
DEFAULT,2973,7,1,3,11
DEFAULT,601,6,1,2,9
DEFAULT,59107,15,0,2,17
DEFAULT,786,9,1,4,14
DEFAULT,4857,14,2,4,20
DEFAULT,1152,4,1,0,5
DEFAULT,837,5,0,3,8
DEFAULT,8367,11,0,4,15
DEFAULT,9068,10,2,2,14
DEFAULT,34393,12,1,2,15
,,,,
DEFAULT,93330,13,1,3,17
DEFAULT,65433,12,1,3,16
DEFAULT,14260,13,0,2,15
DEFAULT,32136,11,1,1,13
DEFAULT,26729,11,0,2,13
DEFAULT,55963,8,1,2,11
DEFAULT,1035,7,2,0,9
,,,,
DEFAULT,2637,10,1,4,15
DEFAULT,64685,10,0,2,12
DEFAULT,2297,11,2,4,17
DEFAULT,293,8,0,2,10
DEFAULT,14279,13,1,1,15
DEFAULT,2966,10,2,3,15
DEFAULT,56898,12,2,2,16
DEFAULT,46418,13,1,1,15
DEFAULT,17393,11,1,2,14
DEFAULT,51512,10,0,2,12
,,,,
,,,,
DEFAULT,1101,5,1,0,6
DEFAULT,17193,12,1,2,15
DEFAULT,14098,13,2,2,17
DEFAULT,1720,5,1,2,8
DEFAULT,114,5,0,2,7
DEFAULT,3365,11,2,1,14
DEFAULT,37599,9,1,3,13
DEFAULT,281,8,1,0,9
DEFAULT,2264,11,1,2,14
DEFAULT,813,10,0,2,12
DEFAULT,1030,9,1,2,12
DEFAULT,440,11,2,1,14
DEFAULT,15872,11,1,1,13
DEFAULT,545,6,1,2,9
DEFAULT,1266,4,1,1,6
DEFAULT,856,7,0,2,9
DEFAULT,17636,14,1,3,18
DEFAULT,7756,9,1,3,13
DEFAULT,3410,10,2,4,16
DEFAULT,49907,11,1,1,13
,,,,
DEFAULT,34598,13,1,3,17
DEFAULT,545,12,2,1,15
DEFAULT,14769,14,1,1,16
,,,,
DEFAULT,9872,14,1,1,16
DEFAULT,6497,10,1,1,12
DEFAULT,5027,13,2,1,16
DEFAULT,6633,9,0,3,12
DEFAULT,13970,10,1,3,14
DEFAULT,843,9,1,1,11
DEFAULT,21172,11,2,3,16
,,,,
DEFAULT,17268,11,2,2,15
DEFAULT,3416,9,1,4,14
DEFAULT,15789,11,2,2,15
DEFAULT,2390,15,2,4,21
DEFAULT,7436,14,1,2,17
DEFAULT,82874,12,0,1,13
DEFAULT,4617,11,1,3,15
DEFAULT,12030,11,2,1,14
DEFAULT,2048,11,2,2,15
DEFAULT,25081,12,0,3,15
,,,,
DEFAULT,1822,8,0,3,11
,,,,
DEFAULT,793,5,1,1,7
,,,,
DEFAULT,364,7,0,3,10
DEFAULT,18733,14,1,2,17
DEFAULT,8581,14,0,2,16
DEFAULT,999,9,1,2,12
DEFAULT,32879,13,1,3,17
DEFAULT,27782,11,1,2,14
DEFAULT,1120,6,0,1,7
DEFAULT,22479,13,0,0,13
,,,,
DEFAULT,2132,11,2,4,17
DEFAULT,3063,9,2,4,15
DEFAULT,180,7,1,3,11
DEFAULT,1738,5,2,2,9
DEFAULT,14726,9,0,3,12
DEFAULT,432,7,0,1,8
DEFAULT,1144,2,1,0,3
DEFAULT,6173,15,2,3,20
DEFAULT,446,8,0,3,11
,,,,
DEFAULT,24189,13,1,1,15
DEFAULT,9216,11,1,4,16
DEFAULT,37327,14,2,2,18
DEFAULT,6774,12,2,2,16
DEFAULT,9858,12,1,0,13
DEFAULT,316,5,1,2,8
DEFAULT,700,8,0,1,9
DEFAULT,5052,12,1,4,17
,,,,
DEFAULT,31716,10,1,2,13
DEFAULT,33191,10,0,2,12
DEFAULT,215,9,0,1,10
,,,,
,,,,
DEFAULT,30943,9,1,1,11
DEFAULT,9757,12,1,3,16
DEFAULT,1318,5,2,2,9
DEFAULT,1622,6,0,2,8
DEFAULT,4807,10,2,4,16
DEFAULT,10448,12,1,3,16
DEFAULT,471,7,0,0,7
DEFAULT,5486,9,1,3,13
DEFAULT,1082,5,0,1,6
DEFAULT,116,11,2,2,15
DEFAULT,349,11,0,1,12
DEFAULT,7305,15,1,1,17
DEFAULT,14500,11,2,2,15
DEFAULT,443,6,1,3,10
DEFAULT,3439,12,1,1,14
DEFAULT,4991,13,1,4,18
DEFAULT,21508,15,2,1,18
DEFAULT,1661,8,0,4,12
DEFAULT,34366,11,2,2,15
DEFAULT,10244,11,1,2,14
DEFAULT,93811,10,0,3,13
DEFAULT,8869,13,1,2,16
DEFAULT,15884,10,1,2,13
DEFAULT,1428,11,2,4,17
DEFAULT,6843,12,1,2,15
DEFAULT,18073,11,1,2,14
DEFAULT,10027,12,0,2,14
DEFAULT,6001,7,0,2,9
DEFAULT,2104,9,2,2,13
DEFAULT,12552,11,1,3,15
DEFAULT,28599,12,2,0,14
DEFAULT,35556,10,1,1,12
DEFAULT,76164,12,0,1,13
DEFAULT,44900,12,1,2,15
DEFAULT,378,9,0,4,13
DEFAULT,3133,9,1,3,13
DEFAULT,3972,9,1,2,12
DEFAULT,31979,12,1,0,13
DEFAULT,47308,10,1,1,12
DEFAULT,14748,17,1,0,18
DEFAULT,10552,14,1,2,17
DEFAULT,4862,12,1,3,16
DEFAULT,696,9,0,4,13
DEFAULT,11325,11,2,1,14
DEFAULT,244,9,0,2,11
DEFAULT,810,6,1,1,8
DEFAULT,17179,12,1,3,16
,,,,
DEFAULT,21799,10,2,2,14
DEFAULT,14958,12,0,2,14
DEFAULT,10028,14,1,3,18
DEFAULT,4956,13,1,3,17
DEFAULT,2273,9,2,1,12
DEFAULT,8037,12,0,1,13
,,,,
DEFAULT,2659,11,0,4,15
DEFAULT,14665,14,2,2,18
DEFAULT,12418,13,1,2,16
DEFAULT,90973,13,1,3,17
,,,,
DEFAULT,726,4,1,3,8
DEFAULT,10663,11,2,4,17
DEFAULT,12361,13,0,4,17
DEFAULT,2074,9,1,4,14
DEFAULT,15424,7,1,1,9
DEFAULT,17919,13,2,1,16
DEFAULT,13490,9,1,2,12
DEFAULT,5452,11,2,3,16
DEFAULT,13011,13,1,3,17
DEFAULT,1818,7,0,2,9
DEFAULT,13199,12,0,3,15
DEFAULT,933,6,2,2,10
DEFAULT,1012,7,1,4,12
DEFAULT,10436,11,1,3,15
,,,,
,,,,
DEFAULT,1460,6,0,2,8
DEFAULT,1656,11,0,2,13
DEFAULT,994,10,2,3,15
DEFAULT,812,9,1,3,13
DEFAULT,6972,13,2,2,17
DEFAULT,554,8,0,2,10
DEFAULT,417,5,0,2,7
DEFAULT,11716,8,1,4,13
DEFAULT,28337,12,2,2,16
DEFAULT,9986,13,1,3,17
DEFAULT,11399,14,0,2,16
DEFAULT,9000,16,0,2,18
,,,,
DEFAULT,10278,11,1,2,14
DEFAULT,5191,12,0,4,16
DEFAULT,13531,17,2,2,21
,,,,
DEFAULT,619,10,0,0,10
DEFAULT,461,10,1,2,13
DEFAULT,17836,11,1,2,14
DEFAULT,10011,14,1,1,16
DEFAULT,4113,12,2,2,16
DEFAULT,7420,12,2,2,16
DEFAULT,7737,8,1,3,12
DEFAULT,34932,9,0,1,10
DEFAULT,20763,11,0,1,12
DEFAULT,4777,13,1,3,17
DEFAULT,24175,14,2,1,17
DEFAULT,17516,14,0,2,16
DEFAULT,28891,13,1,2,16
DEFAULT,23216,11,2,2,15
DEFAULT,4376,11,0,3,14
DEFAULT,926,5,0,1,6
DEFAULT,400,7,1,2,10
DEFAULT,2285,10,1,4,15
DEFAULT,74599,13,1,3,17
DEFAULT,23265,11,1,2,14
,,,,
DEFAULT,1624,3,2,1,6
DEFAULT,10906,12,2,1,15
DEFAULT,190,9,1,0,10
DEFAULT,16150,13,2,1,16
DEFAULT,1285,7,1,0,8
,,,,
,,,,
DEFAULT,37847,14,0,2,16
DEFAULT,13720,10,0,2,12
DEFAULT,28537,14,1,2,17
DEFAULT,10456,14,1,2,17
DEFAULT,513,7,1,3,11
DEFAULT,10127,12,0,2,14
DEFAULT,1034,6,2,1,9
DEFAULT,778,11,1,3,15
DEFAULT,166,5,2,3,10
DEFAULT,38525,13,0,3,16
DEFAULT,545,8,1,2,11
DEFAULT,7125,14,1,4,19
DEFAULT,11037,14,2,1,17
DEFAULT,2352,9,2,1,12
DEFAULT,3272,11,1,4,16
DEFAULT,8441,14,1,3,18
DEFAULT,2189,11,2,2,15
DEFAULT,1308,5,0,0,5
DEFAULT,724,6,2,2,10
DEFAULT,13332,9,1,1,11
DEFAULT,57,9,1,2,12
DEFAULT,11399,12,2,2,16
DEFAULT,10735,10,1,2,13
DEFAULT,270,5,0,2,7
DEFAULT,6086,12,2,1,15
DEFAULT,29393,11,0,4,15
DEFAULT,2127,11,1,2,14
DEFAULT,696,6,0,2,8
DEFAULT,13678,14,0,2,16
DEFAULT,645,7,2,1,10
,,,,
,,,,
DEFAULT,287,10,0,0,10
DEFAULT,4248,10,2,4,16
,,,,
DEFAULT,23597,12,1,2,15
,,,,
DEFAULT,989,3,1,2,6
DEFAULT,2279,7,0,3,10
DEFAULT,844,8,2,3,13
DEFAULT,21145,11,1,1,13
DEFAULT,5258,14,1,2,17
,,,,
DEFAULT,13037,13,0,3,16
DEFAULT,1396,4,1,4,9
DEFAULT,1147,10,0,3,13
DEFAULT,2287,12,2,2,16
DEFAULT,12364,13,1,3,17
DEFAULT,52392,12,1,3,16
DEFAULT,1169,7,0,0,7
,,,,
DEFAULT,14653,13,2,3,18
DEFAULT,47041,13,0,3,16
DEFAULT,1317,4,0,1,5
,,,,
DEFAULT,12313,11,1,2,14
DEFAULT,752,5,1,1,7
DEFAULT,5031,10,1,3,14
DEFAULT,520,5,1,2,8
,,,,
DEFAULT,16802,10,2,2,14
DEFAULT,1122,5,0,1,6
DEFAULT,20828,12,2,2,16
,,,,
,,,,
DEFAULT,18455,14,0,3,17
DEFAULT,36505,13,1,2,16
DEFAULT,7732,14,0,2,16
DEFAULT,17601,11,0,2,13
DEFAULT,29957,10,2,1,13
DEFAULT,20635,13,0,2,15
DEFAULT,5794,12,1,2,15
DEFAULT,41061,14,1,0,15
DEFAULT,12907,14,0,3,17
DEFAULT,583,9,1,2,12
DEFAULT,594,7,1,1,9
DEFAULT,10905,15,1,1,17
DEFAULT,9264,9,1,4,14
DEFAULT,27293,12,1,1,14
,,,,
DEFAULT,8961,10,2,3,15
DEFAULT,7410,9,2,1,12
DEFAULT,26969,12,1,2,15
,,,,
DEFAULT,5950,12,2,4,18
DEFAULT,18085,11,1,2,14
DEFAULT,54170,10,1,2,13
DEFAULT,6626,12,1,1,14
DEFAULT,26878,11,0,2,13
DEFAULT,6627,10,0,2,12
DEFAULT,4628,11,0,1,12
DEFAULT,11210,8,2,2,12
DEFAULT,6821,14,1,3,18
DEFAULT,17404,14,0,3,17
DEFAULT,855,7,1,1,9
DEFAULT,19587,13,0,2,15
,,,,
DEFAULT,1850,12,0,3,15
DEFAULT,1543,3,1,3,7
DEFAULT,36066,10,0,3,13
DEFAULT,10588,10,0,3,13
DEFAULT,382,8,0,1,9
DEFAULT,37422,11,1,2,14
DEFAULT,595,12,0,3,15
DEFAULT,44446,13,0,1,14
DEFAULT,24086,13,1,2,16
DEFAULT,2524,12,2,3,17
DEFAULT,8485,13,1,4,18
DEFAULT,5427,9,1,3,13
DEFAULT,726,5,1,2,8
DEFAULT,6844,12,2,2,16
DEFAULT,17753,11,2,2,15
DEFAULT,6977,10,1,2,13
,,,,
DEFAULT,1691,9,1,3,13
DEFAULT,370,6,0,1,7
DEFAULT,40285,11,0,3,14
DEFAULT,5044,8,1,2,11
DEFAULT,8766,13,1,3,17
DEFAULT,742,6,1,0,7
DEFAULT,1206,10,0,3,13
DEFAULT,706,8,1,2,11
DEFAULT,2926,10,0,4,14
DEFAULT,17094,12,1,3,16
DEFAULT,1250,6,1,3,10
DEFAULT,11510,13,1,1,15
DEFAULT,27682,11,1,3,15
DEFAULT,15096,13,1,3,17
DEFAULT,728,6,2,1,9
DEFAULT,979,4,0,1,5
,,,,
,,,,
DEFAULT,194,5,0,2,7
DEFAULT,7574,12,2,2,16
,,,,
DEFAULT,21666,11,1,2,14
DEFAULT,2535,9,2,3,14
DEFAULT,1703,3,0,1,4
DEFAULT,769,6,0,1,7
DEFAULT,822,9,0,1,10
,,,,
DEFAULT,12386,14,1,2,17
,,,,
DEFAULT,1222,2,1,2,5
,,,,
DEFAULT,16026,11,0,2,13
DEFAULT,14751,11,1,1,13
DEFAULT,23377,12,0,1,13
DEFAULT,853,7,1,2,10
DEFAULT,12318,13,1,1,15
DEFAULT,5583,14,0,3,17
DEFAULT,812,7,1,3,11
DEFAULT,4291,11,1,3,15
DEFAULT,8345,14,0,3,17
DEFAULT,94661,13,1,1,15
DEFAULT,8226,13,1,2,16
DEFAULT,450,9,2,3,14
DEFAULT,1157,15,1,3,19
DEFAULT,12922,12,1,2,15
DEFAULT,693,6,0,1,7
DEFAULT,22737,15,0,2,17
DEFAULT,11365,12,1,2,15
DEFAULT,31680,14,0,2,16
,,,,
DEFAULT,1626,9,2,3,14
,,,,
,,,,
DEFAULT,55575,13,1,2,16
DEFAULT,999,10,0,2,12
DEFAULT,1165,8,1,1,10
DEFAULT,41992,10,1,1,12
DEFAULT,1905,5,2,3,10
DEFAULT,16887,12,1,1,14
DEFAULT,15201,12,2,2,16
DEFAULT,9848,14,0,2,16
DEFAULT,944,7,1,2,10
DEFAULT,610,8,1,1,10
DEFAULT,10028,14,1,1,16
,,,,
DEFAULT,3748,14,1,3,18
DEFAULT,30896,12,0,1,13
DEFAULT,14145,13,1,3,17
DEFAULT,1644,0,0,0,0
DEFAULT,3168,12,0,2,14
,,,,
DEFAULT,9978,10,1,4,15
DEFAULT,195,7,0,1,8
DEFAULT,9369,12,0,2,14
DEFAULT,5618,8,1,1,10
,,,,
DEFAULT,55121,14,1,2,17
,,,,
DEFAULT,14580,12,1,3,16
DEFAULT,57873,14,0,2,16
DEFAULT,691,6,1,0,7
,,,,
,,,,
DEFAULT,14237,14,1,2,17
,,,,
,,,,
DEFAULT,8310,11,1,2,14
DEFAULT,199,4,1,1,6
DEFAULT,1442,2,0,2,4
DEFAULT,15351,12,0,2,14
DEFAULT,505,7,1,2,10
,,,,
,,,,
,,,,
DEFAULT,9853,13,1,2,16
DEFAULT,5490,15,1,1,17
DEFAULT,8566,9,1,3,13
DEFAULT,12389,14,1,2,17
DEFAULT,524,7,1,4,12
DEFAULT,163,7,0,2,9
DEFAULT,922,6,1,2,9
DEFAULT,4068,10,1,1,12
DEFAULT,689,5,1,3,9
DEFAULT,1846,10,1,1,12
DEFAULT,32153,15,1,3,19
DEFAULT,41310,13,2,1,16
DEFAULT,1149,6,1,1,8
DEFAULT,1059,11,2,3,16
DEFAULT,29531,13,1,1,15
DEFAULT,14144,14,1,2,17
DEFAULT,199,10,0,3,13
DEFAULT,1301,2,0,0,2
DEFAULT,3080,13,1,1,15
,,,,
DEFAULT,577,9,2,3,14
DEFAULT,2148,8,1,2,11
,,,,
DEFAULT,5973,11,2,3,16
DEFAULT,1455,7,2,1,10
DEFAULT,1448,12,2,2,16
DEFAULT,582,5,1,4,10
DEFAULT,15099,11,0,4,15
DEFAULT,5029,11,0,3,14
DEFAULT,18016,11,1,2,14
,,,,
,,,,
,,,,
DEFAULT,22539,10,1,1,12
,,,,
DEFAULT,26741,12,1,2,15
DEFAULT,2942,14,0,4,18
DEFAULT,5885,10,1,2,13
DEFAULT,11777,13,2,1,16
DEFAULT,57822,13,1,2,16
,,,,
DEFAULT,4614,10,2,3,15
DEFAULT,1608,9,1,0,10
DEFAULT,292,7,1,1,9
DEFAULT,509,8,1,2,11
DEFAULT,28160,11,2,0,13
,,,,
DEFAULT,27633,11,2,2,15
DEFAULT,15068,12,1,2,15
DEFAULT,36699,14,0,2,16
DEFAULT,23214,14,1,2,17
,,,,
,,,,
DEFAULT,43179,11,1,2,14
DEFAULT,748,5,1,1,7
DEFAULT,19735,14,1,3,18
DEFAULT,5114,13,1,2,16
DEFAULT,17493,13,0,1,14
DEFAULT,1597,3,2,1,6
DEFAULT,890,4,1,1,6
DEFAULT,1007,10,2,3,15
DEFAULT,416,8,0,2,10
DEFAULT,17101,12,1,2,15
DEFAULT,21188,14,1,1,16
DEFAULT,663,8,1,2,11
DEFAULT,1034,4,0,2,6
DEFAULT,319,8,1,3,12
DEFAULT,7624,12,2,4,18
DEFAULT,29076,12,0,3,15
DEFAULT,39245,14,0,2,16
DEFAULT,12620,15,1,2,18
DEFAULT,51618,10,0,0,10
DEFAULT,9832,13,1,2,16
DEFAULT,521,6,0,1,7
,,,,
DEFAULT,1193,8,2,2,12
DEFAULT,21323,12,2,2,16
DEFAULT,14701,14,1,1,16
DEFAULT,11376,9,1,2,12
DEFAULT,14414,11,1,3,15
DEFAULT,975,7,1,2,10
DEFAULT,1352,8,1,2,11
DEFAULT,12248,18,2,2,22
,,,,
DEFAULT,1919,12,1,2,15
DEFAULT,35639,12,0,3,15
DEFAULT,581,10,0,4,14
DEFAULT,2989,12,1,3,16
DEFAULT,4130,13,1,3,17
,,,,
DEFAULT,1648,1,1,3,5
DEFAULT,1182,6,1,1,8
DEFAULT,1003,8,0,4,12
DEFAULT,292,6,0,1,7
DEFAULT,670,3,1,0,4
,,,,
DEFAULT,9456,17,2,1,20
DEFAULT,5114,11,1,3,15
DEFAULT,7654,13,1,3,17
DEFAULT,4052,13,0,2,15
DEFAULT,8035,11,2,3,16
DEFAULT,2369,11,1,4,16
DEFAULT,9337,13,2,2,17
,,,,
DEFAULT,7532,13,0,3,16
DEFAULT,1050,2,1,1,4
,,,,
DEFAULT,490,9,1,0,10
DEFAULT,37015,10,1,1,12
DEFAULT,7275,13,2,3,18
DEFAULT,1016,5,0,0,5
DEFAULT,4209,12,2,3,17
DEFAULT,57156,13,1,2,16
DEFAULT,682,8,0,2,10
DEFAULT,8630,12,2,3,17
DEFAULT,7479,14,2,2,18
DEFAULT,10719,13,1,2,16
,,,,
DEFAULT,25611,12,2,1,15
DEFAULT,825,4,0,3,7
DEFAULT,44,10,1,1,12
DEFAULT,8303,11,2,1,14
DEFAULT,18306,15,0,3,18
,,,,
DEFAULT,606,8,0,1,9
DEFAULT,85476,10,2,1,13
DEFAULT,1132,5,1,0,6
DEFAULT,18,7,0,1,8
DEFAULT,6153,9,0,2,11
DEFAULT,14671,10,0,2,12
DEFAULT,19890,10,0,3,13
DEFAULT,2434,5,2,1,8
DEFAULT,13486,14,1,3,18
DEFAULT,938,9,0,1,10
,,,,
DEFAULT,1181,7,1,4,12
DEFAULT,12622,9,0,3,12
DEFAULT,737,12,1,3,16
DEFAULT,19950,10,1,3,14
,,,,
,,,,
DEFAULT,201,5,2,3,10
DEFAULT,386,9,1,2,12
DEFAULT,11505,13,2,2,17
DEFAULT,5268,8,2,0,10
DEFAULT,836,5,0,3,8
DEFAULT,477,4,0,2,6
DEFAULT,19679,10,1,2,13
DEFAULT,1499,5,0,1,6
DEFAULT,26697,11,0,3,14
DEFAULT,9579,12,0,2,14
DEFAULT,132,8,1,1,10
DEFAULT,17918,14,0,2,16
DEFAULT,11069,13,1,2,16
DEFAULT,397,6,1,2,9
DEFAULT,1378,7,0,4,11
DEFAULT,1432,4,0,3,7
DEFAULT,10280,12,0,2,14
,,,,
DEFAULT,10794,14,0,2,16
DEFAULT,2967,11,1,4,16
DEFAULT,9036,9,2,2,13
DEFAULT,4251,13,2,1,16
DEFAULT,21178,12,1,3,16
,,,,
,,,,
DEFAULT,500,6,2,3,11
DEFAULT,1001,8,0,3,11
DEFAULT,1277,8,2,2,12
DEFAULT,888,8,0,1,9
DEFAULT,3370,11,0,4,15
DEFAULT,35001,13,2,3,18
DEFAULT,7639,9,0,2,11
DEFAULT,1833,9,1,3,13
DEFAULT,39030,11,1,2,14
DEFAULT,5080,13,1,1,15
DEFAULT,487,4,1,4,9
DEFAULT,11052,13,1,2,16
,,,,
,,,,
,,,,
DEFAULT,1988,8,0,3,11
DEFAULT,5016,9,1,3,13
DEFAULT,20455,10,0,2,12
DEFAULT,20551,10,1,2,13
DEFAULT,2854,9,2,3,14
DEFAULT,139,5,0,3,8
DEFAULT,591,7,1,0,8
DEFAULT,27881,13,1,1,15
,,,,
DEFAULT,3329,14,1,3,18
DEFAULT,12379,15,2,3,20
DEFAULT,13796,9,2,2,13
DEFAULT,36722,13,1,1,15
DEFAULT,22068,12,1,3,16
DEFAULT,5343,10,2,3,15
DEFAULT,8072,11,1,3,15
DEFAULT,9936,12,1,0,13
DEFAULT,5174,12,2,1,15
DEFAULT,13507,11,1,3,15
DEFAULT,13692,12,0,1,13
DEFAULT,210,6,0,3,9
DEFAULT,40730,11,2,3,16
DEFAULT,1468,2,2,1,5
DEFAULT,9803,13,1,3,17
DEFAULT,2021,6,1,3,10
DEFAULT,132,9,1,2,12
DEFAULT,835,7,2,1,10
,,,,
DEFAULT,199,7,0,2,9
DEFAULT,2449,13,2,3,18
DEFAULT,676,3,0,2,5
,,,,
DEFAULT,918,6,1,0,7
,,,,
DEFAULT,288,6,1,2,9
DEFAULT,38598,12,2,2,16
DEFAULT,7411,10,1,2,13
DEFAULT,2053,9,1,3,13
DEFAULT,1774,6,2,4,12
DEFAULT,330,7,0,2,9
DEFAULT,664,5,2,2,9
,,,,
DEFAULT,857,4,1,2,7
DEFAULT,376,8,1,3,12
DEFAULT,8380,11,1,2,14
DEFAULT,6878,12,0,4,16
DEFAULT,9655,10,2,2,14
DEFAULT,642,7,1,1,9
DEFAULT,21989,17,1,1,19
DEFAULT,1271,9,1,3,13
DEFAULT,49047,13,1,3,17
DEFAULT,2361,9,2,3,14
DEFAULT,48289,15,0,1,16
DEFAULT,18935,16,1,1,18
DEFAULT,16456,13,0,1,14
DEFAULT,12316,11,0,2,13
DEFAULT,32684,12,1,2,15
DEFAULT,17234,13,1,2,16
DEFAULT,20695,11,2,2,15
DEFAULT,4257,10,2,3,15
,,,,
DEFAULT,3252,11,2,3,16
DEFAULT,12464,7,2,2,11
DEFAULT,270,9,0,2,11
DEFAULT,23101,11,1,2,14
DEFAULT,1110,6,2,3,11
,,,,
,,,,
,,,,
DEFAULT,2619,8,1,4,13
DEFAULT,10702,13,2,3,18
DEFAULT,11364,12,0,2,14
DEFAULT,19464,13,1,3,17
,,,,
,,,,
DEFAULT,3930,9,1,4,14
DEFAULT,35465,14,0,3,17
DEFAULT,790,4,0,1,5
DEFAULT,1587,2,0,1,3
DEFAULT,19046,14,2,2,18
,,,,
DEFAULT,399,8,1,1,10
DEFAULT,13340,11,1,1,13
DEFAULT,14386,12,2,2,16
DEFAULT,6394,9,0,2,11
DEFAULT,1439,8,1,1,10
DEFAULT,1839,6,1,4,11
DEFAULT,5506,12,1,4,17
DEFAULT,28241,11,1,4,16
DEFAULT,9122,14,2,2,18
DEFAULT,17352,11,2,1,14
,,,,
DEFAULT,498,8,2,3,13
DEFAULT,1070,7,2,2,11
,,,,
DEFAULT,972,6,0,0,6
DEFAULT,725,13,0,1,14
DEFAULT,30170,11,1,3,15
DEFAULT,28061,12,0,2,14
,,,,
DEFAULT,890,6,0,0,6
DEFAULT,863,5,0,0,5
,,,,
DEFAULT,9578,14,1,2,17
DEFAULT,6392,11,1,3,15
DEFAULT,18931,13,1,1,15
DEFAULT,10177,12,2,2,16
DEFAULT,55,8,2,0,10
DEFAULT,503,4,2,2,8
DEFAULT,8829,13,1,2,16
DEFAULT,22546,10,0,1,11
DEFAULT,1201,9,1,1,11
DEFAULT,1897,10,1,4,15
DEFAULT,25076,10,1,3,14
DEFAULT,21683,14,1,2,17
DEFAULT,1019,3,0,3,6
DEFAULT,34,7,2,0,9
DEFAULT,12493,9,1,2,12
DEFAULT,729,4,0,0,4
DEFAULT,17349,12,0,3,15
DEFAULT,575,4,0,1,5
DEFAULT,1989,12,1,3,16
DEFAULT,976,7,1,1,9
DEFAULT,16373,11,1,3,15
DEFAULT,13173,12,2,2,16
DEFAULT,1560,2,0,0,2
DEFAULT,57681,12,1,2,15
DEFAULT,12240,14,0,2,16
DEFAULT,18697,12,0,3,15
DEFAULT,23152,13,1,3,17
DEFAULT,102,7,1,3,11
DEFAULT,3029,13,0,3,16
DEFAULT,7925,14,1,1,16
DEFAULT,37022,13,1,1,15
DEFAULT,881,2,2,0,4
DEFAULT,346,6,1,0,7
DEFAULT,4202,8,2,2,12
DEFAULT,942,7,0,1,8
DEFAULT,1715,10,1,3,14
DEFAULT,1314,5,0,4,9
DEFAULT,1560,7,2,4,13
DEFAULT,776,8,0,2,10
DEFAULT,7009,12,2,2,16
DEFAULT,47725,11,1,1,13
,,,,
DEFAULT,1026,9,1,1,11
DEFAULT,1299,5,1,2,8
DEFAULT,1360,3,0,1,4
DEFAULT,14334,11,0,1,12
DEFAULT,7545,12,0,3,15
DEFAULT,1467,5,1,0,6
DEFAULT,32964,14,0,2,16
DEFAULT,45308,13,0,1,14
DEFAULT,15714,9,0,3,12
DEFAULT,1020,3,1,1,5
DEFAULT,806,6,0,3,9
DEFAULT,13278,15,0,2,17
DEFAULT,849,8,1,3,12
DEFAULT,11567,10,2,2,14
DEFAULT,18977,12,1,1,14
DEFAULT,553,7,1,2,10
DEFAULT,2525,13,1,3,17
DEFAULT,5469,15,1,3,19
DEFAULT,2376,9,2,2,13
DEFAULT,2418,10,1,3,14
,,,,
DEFAULT,645,6,1,3,10
DEFAULT,342,7,2,3,12
DEFAULT,54668,12,1,3,16
DEFAULT,10450,15,1,2,18
DEFAULT,1891,4,0,3,7
DEFAULT,5898,9,1,1,11
,,,,
DEFAULT,20508,12,2,1,15
DEFAULT,16375,10,2,2,14
,,,,
DEFAULT,3541,11,1,3,15
,,,,
,,,,
DEFAULT,43989,12,1,2,15
DEFAULT,12090,13,2,2,17
DEFAULT,3150,11,1,1,13
DEFAULT,765,9,0,1,10
DEFAULT,3446,12,1,1,14
DEFAULT,29030,13,2,3,18
DEFAULT,15875,11,1,2,14
DEFAULT,679,7,0,0,7
,,,,
DEFAULT,12727,12,1,1,14
DEFAULT,288,5,2,2,9
DEFAULT,775,9,1,2,12
DEFAULT,284,6,2,1,9
,,,,
DEFAULT,11868,13,1,3,17
,,,,
DEFAULT,31307,11,1,2,14
DEFAULT,1014,9,0,1,10
DEFAULT,13393,12,1,1,14
DEFAULT,936,5,1,0,6
DEFAULT,854,8,2,2,12
DEFAULT,1388,2,1,3,6
DEFAULT,27742,16,1,1,18
DEFAULT,2973,7,1,2,10
,,,,
DEFAULT,935,8,1,2,11
DEFAULT,620,5,0,1,6
DEFAULT,5379,14,1,2,17
DEFAULT,47658,12,0,3,15
,,,,
,,,,
DEFAULT,19693,12,0,2,14
DEFAULT,25987,13,1,2,16
DEFAULT,1504,7,0,3,10
DEFAULT,1061,9,0,2,11
DEFAULT,33518,11,1,3,15
DEFAULT,37144,12,0,1,13
DEFAULT,760,4,0,2,6
DEFAULT,7965,13,1,2,16
DEFAULT,24880,11,0,1,12
DEFAULT,14060,10,0,3,13
DEFAULT,1481,8,1,4,13
DEFAULT,26385,11,0,1,12
,,,,
DEFAULT,26332,10,2,2,14
DEFAULT,9439,12,0,2,14
,,,,
DEFAULT,20065,11,2,1,14
DEFAULT,14187,12,2,1,15
,,,,
DEFAULT,29337,14,1,1,16
DEFAULT,17080,11,1,2,14
DEFAULT,940,7,0,3,10
,,,,
DEFAULT,28020,9,1,2,12
DEFAULT,7022,15,1,2,18
DEFAULT,184,11,1,2,14
DEFAULT,501,7,1,3,11
DEFAULT,1468,7,0,3,10
DEFAULT,1498,8,1,3,12
DEFAULT,1363,6,0,3,9
DEFAULT,13244,11,0,2,13
DEFAULT,67524,12,2,1,15
DEFAULT,2641,11,1,2,14
DEFAULT,2704,9,1,3,13
DEFAULT,926,3,0,3,6
DEFAULT,17874,11,0,3,14
DEFAULT,4613,10,1,4,15
DEFAULT,1823,10,2,3,15
DEFAULT,534,6,0,2,8
,,,,
DEFAULT,2024,6,2,3,11
DEFAULT,1046,3,2,1,6
,,,,
,,,,
DEFAULT,26481,9,0,3,12
DEFAULT,683,3,1,2,6
DEFAULT,3390,10,0,4,14
DEFAULT,6592,11,1,3,15
DEFAULT,932,6,1,3,10
DEFAULT,11989,16,2,2,20
DEFAULT,5475,14,2,3,19
DEFAULT,873,7,0,2,9
DEFAULT,13793,14,0,2,16
DEFAULT,344,9,2,0,11
DEFAULT,764,8,2,3,13
DEFAULT,48502,12,0,3,15
DEFAULT,16521,14,1,3,18
DEFAULT,14266,15,0,3,18
DEFAULT,3096,12,0,4,16
DEFAULT,86967,12,0,3,15
DEFAULT,10214,14,1,3,18
DEFAULT,14236,12,0,2,14
DEFAULT,1197,5,0,4,9
DEFAULT,10114,13,1,3,17
,,,,
DEFAULT,30505,13,2,2,17
DEFAULT,387,6,1,3,10
DEFAULT,10193,14,1,2,17
DEFAULT,1721,6,0,2,8
DEFAULT,9481,13,1,2,16
DEFAULT,640,8,2,2,12
DEFAULT,48895,11,0,1,12
DEFAULT,16207,13,1,1,15
,,,,
DEFAULT,626,6,0,0,6
DEFAULT,1171,5,1,2,8
DEFAULT,5554,13,1,2,16
DEFAULT,754,6,0,1,7
DEFAULT,29321,13,2,1,16
DEFAULT,1239,11,0,2,13
DEFAULT,15155,11,2,1,14
DEFAULT,234,7,0,1,8
DEFAULT,38218,11,1,3,15
DEFAULT,6162,13,2,3,18
,,,,
DEFAULT,1340,6,0,0,6
DEFAULT,759,10,1,2,13
DEFAULT,1107,5,0,2,7
DEFAULT,24632,13,1,2,16
DEFAULT,808,5,0,1,6
DEFAULT,8346,13,1,3,17
DEFAULT,13768,13,1,3,17
DEFAULT,839,10,0,2,12
DEFAULT,37676,13,2,3,18
DEFAULT,774,6,0,1,7
DEFAULT,12543,11,1,2,14
DEFAULT,10668,10,2,1,13
DEFAULT,6408,11,0,2,13
,,,,
DEFAULT,888,6,1,1,8
DEFAULT,41811,14,0,3,17
,,,,
DEFAULT,508,12,1,1,14
DEFAULT,1298,5,1,1,7
DEFAULT,21143,11,0,2,13
DEFAULT,441,6,1,2,9
DEFAULT,98894,10,1,2,13
DEFAULT,1084,5,0,1,6
DEFAULT,11025,12,1,0,13
DEFAULT,1413,5,0,1,6
DEFAULT,1392,8,0,2,10
DEFAULT,4080,9,1,2,12
DEFAULT,1755,8,2,4,14
DEFAULT,11915,16,2,2,20
DEFAULT,483,5,1,1,7
DEFAULT,82324,11,1,3,15
DEFAULT,16911,9,2,3,14
DEFAULT,3598,9,1,2,12
DEFAULT,776,6,1,2,9
DEFAULT,19033,11,1,1,13
DEFAULT,6510,12,2,4,18
DEFAULT,28500,14,0,2,16
DEFAULT,726,5,0,1,6
DEFAULT,96,8,2,3,13
DEFAULT,2604,11,0,2,13
DEFAULT,36835,13,0,1,14
DEFAULT,7808,11,2,3,16
DEFAULT,5538,11,1,3,15
DEFAULT,30999,11,1,3,15
DEFAULT,24384,10,1,4,15
DEFAULT,11716,10,2,1,13
DEFAULT,1069,6,1,2,9
DEFAULT,6589,12,2,2,16
DEFAULT,12053,14,2,1,17
DEFAULT,13351,10,2,1,13
DEFAULT,22339,10,1,3,14
DEFAULT,5119,14,1,2,17
DEFAULT,3283,9,2,2,13
DEFAULT,790,5,0,3,8
DEFAULT,1289,7,2,2,11
DEFAULT,26683,12,1,2,15
,,,,
DEFAULT,1563,9,1,4,14
DEFAULT,59781,12,2,2,16
DEFAULT,3932,12,1,2,15
DEFAULT,1103,8,1,4,13
DEFAULT,1035,10,1,1,12
DEFAULT,42765,11,1,1,13
DEFAULT,64682,11,0,3,14
,,,,
DEFAULT,1661,11,0,2,13
DEFAULT,40563,10,0,1,11
DEFAULT,834,10,2,2,14
DEFAULT,1722,11,1,3,15
DEFAULT,22003,12,0,1,13
,,,,
DEFAULT,20026,13,0,3,16
DEFAULT,10454,11,2,2,15
DEFAULT,19861,13,1,3,17
DEFAULT,584,7,0,2,9
DEFAULT,83962,12,1,1,14
DEFAULT,1243,8,1,2,11
DEFAULT,17727,9,0,3,12
DEFAULT,16093,13,1,1,15
DEFAULT,480,6,1,2,9
DEFAULT,13014,14,1,3,18
DEFAULT,1605,6,0,3,9
DEFAULT,710,4,1,2,7
,,,,
DEFAULT,14635,12,2,1,15
DEFAULT,12185,16,1,1,18
DEFAULT,22033,13,1,1,15
DEFAULT,19051,13,2,2,17
DEFAULT,1842,7,1,3,11
DEFAULT,402,5,1,0,6
DEFAULT,17556,10,1,1,12
DEFAULT,32368,14,1,3,18
DEFAULT,1358,10,0,2,12
DEFAULT,612,7,0,1,8
DEFAULT,3265,11,1,4,16
DEFAULT,32136,11,0,1,12
DEFAULT,58538,9,1,3,13
,,,,
,,,,
DEFAULT,16629,11,2,3,16
DEFAULT,30377,12,1,2,15
,,,,
DEFAULT,8170,13,1,3,17
DEFAULT,3645,11,1,3,15
DEFAULT,4088,12,0,2,14
DEFAULT,18062,13,1,2,16
DEFAULT,1260,6,1,1,8
DEFAULT,1287,8,0,4,12
DEFAULT,765,7,0,3,10
DEFAULT,891,3,0,1,4
DEFAULT,3414,11,1,4,16
DEFAULT,797,9,1,2,12
DEFAULT,1004,2,1,1,4
DEFAULT,1445,4,0,1,5
DEFAULT,897,4,0,2,6
DEFAULT,19162,9,1,2,12
DEFAULT,13323,14,0,4,18
DEFAULT,904,7,0,2,9
DEFAULT,3907,9,2,4,15
,,,,
,,,,
DEFAULT,5806,13,2,2,17
DEFAULT,903,5,0,4,9
,,,,
DEFAULT,708,11,1,2,14
DEFAULT,1084,6,1,0,7
DEFAULT,4163,11,1,2,14
DEFAULT,372,8,0,1,9
DEFAULT,10118,15,0,3,18
DEFAULT,1512,11,1,4,16
DEFAULT,1707,9,1,4,14
DEFAULT,17811,13,1,3,17
DEFAULT,13977,15,0,1,16
DEFAULT,603,6,1,0,7
DEFAULT,3157,12,2,3,17
DEFAULT,18602,13,1,2,16
DEFAULT,797,7,1,2,10
DEFAULT,1140,12,1,1,14
DEFAULT,54601,11,1,1,13
,,,,
DEFAULT,10106,12,1,3,16
,,,,
DEFAULT,1078,13,1,2,16
DEFAULT,2223,12,1,4,17
DEFAULT,1354,4,2,3,9
,,,,
DEFAULT,587,8,0,1,9
,,,,
DEFAULT,15496,12,1,0,13
,,,,
DEFAULT,14608,12,1,1,14
DEFAULT,19993,11,1,2,14
DEFAULT,1731,8,0,3,11
DEFAULT,3358,10,1,2,13
DEFAULT,14054,13,2,2,17
DEFAULT,34275,13,1,1,15
DEFAULT,15660,13,0,2,15
,,,,
DEFAULT,456,4,1,3,8
,,,,
DEFAULT,759,5,1,1,7
DEFAULT,261,8,1,3,12
,,,,
DEFAULT,15731,13,1,3,17
,,,,
DEFAULT,1020,3,0,1,4
DEFAULT,823,5,0,2,7
DEFAULT,36696,15,2,2,19
DEFAULT,3057,11,2,4,17
DEFAULT,909,4,0,2,6
DEFAULT,738,6,2,1,9
,,,,
DEFAULT,913,6,2,0,8
DEFAULT,747,8,1,1,10
DEFAULT,4899,10,1,3,14
DEFAULT,676,4,0,1,5
DEFAULT,1332,5,1,2,8
DEFAULT,305,10,1,1,12
DEFAULT,43806,11,0,2,13
DEFAULT,17808,10,0,3,13
DEFAULT,28848,12,0,1,13
,,,,
DEFAULT,11532,12,1,3,16
DEFAULT,51451,10,0,2,12
,,,,
DEFAULT,10765,13,1,3,17
DEFAULT,12975,11,0,2,13
,,,,
,,,,
DEFAULT,6353,12,1,2,15
DEFAULT,58443,10,1,1,12
DEFAULT,13850,10,1,2,13
DEFAULT,19340,13,0,3,16
DEFAULT,53658,14,1,3,18
DEFAULT,258,9,1,1,11
DEFAULT,1382,4,0,3,7
DEFAULT,8934,15,0,3,18
DEFAULT,513,7,0,2,9
DEFAULT,7265,14,1,1,16
DEFAULT,1025,6,1,4,11
DEFAULT,40846,13,0,2,15
DEFAULT,2586,13,1,2,16
,,,,
DEFAULT,7884,12,1,2,15
DEFAULT,35025,10,0,2,12
DEFAULT,11260,12,1,1,14
DEFAULT,2041,12,2,3,17
DEFAULT,14804,13,0,3,16
DEFAULT,1019,8,0,2,10
DEFAULT,3,7,1,1,9
DEFAULT,35735,14,2,2,18
DEFAULT,13269,12,2,3,17
DEFAULT,18649,15,0,1,16
DEFAULT,663,4,1,1,6
DEFAULT,1131,5,2,0,7
DEFAULT,6448,12,0,2,14
DEFAULT,10053,12,2,2,16
DEFAULT,22712,10,2,4,16
DEFAULT,1099,5,1,1,7
DEFAULT,16163,13,1,3,17
DEFAULT,1968,6,1,3,10
DEFAULT,2348,11,0,4,15
DEFAULT,2478,14,1,3,18
DEFAULT,62784,13,1,2,16
DEFAULT,12887,16,1,2,19
DEFAULT,1042,8,1,3,12
DEFAULT,16039,10,1,2,13
DEFAULT,9025,13,1,3,17
DEFAULT,286,10,2,1,13
DEFAULT,13949,11,1,4,16
DEFAULT,87306,10,0,3,13
DEFAULT,793,5,1,2,8
,,,,
DEFAULT,3066,12,2,2,16
DEFAULT,2756,9,1,4,14
DEFAULT,451,11,0,1,12
,,,,
DEFAULT,1326,8,1,4,13
DEFAULT,16037,9,1,2,12
DEFAULT,12184,15,0,3,18
DEFAULT,787,6,1,2,9
,,,,
DEFAULT,3324,12,1,4,17
DEFAULT,305,7,0,1,8
,,,,
,,,,
DEFAULT,47636,12,2,1,15
DEFAULT,33244,13,0,3,16
DEFAULT,8043,9,0,2,11
DEFAULT,1699,8,2,3,13
DEFAULT,8332,13,1,4,18
DEFAULT,812,6,0,1,7
DEFAULT,2335,10,2,4,16
DEFAULT,16537,10,2,3,15
DEFAULT,1514,14,0,3,17
DEFAULT,632,7,0,3,10
DEFAULT,2925,11,1,3,15
,,,,
,,,,
DEFAULT,17958,11,2,3,16
,,,,
DEFAULT,76822,11,1,1,13
DEFAULT,4063,12,2,3,17
DEFAULT,5589,7,1,2,10
DEFAULT,640,4,1,0,5
DEFAULT,340,6,0,1,7
DEFAULT,677,7,1,0,8
DEFAULT,37968,14,1,3,18
DEFAULT,36247,13,2,2,17
DEFAULT,19391,12,1,1,14
DEFAULT,16195,10,0,1,11
DEFAULT,616,8,0,3,11
DEFAULT,627,9,1,1,11
DEFAULT,1402,11,1,2,14
DEFAULT,16365,12,2,1,15
DEFAULT,498,7,0,3,10
,,,,
DEFAULT,21945,12,1,1,14
DEFAULT,12139,12,0,0,12
DEFAULT,50540,11,1,1,13
DEFAULT,3625,12,2,2,16
DEFAULT,979,8,0,2,10
DEFAULT,16300,14,0,2,16
DEFAULT,8386,14,1,2,17
DEFAULT,16875,13,1,3,17
DEFAULT,29271,15,0,3,18
,,,,
DEFAULT,7246,12,2,3,17
DEFAULT,13541,12,2,1,15
DEFAULT,9644,14,0,2,16
DEFAULT,877,4,0,1,5
DEFAULT,39784,11,2,1,14
DEFAULT,11202,11,2,3,16
DEFAULT,20725,12,1,1,14
,,,,
DEFAULT,1180,5,0,1,6
DEFAULT,1479,10,1,4,15
DEFAULT,9,7,0,2,9
DEFAULT,7565,13,1,1,15
DEFAULT,30669,12,2,2,16
DEFAULT,3927,14,0,3,17
,,,,
DEFAULT,65826,10,2,2,14
DEFAULT,7518,13,2,3,18
DEFAULT,13304,12,0,2,14
DEFAULT,20505,14,2,3,19
DEFAULT,523,6,1,2,9
DEFAULT,10528,12,0,2,14
DEFAULT,950,8,1,1,10
DEFAULT,783,7,0,2,9
DEFAULT,74971,10,0,3,13
DEFAULT,60169,11,0,2,13
DEFAULT,2406,7,2,4,13
DEFAULT,14848,12,1,4,17
DEFAULT,4122,11,2,2,15
DEFAULT,2831,11,0,4,15
DEFAULT,17823,10,0,4,14
DEFAULT,25929,11,0,2,13
,,,,
,,,,
DEFAULT,542,7,0,4,11
DEFAULT,80572,13,1,2,16
,,,,
DEFAULT,165,7,1,2,10
DEFAULT,788,4,0,1,5
DEFAULT,20596,11,2,1,14
DEFAULT,1074,4,0,2,6
DEFAULT,2492,13,2,3,18
DEFAULT,24906,11,1,3,15
DEFAULT,45149,12,2,1,15
DEFAULT,1153,8,1,1,10
DEFAULT,2070,6,2,1,9
DEFAULT,1488,5,0,2,7
,,,,
DEFAULT,1550,4,0,0,4
DEFAULT,486,8,1,0,9
DEFAULT,344,5,1,2,8
DEFAULT,56696,11,1,0,12
DEFAULT,19218,9,2,2,13
DEFAULT,12723,13,1,2,16
DEFAULT,87275,12,2,3,17
,,,,
DEFAULT,12911,12,2,2,16
DEFAULT,820,10,0,1,11
DEFAULT,409,5,2,2,9
DEFAULT,503,10,1,2,13
DEFAULT,23792,13,2,1,16
DEFAULT,709,7,1,3,11
DEFAULT,914,5,1,3,9
DEFAULT,16541,11,0,2,13
DEFAULT,25243,14,1,1,16
DEFAULT,544,8,0,3,11
DEFAULT,21838,12,2,0,14
DEFAULT,810,9,1,3,13
DEFAULT,1326,4,1,3,8
DEFAULT,15034,11,1,3,15
DEFAULT,203,9,0,1,10
DEFAULT,1095,9,0,0,9
DEFAULT,1268,11,1,2,14
DEFAULT,4804,14,1,2,17
DEFAULT,9777,13,2,2,17
DEFAULT,9361,16,2,4,22
DEFAULT,488,6,0,0,6
DEFAULT,1399,9,2,3,14
DEFAULT,55025,12,0,1,13
DEFAULT,18411,13,2,3,18
DEFAULT,513,10,1,2,13
,,,,
DEFAULT,23081,12,1,1,14
DEFAULT,20851,12,2,2,16
DEFAULT,12088,13,1,1,15
DEFAULT,6226,14,1,2,17
DEFAULT,21511,12,0,3,15
DEFAULT,699,8,1,1,10
DEFAULT,4843,14,2,1,17
DEFAULT,1852,7,2,2,11
DEFAULT,11065,11,1,2,14
DEFAULT,14196,9,1,2,12
DEFAULT,768,6,1,2,9
DEFAULT,814,9,1,1,11
DEFAULT,1708,2,1,1,4
DEFAULT,854,8,0,0,8
DEFAULT,40039,11,1,1,13
DEFAULT,3233,13,1,1,15
DEFAULT,612,8,0,3,11
DEFAULT,1083,2,2,1,5
,,,,
DEFAULT,6707,14,1,1,16
,,,,
DEFAULT,17403,11,0,2,13
DEFAULT,30105,13,2,1,16
DEFAULT,27734,11,1,2,14
DEFAULT,1272,8,1,2,11
DEFAULT,544,4,1,1,6
,,,,
DEFAULT,12582,8,2,2,12
,,,,
DEFAULT,13330,15,1,3,19
DEFAULT,653,5,0,0,5
DEFAULT,15317,13,2,3,18
DEFAULT,2752,10,1,4,15
DEFAULT,21097,13,1,2,16
DEFAULT,467,7,0,2,9
DEFAULT,28388,10,1,1,12
DEFAULT,15476,10,1,2,13
,,,,
DEFAULT,761,3,1,1,5
DEFAULT,900,10,1,1,12
DEFAULT,1967,7,1,0,8
DEFAULT,8744,12,2,2,16
DEFAULT,15543,12,1,2,15
DEFAULT,35452,12,2,3,17
DEFAULT,26747,12,0,2,14
DEFAULT,22206,13,1,2,16
DEFAULT,11127,14,0,2,16
DEFAULT,862,9,1,3,13
DEFAULT,384,8,1,2,11
DEFAULT,729,8,1,1,10
DEFAULT,1946,7,1,2,10
DEFAULT,4726,14,0,3,17
DEFAULT,1884,9,1,3,13
DEFAULT,2743,7,1,3,11
DEFAULT,1038,3,0,2,5
DEFAULT,488,7,0,2,9
DEFAULT,1047,5,1,1,7
DEFAULT,18220,13,1,3,17
DEFAULT,25551,11,1,1,13
DEFAULT,788,7,1,2,10
DEFAULT,1813,4,2,4,10
DEFAULT,24858,10,0,2,12
DEFAULT,39303,11,2,4,17
DEFAULT,14971,11,1,2,14
,,,,
DEFAULT,535,9,0,2,11
DEFAULT,8238,10,1,2,13
,,,,
DEFAULT,30677,10,1,2,13
DEFAULT,25951,11,1,1,13
DEFAULT,606,10,1,0,11
DEFAULT,385,8,1,1,10
DEFAULT,16036,10,2,1,13
DEFAULT,1005,2,2,1,5
DEFAULT,382,5,1,0,6
DEFAULT,2870,6,2,3,11
DEFAULT,867,7,0,1,8
DEFAULT,39088,12,0,4,16
DEFAULT,1017,4,0,0,4
DEFAULT,46822,10,1,2,13
,,,,
DEFAULT,564,7,1,0,8
DEFAULT,14657,11,1,2,14
,,,,
DEFAULT,5936,11,1,3,15
DEFAULT,62073,14,1,2,17
DEFAULT,6378,11,0,2,13
DEFAULT,11259,11,2,1,14
DEFAULT,22575,13,2,2,17
DEFAULT,9259,9,2,1,12
DEFAULT,13842,12,1,3,16
DEFAULT,8905,14,1,2,17
DEFAULT,1730,3,0,1,4
,,,,
DEFAULT,1054,4,0,1,5
DEFAULT,606,6,1,3,10
DEFAULT,13401,11,1,2,14
,,,,
DEFAULT,582,6,0,1,7
DEFAULT,513,8,0,2,10
DEFAULT,663,4,0,2,6
,,,,
DEFAULT,1040,6,0,3,9
DEFAULT,814,6,0,2,8
DEFAULT,1401,12,2,3,17
DEFAULT,1423,8,1,2,11
DEFAULT,60236,13,1,2,16
DEFAULT,15523,10,0,2,12
,,,,
DEFAULT,436,7,0,1,8
DEFAULT,10859,10,0,3,13
DEFAULT,85814,10,0,1,11
DEFAULT,6769,12,1,2,15
DEFAULT,1078,5,0,1,6
DEFAULT,16963,12,1,3,16
DEFAULT,1128,3,0,0,3
DEFAULT,1440,10,1,3,14
DEFAULT,7822,11,2,3,16
DEFAULT,11917,15,1,2,18
,,,,
DEFAULT,4356,13,1,2,16
DEFAULT,974,6,0,3,9
DEFAULT,6603,14,1,1,16
DEFAULT,1674,7,1,1,9
DEFAULT,1144,5,1,0,6
DEFAULT,4334,12,1,3,16
DEFAULT,9886,13,0,1,14
DEFAULT,657,7,0,2,9
DEFAULT,43095,16,1,2,19
DEFAULT,14487,15,2,1,18
DEFAULT,16687,10,1,2,13
DEFAULT,1235,11,1,4,16
DEFAULT,3217,11,1,2,14
DEFAULT,356,7,0,0,7
DEFAULT,2173,12,0,2,14
DEFAULT,36423,13,1,3,17
DEFAULT,53514,13,0,2,15
DEFAULT,13622,12,0,3,15
DEFAULT,13684,12,1,1,14
DEFAULT,2616,15,2,1,18
DEFAULT,455,8,1,1,10
DEFAULT,6381,12,2,4,18
DEFAULT,1801,7,0,1,8
DEFAULT,18078,13,0,2,15
DEFAULT,612,5,0,1,6
DEFAULT,9212,12,0,2,14
DEFAULT,2761,13,0,2,15
DEFAULT,10255,8,1,3,12
DEFAULT,10014,12,1,2,15
DEFAULT,14128,12,1,1,14
,,,,
,,,,
DEFAULT,6366,13,0,3,16
DEFAULT,12221,12,0,3,15
,,,,
DEFAULT,918,6,0,0,6
DEFAULT,9332,13,1,3,17
DEFAULT,647,6,2,1,9
DEFAULT,3415,12,0,3,15
DEFAULT,37186,10,1,2,13
DEFAULT,11740,16,0,2,18
DEFAULT,1113,7,1,1,9
DEFAULT,11586,14,0,2,16
DEFAULT,5812,13,2,2,17
DEFAULT,3816,13,1,1,15
DEFAULT,16254,14,1,1,16
DEFAULT,4998,14,1,3,18
DEFAULT,1129,7,1,3,11
DEFAULT,8750,14,2,3,19
DEFAULT,5542,10,0,4,14
DEFAULT,11291,16,2,1,19
DEFAULT,19303,15,0,3,18
DEFAULT,13626,11,0,3,14
,,,,
DEFAULT,1024,4,0,1,5
DEFAULT,33843,11,1,2,14
DEFAULT,10114,10,1,3,14
DEFAULT,11727,9,1,2,12
DEFAULT,28245,10,1,2,13
DEFAULT,43112,12,1,2,15
DEFAULT,645,7,0,2,9
DEFAULT,718,7,2,2,11
DEFAULT,720,5,0,0,5
DEFAULT,1854,9,2,3,14
DEFAULT,657,6,1,1,8
,,,,
DEFAULT,875,3,0,2,5
DEFAULT,11913,12,1,1,14
DEFAULT,26501,13,1,3,17
,,,,
DEFAULT,8035,11,0,4,15
DEFAULT,17443,12,1,1,14
DEFAULT,1912,11,2,2,15
DEFAULT,1567,11,1,3,15
DEFAULT,6385,12,2,3,17
DEFAULT,22440,10,1,3,14
DEFAULT,12117,12,0,3,15
DEFAULT,2589,11,1,4,16
DEFAULT,18397,13,1,1,15
DEFAULT,18449,12,1,3,16
DEFAULT,4999,10,0,3,13
DEFAULT,674,9,2,3,14
,,,,
DEFAULT,196,5,0,1,6
DEFAULT,17006,13,1,0,14
DEFAULT,54093,12,0,3,15
DEFAULT,962,5,2,0,7
DEFAULT,40831,12,2,1,15
DEFAULT,3123,12,1,4,17
DEFAULT,39697,11,1,2,14
DEFAULT,1301,7,2,3,12
DEFAULT,600,6,0,2,8
DEFAULT,1931,9,2,2,13
,,,,
DEFAULT,34709,11,1,3,15
DEFAULT,10195,16,1,1,18
,,,,
DEFAULT,200,7,0,0,7
DEFAULT,62737,11,1,2,14
DEFAULT,5108,14,1,2,17
DEFAULT,7936,15,1,2,18
DEFAULT,21740,13,2,3,18
DEFAULT,1565,8,1,2,11
DEFAULT,375,11,1,0,12
,,,,
,,,,
DEFAULT,1021,8,2,3,13
DEFAULT,1442,10,2,3,15
DEFAULT,802,6,1,2,9
DEFAULT,691,9,1,0,10
DEFAULT,728,4,1,1,6
DEFAULT,27516,12,1,2,15
DEFAULT,75426,10,1,2,13
DEFAULT,23865,12,2,2,16
DEFAULT,5650,14,1,4,19
DEFAULT,14515,10,1,2,13
DEFAULT,957,10,2,2,14
DEFAULT,33807,11,0,3,14
DEFAULT,4308,11,2,3,16
DEFAULT,22958,13,1,2,16
DEFAULT,21179,10,2,2,14
DEFAULT,927,9,2,1,12
DEFAULT,92667,9,1,2,12
DEFAULT,4171,14,0,2,16
DEFAULT,30944,11,2,1,14
DEFAULT,3256,11,1,3,15
,,,,
DEFAULT,2251,8,2,2,12
,,,,
DEFAULT,835,9,0,1,10
DEFAULT,8188,14,0,3,17
DEFAULT,1088,9,2,2,13
DEFAULT,25191,11,1,2,14
DEFAULT,2072,10,2,2,14
DEFAULT,825,10,1,1,12
DEFAULT,208,12,0,1,13
DEFAULT,3851,11,1,1,13
DEFAULT,1150,11,2,2,15
DEFAULT,62684,12,0,2,14
DEFAULT,22036,12,1,3,16
DEFAULT,30542,14,0,1,15
DEFAULT,40900,11,0,1,12
DEFAULT,912,10,0,2,12
DEFAULT,12068,13,2,3,18
DEFAULT,2117,7,1,4,12
DEFAULT,510,7,1,1,9
DEFAULT,4476,15,2,2,19
DEFAULT,638,10,2,1,13
DEFAULT,28350,14,1,1,16
,,,,
DEFAULT,31455,12,1,2,15
DEFAULT,18556,14,1,1,16
DEFAULT,33584,14,2,2,18
DEFAULT,11607,14,1,3,18
DEFAULT,8667,10,0,1,11
,,,,
DEFAULT,14365,14,1,2,17
DEFAULT,14930,12,1,0,13
DEFAULT,1005,8,0,2,10
,,,,
DEFAULT,6757,14,2,3,19
DEFAULT,647,7,0,2,9
,,,,
,,,,
,,,,
DEFAULT,608,7,0,3,10
DEFAULT,1220,6,2,2,10
,,,,
,,,,
,,,,
DEFAULT,24053,9,1,3,13
DEFAULT,1424,8,0,4,12
DEFAULT,450,6,0,1,7
DEFAULT,1938,12,0,1,13
DEFAULT,6520,12,1,2,15
DEFAULT,715,10,1,2,13
DEFAULT,14451,15,2,2,19
DEFAULT,874,7,2,3,12
DEFAULT,8642,10,0,4,14
DEFAULT,2233,4,1,4,9
DEFAULT,67713,10,0,1,11
DEFAULT,8740,12,1,2,15
DEFAULT,25068,14,1,3,18
DEFAULT,8664,11,1,3,15
DEFAULT,711,5,0,0,5
DEFAULT,5225,11,1,3,15
DEFAULT,1721,5,2,0,7
DEFAULT,1354,7,1,3,11
DEFAULT,10805,14,0,3,17
DEFAULT,2983,12,1,3,16
,,,,
DEFAULT,1136,12,1,2,15
DEFAULT,1276,8,0,0,8
DEFAULT,4701,11,2,4,17
DEFAULT,10370,12,1,3,16
DEFAULT,2089,6,2,3,11
DEFAULT,23979,10,2,1,13
,,,,
DEFAULT,795,6,0,1,7
DEFAULT,2555,10,1,3,14
DEFAULT,20895,10,0,3,13
DEFAULT,26313,13,1,2,16
DEFAULT,3392,10,2,3,15
DEFAULT,20888,14,0,2,16
DEFAULT,24676,10,1,2,13
DEFAULT,22659,9,1,3,13
DEFAULT,332,5,1,1,7
DEFAULT,166,7,0,0,7
DEFAULT,785,5,2,0,7
DEFAULT,16931,14,0,2,16
DEFAULT,16531,13,0,2,15
DEFAULT,6911,11,1,2,14
DEFAULT,18697,11,0,3,14
DEFAULT,20097,9,2,2,13
,,,,
DEFAULT,431,6,2,2,10
DEFAULT,19709,10,0,2,12
DEFAULT,21631,13,1,1,15
DEFAULT,2734,10,1,2,13
DEFAULT,1102,4,2,0,6
,,,,
DEFAULT,6294,11,0,2,13
DEFAULT,491,9,0,2,11
DEFAULT,1253,7,2,1,10
DEFAULT,1303,7,1,3,11
DEFAULT,21848,9,1,2,12
DEFAULT,6666,10,1,2,13
DEFAULT,1926,5,1,2,8
DEFAULT,10561,10,1,3,14
DEFAULT,10378,10,1,2,13
DEFAULT,9406,13,0,3,16
DEFAULT,8457,14,0,2,16
DEFAULT,15361,11,1,2,14
DEFAULT,7146,13,2,3,18
DEFAULT,30018,12,1,3,16
DEFAULT,19870,14,2,3,19
DEFAULT,11235,13,0,2,15
,,,,
DEFAULT,616,6,2,1,9
,,,,
DEFAULT,844,3,1,1,5
DEFAULT,2062,12,1,3,16
,,,,
DEFAULT,16529,12,0,2,14
DEFAULT,8830,13,2,0,15
,,,,
DEFAULT,523,6,2,1,9
DEFAULT,688,7,1,4,12
DEFAULT,4401,12,1,3,16
DEFAULT,660,5,1,0,6
DEFAULT,16901,14,0,1,15
DEFAULT,1801,7,2,4,13
,,,,
DEFAULT,14473,11,1,1,13
DEFAULT,1007,6,1,3,10
DEFAULT,3341,11,1,3,15
DEFAULT,25000,12,0,3,15
DEFAULT,18408,13,2,1,16
DEFAULT,34387,10,1,1,12
DEFAULT,1104,13,1,4,18
DEFAULT,912,5,0,1,6
DEFAULT,3218,10,0,4,14
DEFAULT,17912,12,1,3,16
DEFAULT,7312,12,0,2,14
DEFAULT,2760,10,0,2,12
DEFAULT,1193,7,0,3,10
DEFAULT,748,10,1,3,14
DEFAULT,127,6,2,1,9
DEFAULT,497,7,0,2,9
DEFAULT,6742,12,1,2,15
DEFAULT,1723,9,1,4,14
DEFAULT,688,6,1,1,8
,,,,
DEFAULT,35290,12,1,2,15
DEFAULT,64106,10,0,2,12
DEFAULT,43318,12,1,3,16
DEFAULT,67170,12,1,1,14
DEFAULT,913,7,0,1,8
DEFAULT,12531,14,2,1,17
DEFAULT,11349,12,1,3,16
DEFAULT,7714,12,2,2,16
DEFAULT,4016,12,1,3,16
DEFAULT,910,6,0,0,6
DEFAULT,1375,7,0,0,7
DEFAULT,16879,10,2,3,15
DEFAULT,271,5,0,2,7
DEFAULT,18863,9,1,2,12
DEFAULT,3487,11,1,4,16
DEFAULT,800,7,2,2,11
DEFAULT,13285,9,1,2,12
DEFAULT,5684,10,1,1,12
DEFAULT,10548,10,1,2,13
DEFAULT,19198,11,1,1,13
,,,,
DEFAULT,1159,4,0,0,4
DEFAULT,6937,10,1,3,14
DEFAULT,33273,11,1,1,13
DEFAULT,27700,12,1,1,14
DEFAULT,1201,9,1,2,12
DEFAULT,34486,10,0,3,13
,,,,
DEFAULT,1636,6,2,1,9
DEFAULT,762,6,0,1,7
DEFAULT,1486,6,1,0,7
DEFAULT,361,11,1,1,13
DEFAULT,1853,10,1,3,14
DEFAULT,17401,11,0,2,13
DEFAULT,509,9,1,2,12
DEFAULT,14225,16,1,3,20
DEFAULT,6718,14,2,3,19
DEFAULT,786,9,1,2,12
DEFAULT,14624,10,0,1,11
DEFAULT,624,8,0,2,10
DEFAULT,1982,4,0,4,8
DEFAULT,1990,11,0,1,12
DEFAULT,7948,13,1,2,16
DEFAULT,25661,15,0,3,18
DEFAULT,19199,12,1,3,16
DEFAULT,552,9,1,2,12
DEFAULT,836,4,0,1,5
DEFAULT,2956,16,1,2,19
DEFAULT,27147,13,1,1,15
DEFAULT,933,8,0,3,11
DEFAULT,12289,14,0,2,16
DEFAULT,9762,12,0,1,13
DEFAULT,7126,13,0,2,15
,,,,
DEFAULT,793,4,1,0,5
,,,,
DEFAULT,14834,12,2,1,15
DEFAULT,9111,12,2,2,16
DEFAULT,457,8,1,2,11
DEFAULT,1240,3,0,0,3
DEFAULT,25699,13,1,2,16
DEFAULT,16112,12,1,3,16
,,,,
DEFAULT,692,7,0,1,8
DEFAULT,561,10,1,2,13
DEFAULT,1444,9,0,4,13
DEFAULT,4905,11,0,3,14
,,,,
DEFAULT,1240,7,0,0,7
,,,,
DEFAULT,6577,12,1,1,14
DEFAULT,1496,7,2,3,12
,,,,
DEFAULT,1376,4,1,3,8
DEFAULT,205,10,0,2,12
DEFAULT,38247,14,2,1,17
DEFAULT,392,5,2,2,9
DEFAULT,337,11,0,2,13
DEFAULT,11178,10,0,3,13
DEFAULT,4591,14,1,2,17
DEFAULT,1141,7,1,4,12
DEFAULT,17925,12,2,3,17
DEFAULT,1106,5,0,1,6
DEFAULT,30611,12,1,3,16
DEFAULT,984,5,1,0,6
DEFAULT,7555,12,1,2,15
DEFAULT,20118,11,1,2,14
DEFAULT,257,7,1,0,8
DEFAULT,63102,13,2,1,16
DEFAULT,981,10,1,4,15
DEFAULT,28054,11,1,3,15
DEFAULT,8697,12,0,3,15
DEFAULT,334,6,1,1,8
DEFAULT,86929,11,0,1,12
DEFAULT,6466,13,0,3,16
DEFAULT,6210,11,1,4,16
DEFAULT,8756,16,2,2,20
DEFAULT,6527,13,2,4,19
DEFAULT,894,4,1,2,7
DEFAULT,48475,10,0,2,12
DEFAULT,19982,16,0,2,18
DEFAULT,878,5,0,0,5
DEFAULT,34490,13,1,1,15
DEFAULT,1775,5,1,3,9
DEFAULT,27034,10,2,1,13
DEFAULT,20793,11,1,2,14
DEFAULT,717,10,2,0,12
DEFAULT,5928,12,2,1,15
DEFAULT,61186,9,1,1,11
DEFAULT,19953,10,0,2,12
DEFAULT,690,11,1,4,16
DEFAULT,13235,11,2,1,14
DEFAULT,16876,15,1,1,17
DEFAULT,21674,11,1,2,14
DEFAULT,35510,8,1,3,12
DEFAULT,529,9,0,0,9
DEFAULT,26117,13,2,2,17
DEFAULT,58209,14,1,3,18
DEFAULT,566,8,1,2,11
DEFAULT,37118,12,2,1,15
DEFAULT,21172,13,1,3,17
DEFAULT,11743,13,2,2,17
DEFAULT,1784,6,0,4,10
DEFAULT,11308,12,2,3,17
DEFAULT,26555,12,1,1,14
DEFAULT,20276,10,1,2,13
DEFAULT,1201,2,1,0,3
DEFAULT,938,5,0,3,8
DEFAULT,555,9,0,2,11
,,,,
DEFAULT,8926,12,1,3,16
DEFAULT,1134,4,1,2,7
DEFAULT,1051,8,1,0,9
DEFAULT,9162,14,2,3,19
DEFAULT,18665,11,2,1,14
,,,,
DEFAULT,557,4,1,1,6
DEFAULT,8456,12,0,2,14
DEFAULT,12340,13,1,1,15
,,,,
DEFAULT,1043,10,1,3,14
DEFAULT,5378,12,1,2,15
DEFAULT,146,5,1,1,7
DEFAULT,2679,14,0,4,18
DEFAULT,16942,13,2,2,17
DEFAULT,9174,16,2,3,21
DEFAULT,9787,15,0,2,17
DEFAULT,13724,12,1,3,16
DEFAULT,10377,13,1,2,16
DEFAULT,16536,12,1,3,16
DEFAULT,48193,12,0,1,13
,,,,
DEFAULT,1362,9,2,1,12
,,,,
,,,,
DEFAULT,866,6,2,2,10
DEFAULT,21893,11,2,2,15
DEFAULT,8479,9,1,2,12
DEFAULT,12059,11,1,2,14
DEFAULT,56289,12,2,1,15
DEFAULT,518,5,1,1,7
DEFAULT,604,4,1,3,8
,,,,
DEFAULT,1506,9,1,4,14
DEFAULT,3903,11,1,3,15
DEFAULT,26088,14,1,3,18
DEFAULT,1525,13,2,3,18
DEFAULT,902,10,0,4,14
DEFAULT,1290,3,0,2,5
DEFAULT,8231,15,1,2,18
DEFAULT,752,9,2,3,14
DEFAULT,17982,12,1,2,15
,,,,
DEFAULT,921,6,1,1,8
DEFAULT,16603,11,1,2,14
DEFAULT,18602,12,1,3,16
DEFAULT,35613,10,1,1,12
DEFAULT,17831,13,1,2,16
,,,,
DEFAULT,774,9,0,4,13
DEFAULT,5837,13,2,1,16
DEFAULT,8027,14,1,2,17
DEFAULT,9387,9,1,2,12
DEFAULT,23896,11,1,2,14
DEFAULT,2886,13,0,4,17
,,,,
DEFAULT,442,7,0,2,9
DEFAULT,533,5,2,1,8
DEFAULT,15670,12,1,2,15
DEFAULT,21418,13,0,3,16
,,,,
,,,,
DEFAULT,1325,4,0,3,7
DEFAULT,689,4,0,2,6
DEFAULT,12915,9,1,1,11
DEFAULT,25492,10,2,1,13
DEFAULT,14760,12,1,2,15
DEFAULT,1064,5,2,3,10
DEFAULT,357,10,1,3,14
DEFAULT,390,8,1,0,9
DEFAULT,602,7,1,2,10
DEFAULT,77507,12,2,1,15
DEFAULT,9172,9,2,2,13
DEFAULT,2324,11,1,4,16
DEFAULT,506,8,1,1,10
,,,,
DEFAULT,5979,14,1,2,17
DEFAULT,604,4,1,2,7
DEFAULT,9845,15,0,2,17
DEFAULT,1129,5,1,3,9
DEFAULT,24491,13,0,2,15
DEFAULT,670,5,1,0,6
DEFAULT,549,9,2,1,12
DEFAULT,8348,12,1,1,14
DEFAULT,21059,14,0,1,15
DEFAULT,95008,14,1,2,17
DEFAULT,24994,11,1,1,13
DEFAULT,934,7,1,3,11
DEFAULT,841,12,2,2,16
DEFAULT,2244,11,2,3,16
DEFAULT,994,3,0,2,5
DEFAULT,176,9,1,2,12
DEFAULT,4868,16,2,2,20
DEFAULT,14944,12,1,2,15
DEFAULT,17372,11,0,2,13
DEFAULT,36491,13,1,2,16
DEFAULT,1015,8,1,4,13
DEFAULT,2091,10,1,3,14
DEFAULT,650,8,1,2,11
DEFAULT,17048,11,1,1,13
DEFAULT,1432,11,0,3,14
DEFAULT,1213,10,2,4,16
DEFAULT,29916,12,1,1,14
DEFAULT,1419,8,2,2,12
DEFAULT,45078,12,2,1,15
DEFAULT,7115,14,1,3,18
DEFAULT,2594,12,2,3,17
DEFAULT,825,6,0,0,6
DEFAULT,7175,10,1,1,12
DEFAULT,1064,4,2,0,6
DEFAULT,588,4,0,3,7
DEFAULT,340,6,1,1,8
,,,,
DEFAULT,742,6,0,4,10
DEFAULT,13338,14,0,2,16
DEFAULT,34493,12,1,2,15
DEFAULT,978,3,1,4,8
DEFAULT,17384,11,1,1,13
DEFAULT,36764,12,1,3,16
DEFAULT,280,6,1,3,10
DEFAULT,13043,13,1,2,16
DEFAULT,19254,12,0,3,15
DEFAULT,950,8,0,1,9
DEFAULT,1137,9,1,3,13
DEFAULT,28404,14,1,1,16
DEFAULT,1837,7,2,2,11
DEFAULT,23845,11,0,2,13
DEFAULT,19189,13,0,1,14
DEFAULT,225,8,1,1,10
DEFAULT,9422,13,1,1,15
,,,,
DEFAULT,9446,9,1,3,13
,,,,
DEFAULT,13664,13,0,1,14
DEFAULT,150,5,1,1,7
DEFAULT,75623,14,1,0,15
,,,,
DEFAULT,1573,9,2,3,14
DEFAULT,6392,13,1,2,16
DEFAULT,581,5,0,0,5
,,,,
DEFAULT,416,6,1,3,10
DEFAULT,3988,13,2,2,17
DEFAULT,53003,11,1,0,12
DEFAULT,6550,14,1,1,16
DEFAULT,30550,10,2,2,14
DEFAULT,6899,11,2,2,15
DEFAULT,742,5,1,2,8
DEFAULT,1029,3,1,1,5
,,,,
DEFAULT,18690,11,1,3,15
DEFAULT,8143,12,0,3,15
DEFAULT,402,9,1,0,10
DEFAULT,445,10,0,3,13
DEFAULT,875,6,1,2,9
DEFAULT,348,7,1,1,9
,,,,
DEFAULT,326,9,2,1,12
,,,,
DEFAULT,894,6,0,1,7
,,,,
DEFAULT,33971,12,1,2,15
DEFAULT,466,6,0,2,8
DEFAULT,17140,13,1,2,16
DEFAULT,1086,7,2,2,11
DEFAULT,4617,13,1,3,17
,,,,
DEFAULT,521,7,2,3,12
DEFAULT,170,6,2,3,11
DEFAULT,3112,13,0,0,13
DEFAULT,16689,11,1,3,15
,,,,
DEFAULT,31943,12,1,2,15
DEFAULT,797,9,0,3,12
DEFAULT,12086,11,2,3,16
DEFAULT,766,9,1,3,13
DEFAULT,27397,11,1,3,15
DEFAULT,623,8,1,2,11
DEFAULT,28809,9,1,2,12
DEFAULT,9115,13,1,2,16
DEFAULT,20737,12,2,3,17
DEFAULT,20408,12,0,1,13
DEFAULT,8401,10,1,1,12
DEFAULT,10401,14,1,3,18
DEFAULT,817,8,1,4,13
DEFAULT,11458,16,1,3,20
DEFAULT,35409,12,1,2,15
DEFAULT,6324,9,1,2,12
,,,,
DEFAULT,27868,12,0,2,14
DEFAULT,16225,13,1,2,16
DEFAULT,513,8,0,1,9
DEFAULT,5450,16,1,2,19
DEFAULT,13543,13,1,3,17
DEFAULT,3026,14,1,3,18
DEFAULT,26344,12,0,2,14
DEFAULT,15181,11,2,2,15
DEFAULT,14657,13,1,2,16
DEFAULT,30726,11,1,2,14
DEFAULT,446,7,1,2,10
,,,,
DEFAULT,490,7,1,2,10
DEFAULT,1431,13,2,3,18
DEFAULT,5523,13,1,3,17
DEFAULT,24600,11,2,2,15
DEFAULT,1444,7,0,0,7
DEFAULT,18040,11,0,3,14
DEFAULT,27527,13,1,1,15
,,,,
DEFAULT,9475,9,1,3,13
DEFAULT,10559,12,1,2,15
DEFAULT,1891,9,1,4,14
,,,,
,,,,
,,,,
DEFAULT,30454,12,1,2,15
,,,,
DEFAULT,71479,13,1,1,15
DEFAULT,5218,11,1,3,15
DEFAULT,60490,13,2,1,16
,,,,
,,,,
DEFAULT,5102,11,2,4,17
DEFAULT,15519,16,1,2,19
DEFAULT,22442,15,1,1,17
DEFAULT,1070,7,0,0,7
DEFAULT,16310,10,0,3,13
DEFAULT,23445,13,2,2,17
DEFAULT,6590,14,1,2,17
DEFAULT,15072,12,1,3,16
DEFAULT,1670,10,1,2,13
DEFAULT,8859,11,0,2,13
DEFAULT,23934,10,1,2,13
,,,,
DEFAULT,358,7,0,0,7
DEFAULT,436,7,1,3,11
DEFAULT,8069,10,2,0,12
DEFAULT,377,9,1,3,13
DEFAULT,28653,12,1,1,14
DEFAULT,58893,11,1,3,15
DEFAULT,16595,11,1,1,13
DEFAULT,128,9,0,0,9
DEFAULT,6838,14,2,2,18
,,,,
DEFAULT,516,5,0,1,6
,,,,
DEFAULT,1086,5,1,2,8
DEFAULT,676,7,0,3,10
DEFAULT,3943,13,2,4,19
DEFAULT,271,7,1,3,11
DEFAULT,853,9,1,3,13
DEFAULT,954,3,1,1,5
DEFAULT,305,8,1,1,10
DEFAULT,1227,5,1,3,9
DEFAULT,6600,13,1,1,15
DEFAULT,1059,6,1,3,10
,,,,
DEFAULT,427,10,1,1,12
,,,,
DEFAULT,806,6,2,1,9
DEFAULT,1108,8,1,0,9
DEFAULT,9304,14,1,1,16
DEFAULT,629,6,1,2,9
,,,,
DEFAULT,45563,13,0,3,16
DEFAULT,18593,12,2,2,16
DEFAULT,12699,13,2,2,17
DEFAULT,40416,11,2,1,14
DEFAULT,206,7,0,1,8
DEFAULT,1010,7,1,0,8
DEFAULT,1947,11,1,3,15
DEFAULT,22118,12,1,2,15
DEFAULT,5593,15,0,3,18
DEFAULT,712,7,1,3,11
DEFAULT,8699,8,2,1,11
,,,,
DEFAULT,1306,8,2,2,12
DEFAULT,724,6,0,1,7
DEFAULT,11556,15,0,1,16
DEFAULT,19767,9,0,2,11
DEFAULT,57337,14,1,1,16
DEFAULT,5152,11,2,3,16
DEFAULT,1052,6,1,2,9
,,,,
DEFAULT,508,8,0,1,9
DEFAULT,2372,8,2,2,12
DEFAULT,2637,12,0,3,15
DEFAULT,617,5,0,3,8
DEFAULT,19600,13,1,2,16
DEFAULT,13488,12,1,2,15
,,,,
DEFAULT,1029,3,0,3,6
DEFAULT,7571,9,0,1,10
DEFAULT,153,6,1,2,9
DEFAULT,35637,14,0,2,16
DEFAULT,1451,11,1,3,15
DEFAULT,38664,13,1,0,14
,,,,
DEFAULT,536,9,1,2,12
DEFAULT,620,8,1,3,12
,,,,
DEFAULT,8017,11,2,3,16
DEFAULT,592,4,0,1,5
DEFAULT,1405,6,2,2,10
DEFAULT,261,7,1,2,10
DEFAULT,619,9,1,3,13
DEFAULT,797,7,1,3,11
DEFAULT,8777,13,1,2,16
DEFAULT,21382,9,1,2,12
DEFAULT,752,7,1,0,8
DEFAULT,12380,8,2,2,12
DEFAULT,11173,10,1,1,12
DEFAULT,344,4,0,2,6
DEFAULT,6462,16,0,2,18
DEFAULT,884,4,1,2,7
DEFAULT,19358,13,2,1,16
DEFAULT,1060,9,1,3,13
DEFAULT,94985,12,1,2,15
DEFAULT,6658,14,2,2,18
DEFAULT,5588,11,2,3,16
,,,,
DEFAULT,54549,13,1,0,14
DEFAULT,699,11,0,3,14
DEFAULT,555,7,1,3,11
DEFAULT,1898,6,2,4,12
DEFAULT,576,6,0,1,7
DEFAULT,13255,14,0,3,17
,,,,
DEFAULT,2304,12,1,4,17
,,,,
DEFAULT,11532,12,2,2,16
DEFAULT,1033,6,1,1,8
DEFAULT,669,7,0,3,10
DEFAULT,6692,13,0,2,15
,,,,
DEFAULT,2311,10,0,3,13
,,,,
DEFAULT,8245,12,0,2,14
DEFAULT,1262,9,1,4,14
DEFAULT,966,4,1,2,7
DEFAULT,981,5,0,0,5
DEFAULT,1027,5,1,2,8
DEFAULT,286,7,0,0,7
,,,,
,,,,
DEFAULT,598,10,1,1,12
DEFAULT,7867,11,1,2,14
DEFAULT,27594,8,1,4,13
DEFAULT,13608,14,0,3,17
DEFAULT,7487,12,0,1,13
DEFAULT,5178,15,0,3,18
DEFAULT,605,3,1,0,4
DEFAULT,925,9,2,2,13
,,,,
DEFAULT,14881,12,2,1,15
DEFAULT,50843,11,1,2,14
DEFAULT,8102,9,1,3,13
DEFAULT,2206,10,2,4,16
,,,,
DEFAULT,230,9,2,3,14
DEFAULT,199,8,2,2,12
DEFAULT,5681,11,2,3,16
DEFAULT,1236,3,1,1,5
DEFAULT,15568,12,0,2,14
,,,,
DEFAULT,366,7,1,3,11
DEFAULT,1144,5,0,4,9
DEFAULT,1611,7,2,3,12
DEFAULT,1625,8,1,0,9
DEFAULT,25163,11,1,2,14
DEFAULT,594,6,0,1,7
DEFAULT,1306,9,1,3,13
DEFAULT,26198,13,1,2,16
,,,,
,,,,
,,,,
DEFAULT,13085,10,0,1,11
DEFAULT,11002,13,2,3,18
DEFAULT,1098,4,1,1,6
DEFAULT,12604,14,2,1,17
DEFAULT,1581,11,2,1,14
DEFAULT,783,9,1,3,13
DEFAULT,392,11,0,1,12
DEFAULT,19295,13,1,3,17
DEFAULT,3957,12,1,0,13
DEFAULT,1575,8,1,0,9
DEFAULT,926,2,1,2,5
DEFAULT,6570,9,1,2,12
DEFAULT,41382,12,1,3,16
DEFAULT,8174,15,0,1,16
,,,,
DEFAULT,1678,10,1,4,15
DEFAULT,19897,13,0,1,14
DEFAULT,17673,12,0,2,14
DEFAULT,10042,12,0,2,14
DEFAULT,1434,2,0,2,4
DEFAULT,21664,11,2,2,15
DEFAULT,44952,11,0,1,12
DEFAULT,950,8,1,4,13
DEFAULT,542,6,0,1,7
DEFAULT,24975,12,1,1,14
DEFAULT,18329,13,2,3,18
DEFAULT,10354,13,0,2,15
DEFAULT,8618,11,0,3,14
DEFAULT,25357,13,1,2,16
DEFAULT,214,8,1,3,12
,,,,
DEFAULT,8411,11,1,2,14
DEFAULT,24730,11,0,2,13
,,,,
DEFAULT,37888,13,1,3,17
DEFAULT,119,9,2,2,13
DEFAULT,5396,14,0,3,17
,,,,
DEFAULT,547,6,2,1,9
DEFAULT,33019,13,1,2,16
DEFAULT,10319,16,0,3,19
DEFAULT,10964,12,2,2,16
DEFAULT,1375,3,2,0,5
DEFAULT,1025,9,0,0,9
DEFAULT,5876,12,2,1,15
DEFAULT,806,9,0,3,12
DEFAULT,1164,6,1,4,11
DEFAULT,14348,11,0,2,13
DEFAULT,2915,13,1,3,17
DEFAULT,48091,11,0,4,15
DEFAULT,18607,13,1,2,16
DEFAULT,334,5,0,2,7
DEFAULT,1502,8,1,3,12
DEFAULT,44958,10,2,2,14
DEFAULT,5400,9,2,2,13
,,,,
DEFAULT,18879,11,1,3,15
DEFAULT,2348,8,0,4,12
DEFAULT,1592,5,1,4,10
DEFAULT,5538,12,0,3,15
DEFAULT,2385,8,0,3,11
DEFAULT,818,9,2,2,13
DEFAULT,10489,14,2,0,16
DEFAULT,4827,9,0,3,12
,,,,
DEFAULT,2486,8,1,3,12
DEFAULT,1079,4,0,1,5
,,,,
DEFAULT,12094,14,0,2,16
DEFAULT,22372,14,1,1,16
DEFAULT,430,11,1,0,12
DEFAULT,6233,14,1,4,19
DEFAULT,4112,11,0,2,13
DEFAULT,75955,14,2,1,17
DEFAULT,6507,8,2,1,11
DEFAULT,6287,14,1,1,16
DEFAULT,13777,11,1,3,15
DEFAULT,5105,10,2,1,13
,,,,
,,,,
DEFAULT,732,5,2,1,8
,,,,
DEFAULT,14285,10,1,3,14
DEFAULT,16327,12,0,2,14
,,,,
,,,,
DEFAULT,24762,11,1,2,14
DEFAULT,1013,5,0,1,6
,,,,
DEFAULT,1247,10,2,3,15
DEFAULT,7435,16,1,2,19
DEFAULT,1085,8,0,3,11
DEFAULT,611,4,1,3,8
DEFAULT,23170,12,0,3,15
DEFAULT,20190,13,1,2,16
DEFAULT,3997,13,0,3,16
DEFAULT,23991,12,0,1,13
,,,,
DEFAULT,1736,10,2,3,15
DEFAULT,44078,14,1,1,16
DEFAULT,7770,9,0,1,10
,,,,
DEFAULT,1540,9,2,1,12
DEFAULT,1072,7,1,4,12
DEFAULT,14767,12,2,2,16
,,,,
DEFAULT,64128,12,0,2,14
DEFAULT,11450,12,2,1,15
DEFAULT,696,8,0,1,9
DEFAULT,732,8,0,2,10
DEFAULT,465,6,2,2,10
,,,,
DEFAULT,867,7,1,3,11
DEFAULT,23297,14,0,3,17
DEFAULT,1314,2,1,2,5
DEFAULT,63639,13,1,3,17
DEFAULT,13788,11,2,2,15
DEFAULT,10171,13,2,2,17
DEFAULT,15045,12,1,2,15
DEFAULT,27817,9,1,3,13
,,,,
DEFAULT,12803,15,1,1,17
DEFAULT,18774,11,0,2,13
DEFAULT,481,6,1,2,9
DEFAULT,840,8,0,0,8
DEFAULT,12279,9,0,3,12
DEFAULT,870,8,0,3,11
DEFAULT,18126,12,1,1,14
DEFAULT,902,7,1,1,9
DEFAULT,29389,11,0,1,12
DEFAULT,19698,12,1,0,13
DEFAULT,1601,12,1,1,14
DEFAULT,3888,12,2,3,17
DEFAULT,10084,10,1,3,14
DEFAULT,351,10,0,3,13
DEFAULT,1036,8,1,4,13
DEFAULT,453,4,0,2,6
DEFAULT,27628,14,0,2,16
DEFAULT,34730,11,1,2,14
DEFAULT,941,5,1,1,7
DEFAULT,40722,12,0,1,13
DEFAULT,17858,14,1,3,18
DEFAULT,19213,13,2,2,17
DEFAULT,15415,11,2,2,15
DEFAULT,6755,12,0,2,14
DEFAULT,9591,9,2,4,15
DEFAULT,7081,13,1,1,15
,,,,
DEFAULT,17030,8,2,1,11
DEFAULT,44214,12,1,3,16
DEFAULT,730,7,0,2,9
DEFAULT,13988,11,0,2,13
DEFAULT,19620,12,1,2,15
DEFAULT,7981,12,1,3,16
DEFAULT,1269,4,1,3,8
DEFAULT,1307,6,1,4,11
DEFAULT,445,6,0,1,7
DEFAULT,1052,4,0,4,8
DEFAULT,2092,7,1,3,11
,,,,
DEFAULT,3166,12,0,3,15
,,,,
,,,,
DEFAULT,37485,9,1,1,11
DEFAULT,6250,12,1,2,15
DEFAULT,5485,16,1,3,20
DEFAULT,15521,15,1,3,19
DEFAULT,11083,12,1,3,16
DEFAULT,2131,4,2,4,10
DEFAULT,2639,11,2,1,14
DEFAULT,92,10,1,1,12
DEFAULT,65622,11,1,1,13
DEFAULT,28225,9,1,2,12
DEFAULT,7146,11,1,2,14
DEFAULT,33200,12,1,3,16
DEFAULT,1132,9,0,0,9
,,,,
DEFAULT,1618,3,0,0,3
DEFAULT,8616,12,1,2,15
DEFAULT,950,7,0,0,7
DEFAULT,535,7,1,2,10
DEFAULT,23599,11,1,2,14
DEFAULT,8818,11,1,3,15
DEFAULT,8373,12,1,1,14
DEFAULT,2408,5,2,3,10
DEFAULT,6577,13,1,4,18
DEFAULT,13854,10,2,2,14
DEFAULT,1354,12,1,3,16
DEFAULT,17985,10,1,2,13
DEFAULT,5197,10,0,2,12
DEFAULT,28149,14,2,2,18
DEFAULT,519,6,1,1,8
,,,,
DEFAULT,12651,10,2,1,13
DEFAULT,670,5,2,0,7
DEFAULT,4773,18,2,2,22
DEFAULT,31860,14,1,3,18
DEFAULT,11176,15,2,1,18
DEFAULT,762,7,1,2,10
DEFAULT,23585,12,1,2,15
DEFAULT,369,5,0,1,6
DEFAULT,11726,9,0,1,10
DEFAULT,4534,15,1,4,20
DEFAULT,23721,16,0,3,19
DEFAULT,16245,11,1,3,15
DEFAULT,265,7,1,3,11
,,,,
DEFAULT,10117,9,1,1,11
DEFAULT,1085,3,0,1,4
DEFAULT,11707,13,1,3,17
DEFAULT,29709,11,0,2,13
DEFAULT,1976,4,1,0,5
DEFAULT,29760,14,0,3,17
DEFAULT,3522,9,1,3,13
DEFAULT,1528,9,2,2,13
DEFAULT,24546,12,2,2,16
DEFAULT,913,12,2,2,16
DEFAULT,1276,1,0,3,4
DEFAULT,21559,11,1,1,13
,,,,
DEFAULT,23743,12,1,2,15
,,,,
DEFAULT,5993,13,1,3,17
DEFAULT,19271,12,0,2,14
DEFAULT,2599,8,1,3,12
DEFAULT,7299,13,1,2,16
DEFAULT,1130,7,0,1,8
DEFAULT,538,6,1,1,8
,,,,
DEFAULT,23977,11,2,2,15
,,,,
DEFAULT,1364,5,1,2,8
DEFAULT,27796,13,0,1,14
DEFAULT,7723,11,1,2,14
,,,,
DEFAULT,21045,10,0,2,12
DEFAULT,1527,6,0,0,6
DEFAULT,5604,10,1,3,14
DEFAULT,15346,15,1,3,19
DEFAULT,1232,10,2,3,15
DEFAULT,642,5,0,3,8
DEFAULT,1820,8,2,3,13
DEFAULT,503,8,1,0,9
DEFAULT,1260,11,0,1,12
DEFAULT,32481,13,2,2,17
DEFAULT,1787,8,2,4,14
DEFAULT,8690,11,1,2,14
DEFAULT,2462,12,1,3,16
DEFAULT,24843,11,2,2,15
,,,,
DEFAULT,670,10,1,1,12
DEFAULT,12303,15,0,2,17
DEFAULT,20525,13,0,3,16
DEFAULT,1342,6,1,0,7
DEFAULT,11150,15,1,2,18
DEFAULT,47383,11,1,3,15
DEFAULT,484,3,0,1,4
,,,,
DEFAULT,9964,13,1,2,16
DEFAULT,1898,4,0,1,5
DEFAULT,5037,11,1,2,14
,,,,
DEFAULT,15232,16,1,1,18
DEFAULT,8159,10,1,2,13
DEFAULT,33716,13,0,1,14
,,,,
,,,,
DEFAULT,1410,4,2,0,6
DEFAULT,15725,10,1,1,12
DEFAULT,465,9,1,1,11
DEFAULT,6015,12,1,3,16
DEFAULT,437,6,1,2,9
DEFAULT,707,8,1,4,13
DEFAULT,6142,12,1,2,15
,,,,
DEFAULT,416,11,2,1,14
DEFAULT,5490,11,2,3,16
,,,,
DEFAULT,47867,12,1,1,14
DEFAULT,1178,4,0,1,5
,,,,
DEFAULT,1540,6,1,4,11
DEFAULT,3684,10,1,4,15
DEFAULT,505,8,0,1,9
DEFAULT,15496,12,0,1,13
DEFAULT,351,9,0,3,12
DEFAULT,1507,5,1,3,9
,,,,
DEFAULT,817,6,0,3,9
,,,,
DEFAULT,24293,10,0,2,12
DEFAULT,16035,12,2,2,16
DEFAULT,741,7,1,3,11
DEFAULT,2619,9,0,4,13
DEFAULT,7938,14,1,3,18
DEFAULT,63955,13,1,3,17
DEFAULT,275,10,2,0,12
DEFAULT,541,9,0,0,9
DEFAULT,67289,11,2,2,15
DEFAULT,6769,14,1,2,17
DEFAULT,1054,8,2,2,12
DEFAULT,4540,11,1,2,14
DEFAULT,4162,12,1,3,16
DEFAULT,1494,3,0,1,4
DEFAULT,21705,8,2,3,13
DEFAULT,8194,12,1,3,16
DEFAULT,667,8,0,2,10
DEFAULT,18418,13,2,1,16
DEFAULT,939,3,0,0,3
,,,,
,,,,
DEFAULT,1646,3,0,2,5
DEFAULT,501,9,0,2,11
DEFAULT,10588,12,1,2,15
DEFAULT,19576,13,1,3,17
,,,,
DEFAULT,32345,12,1,3,16
,,,,
,,,,
DEFAULT,17973,12,1,1,14
DEFAULT,542,9,1,0,10
,,,,
DEFAULT,1330,11,1,2,14
DEFAULT,15737,8,2,3,13
DEFAULT,84022,9,1,1,11
DEFAULT,854,5,0,0,5
,,,,
DEFAULT,17805,10,1,3,14
DEFAULT,708,7,2,2,11
DEFAULT,4262,11,1,4,16
DEFAULT,573,7,1,3,11
DEFAULT,1064,3,2,0,5
DEFAULT,2696,8,1,3,12
DEFAULT,2672,7,1,3,11
DEFAULT,942,10,0,3,13
DEFAULT,26171,13,0,2,15
DEFAULT,1460,7,0,2,9
DEFAULT,4994,14,0,3,17
,,,,
DEFAULT,1399,3,2,2,7
DEFAULT,1298,6,2,3,11
DEFAULT,8749,10,1,4,15
DEFAULT,13190,11,0,3,14
DEFAULT,21422,13,1,2,16
DEFAULT,1038,11,2,3,16
,,,,
DEFAULT,31570,14,1,1,16
DEFAULT,1759,10,1,4,15
DEFAULT,741,8,0,1,9
DEFAULT,484,3,1,0,4
DEFAULT,463,5,1,1,7
DEFAULT,14517,13,1,3,17
DEFAULT,52154,13,2,3,18
DEFAULT,28794,10,1,2,13
DEFAULT,17194,11,1,1,13
DEFAULT,1189,9,2,4,15
DEFAULT,16420,13,1,1,15
DEFAULT,2128,10,2,3,15
DEFAULT,10380,15,1,3,19
DEFAULT,1300,5,0,3,8
,,,,
DEFAULT,9728,12,1,1,14
DEFAULT,868,5,0,2,7
DEFAULT,16508,13,1,1,15
DEFAULT,9887,13,0,2,15
DEFAULT,786,10,1,1,12
DEFAULT,364,8,0,1,9
DEFAULT,1684,8,2,3,13
DEFAULT,29112,12,1,2,15
DEFAULT,8026,15,1,2,18
DEFAULT,15140,10,1,3,14
DEFAULT,6609,10,2,2,14
DEFAULT,448,7,0,2,9
DEFAULT,51369,12,0,1,13
,,,,
DEFAULT,8474,11,0,3,14
DEFAULT,18023,11,1,2,14
DEFAULT,574,6,0,2,8
DEFAULT,4540,12,1,2,15
DEFAULT,351,8,0,2,10
,,,,
,,,,
DEFAULT,13069,13,0,1,14
DEFAULT,8530,12,2,2,16
DEFAULT,533,5,0,2,7
DEFAULT,401,9,2,3,14
DEFAULT,2791,9,2,4,15
DEFAULT,639,10,0,3,13
DEFAULT,20924,14,0,1,15
DEFAULT,12992,11,1,3,15
DEFAULT,10901,10,1,1,12
DEFAULT,1186,8,2,4,14
DEFAULT,262,6,1,2,9
DEFAULT,27962,11,1,3,15
DEFAULT,789,5,1,2,8
DEFAULT,20121,11,0,3,14
DEFAULT,18827,13,1,2,16
DEFAULT,5864,11,0,4,15
DEFAULT,21297,12,2,1,15
DEFAULT,1329,6,2,3,11
DEFAULT,19000,13,0,1,14
DEFAULT,11813,13,2,4,19
,,,,
DEFAULT,32348,10,2,3,15
DEFAULT,34642,11,0,1,12
DEFAULT,599,10,0,3,13
DEFAULT,929,8,1,2,11
DEFAULT,52974,12,1,3,16
DEFAULT,8810,13,0,3,16
DEFAULT,6510,10,1,3,14
DEFAULT,7212,14,1,2,17
DEFAULT,12358,16,0,1,17
DEFAULT,1178,3,0,1,4
DEFAULT,575,7,1,1,9
DEFAULT,599,6,0,2,8
DEFAULT,895,10,1,3,14
,,,,
DEFAULT,15608,13,2,2,17
DEFAULT,23337,15,2,2,19
DEFAULT,613,6,2,1,9
,,,,
DEFAULT,143,7,1,2,10
DEFAULT,759,9,0,2,11
DEFAULT,10586,12,1,2,15
,,,,
DEFAULT,958,3,0,1,4
,,,,
DEFAULT,13427,12,2,3,17
DEFAULT,9869,12,0,3,15
DEFAULT,14683,11,0,2,13
DEFAULT,692,7,1,3,11
,,,,
,,,,
DEFAULT,42633,10,1,2,13
,,,,
DEFAULT,14307,9,2,1,12
DEFAULT,1287,8,1,4,13
DEFAULT,583,11,2,2,15
DEFAULT,45890,10,0,3,13
DEFAULT,557,10,2,1,13
DEFAULT,793,6,0,2,8
DEFAULT,1475,5,1,1,7
,,,,
DEFAULT,2251,8,2,3,13
DEFAULT,1078,10,1,2,13
DEFAULT,278,8,2,2,12
DEFAULT,2086,9,2,3,14
DEFAULT,19412,8,1,2,11
DEFAULT,134,8,0,1,9
,,,,
DEFAULT,3871,10,1,3,14
DEFAULT,13012,12,1,3,16
DEFAULT,32112,15,1,1,17
DEFAULT,19757,13,0,3,16
DEFAULT,2488,9,1,3,13
DEFAULT,1504,8,1,0,9
,,,,
DEFAULT,11539,13,1,3,17
,,,,
DEFAULT,845,11,0,1,12
DEFAULT,237,10,1,1,12
DEFAULT,1049,3,0,4,7
DEFAULT,617,8,1,2,11
DEFAULT,14049,13,1,3,17
DEFAULT,12787,12,1,2,15
DEFAULT,10272,11,2,4,17
,,,,
DEFAULT,19742,10,1,2,13
DEFAULT,57117,12,1,2,15
DEFAULT,1929,7,1,4,12
DEFAULT,1178,11,1,2,14
DEFAULT,1754,8,2,2,12
DEFAULT,57879,13,2,4,19
DEFAULT,421,8,1,2,11
,,,,
,,,,
DEFAULT,744,6,0,3,9
,,,,
DEFAULT,1857,13,1,3,17
DEFAULT,13542,13,0,4,17
DEFAULT,2110,9,2,3,14
DEFAULT,1713,5,1,3,9
DEFAULT,22067,9,2,2,13
DEFAULT,36349,11,0,3,14
DEFAULT,14498,12,1,1,14
,,,,
DEFAULT,1655,3,0,1,4
DEFAULT,86,10,0,2,12
,,,,
DEFAULT,90,5,0,2,7
,,,,
DEFAULT,520,9,1,2,12
DEFAULT,14828,14,0,2,16
DEFAULT,25521,11,1,1,13
,,,,
,,,,
,,,,
DEFAULT,1521,7,2,3,12
DEFAULT,478,6,0,2,8
DEFAULT,5651,11,0,2,13
DEFAULT,662,6,1,3,10
DEFAULT,14112,12,1,1,14
DEFAULT,22611,14,0,1,15
DEFAULT,7896,11,1,4,16
,,,,
DEFAULT,23541,13,2,2,17
DEFAULT,1307,8,2,3,13
DEFAULT,19640,10,2,1,13
DEFAULT,3582,11,1,4,16
DEFAULT,1239,2,2,1,5
,,,,
DEFAULT,12953,12,1,4,17
DEFAULT,4335,12,0,3,15
DEFAULT,650,5,0,1,6
DEFAULT,25481,9,1,2,12
DEFAULT,386,9,1,2,12
DEFAULT,22481,11,1,3,15
,,,,
DEFAULT,988,10,1,3,14
DEFAULT,1049,3,0,3,6
DEFAULT,456,10,1,1,12
DEFAULT,31488,12,1,1,14
DEFAULT,11650,10,1,3,14
DEFAULT,14859,14,1,2,17
DEFAULT,3226,9,1,4,14
DEFAULT,5713,11,1,2,14
DEFAULT,511,4,2,2,8
DEFAULT,523,9,0,1,10
DEFAULT,6110,10,2,3,15
DEFAULT,9431,12,1,3,16
DEFAULT,13440,11,2,1,14
,,,,
DEFAULT,23258,12,1,3,16
DEFAULT,751,7,0,2,9
,,,,
DEFAULT,7509,10,2,1,13
DEFAULT,673,4,1,1,6
,,,,
DEFAULT,21445,11,0,2,13
DEFAULT,22129,10,1,2,13
DEFAULT,14451,11,2,2,15
DEFAULT,1198,2,0,1,3
DEFAULT,331,7,1,1,9
,,,,
DEFAULT,95686,14,1,1,16
DEFAULT,1266,7,2,4,13
DEFAULT,1495,7,0,3,10
DEFAULT,21778,12,1,2,15
DEFAULT,9728,13,1,1,15
DEFAULT,378,6,1,2,9
,,,,
DEFAULT,8861,13,1,2,16
DEFAULT,43723,14,1,3,18
DEFAULT,1766,10,2,3,15
DEFAULT,814,4,1,1,6
DEFAULT,61009,13,1,2,16
DEFAULT,114,10,0,1,11
DEFAULT,1764,11,0,3,14
DEFAULT,13422,14,1,3,18
DEFAULT,10291,13,1,2,16
,,,,
DEFAULT,80,12,0,2,14
DEFAULT,36887,12,0,3,15
DEFAULT,686,7,0,1,8
DEFAULT,353,4,1,2,7
DEFAULT,19563,13,2,1,16
DEFAULT,274,7,1,2,10
DEFAULT,1146,5,1,2,8
DEFAULT,15154,14,1,3,18
DEFAULT,6254,14,1,3,18
DEFAULT,6859,15,0,2,17
DEFAULT,27567,11,1,1,13
DEFAULT,11051,11,1,1,13
,,,,
DEFAULT,786,6,0,1,7
DEFAULT,301,6,2,2,10
DEFAULT,15017,12,1,1,14
DEFAULT,558,4,1,0,5
DEFAULT,1086,9,0,1,10
DEFAULT,168,7,1,1,9
DEFAULT,6149,13,1,3,17
DEFAULT,11270,9,1,3,13
DEFAULT,594,8,1,2,11
DEFAULT,4549,10,1,3,14
,,,,
DEFAULT,338,9,1,3,13
DEFAULT,11250,14,1,1,16
DEFAULT,518,6,0,2,8
,,,,
,,,,
DEFAULT,22755,13,2,3,18
DEFAULT,648,6,1,2,9
DEFAULT,626,8,2,1,11
DEFAULT,577,5,1,0,6
,,,,
,,,,
DEFAULT,28182,11,2,2,15
DEFAULT,650,7,1,2,10
DEFAULT,808,8,2,1,11
,,,,
DEFAULT,8771,13,2,2,17
DEFAULT,10454,10,2,2,14
DEFAULT,31865,12,1,2,15
DEFAULT,39090,14,1,1,16
DEFAULT,487,7,1,0,8
DEFAULT,14022,10,1,2,13
DEFAULT,1309,2,2,1,5
DEFAULT,525,6,0,3,9
,,,,
,,,,
DEFAULT,1615,9,0,4,13
DEFAULT,10255,10,1,3,14
,,,,
DEFAULT,1047,2,1,2,5
DEFAULT,14449,14,0,2,16
DEFAULT,44378,10,2,2,14
DEFAULT,782,6,0,2,8
DEFAULT,11752,13,0,1,14
DEFAULT,476,6,1,2,9
DEFAULT,711,3,1,3,7
,,,,
DEFAULT,31634,14,1,2,17
DEFAULT,1581,4,1,2,7
DEFAULT,5489,11,1,2,14
DEFAULT,2669,14,0,4,18
DEFAULT,20363,15,0,2,17
,,,,
DEFAULT,1354,11,2,2,15
DEFAULT,143,6,1,1,8
,,,,
DEFAULT,73854,11,1,2,14
DEFAULT,5345,15,1,4,20
DEFAULT,7003,9,1,2,12
DEFAULT,374,7,2,1,10
DEFAULT,270,7,1,3,11
DEFAULT,6042,12,1,2,15
DEFAULT,1940,9,0,3,12
DEFAULT,9624,10,1,3,14
DEFAULT,332,6,0,2,8
DEFAULT,13872,14,1,2,17
,,,,
DEFAULT,1811,9,0,4,13
DEFAULT,2843,8,2,4,14
,,,,
DEFAULT,29942,11,1,3,15
DEFAULT,19403,12,1,1,14
DEFAULT,1305,11,1,2,14
DEFAULT,8535,11,1,3,15
,,,,
DEFAULT,4690,10,1,3,14
,,,,
DEFAULT,41119,14,1,3,18
DEFAULT,3223,8,1,3,12
DEFAULT,592,5,1,1,7
DEFAULT,17046,13,1,2,16
DEFAULT,11688,11,0,2,13
DEFAULT,10235,10,2,2,14
DEFAULT,257,8,0,1,9
DEFAULT,14948,14,1,1,16
DEFAULT,15234,10,1,2,13
DEFAULT,2274,11,0,0,11
DEFAULT,910,4,0,2,6
DEFAULT,68443,12,0,1,13
DEFAULT,14327,14,2,1,17
DEFAULT,602,9,1,1,11
DEFAULT,1725,9,2,2,13
,,,,
DEFAULT,16479,13,2,2,17
DEFAULT,26658,11,1,2,14
DEFAULT,11909,11,0,4,15
DEFAULT,840,3,0,0,3
DEFAULT,12449,9,2,4,15
DEFAULT,45973,10,1,1,12
,,,,
DEFAULT,620,5,0,2,7
DEFAULT,12731,12,1,2,15
,,,,
DEFAULT,43005,12,0,3,15
DEFAULT,18841,11,0,3,14
DEFAULT,16900,12,1,2,15
DEFAULT,10133,14,1,3,18
DEFAULT,1870,7,2,1,10
DEFAULT,2416,9,2,1,12
DEFAULT,76190,14,1,2,17
DEFAULT,3079,11,1,1,13
DEFAULT,672,7,0,3,10
DEFAULT,5056,11,1,4,16
DEFAULT,13986,11,1,2,14
DEFAULT,63294,13,0,2,15
DEFAULT,11946,13,1,2,16
DEFAULT,16503,11,0,3,14
DEFAULT,22460,9,1,2,12
DEFAULT,20797,11,2,3,16
DEFAULT,2387,9,1,1,11
,,,,
DEFAULT,788,5,1,1,7
DEFAULT,4902,14,1,2,17
DEFAULT,17381,14,2,3,19
,,,,
DEFAULT,52832,11,1,2,14
DEFAULT,1061,5,0,2,7
DEFAULT,22944,9,1,2,12
DEFAULT,946,4,0,1,5
,,,,
DEFAULT,3196,12,2,0,14
,,,,
DEFAULT,1057,5,2,2,9
DEFAULT,12109,13,2,3,18
,,,,
DEFAULT,507,7,1,4,12
DEFAULT,1042,9,1,3,13
DEFAULT,1250,8,0,1,9
DEFAULT,31794,10,2,0,12
DEFAULT,19625,11,1,4,16
DEFAULT,977,7,2,2,11
DEFAULT,638,5,2,0,7
DEFAULT,6203,8,1,3,12
DEFAULT,371,8,1,1,10
,,,,
DEFAULT,12945,11,0,3,14
DEFAULT,8656,15,1,2,18
,,,,
DEFAULT,8512,12,1,3,16
DEFAULT,23798,14,0,1,15
DEFAULT,280,5,1,2,8
DEFAULT,4808,10,1,2,13
DEFAULT,841,8,1,1,10
DEFAULT,382,5,0,2,7
DEFAULT,1152,8,0,3,11
DEFAULT,1818,8,1,4,13
DEFAULT,41087,11,1,1,13
DEFAULT,686,6,0,4,10
DEFAULT,6434,9,1,3,13
DEFAULT,10856,7,1,1,9
DEFAULT,612,4,0,2,6
DEFAULT,12057,13,1,1,15
DEFAULT,424,6,2,2,10
DEFAULT,532,8,1,1,10
DEFAULT,16658,14,2,3,19
DEFAULT,13174,13,0,3,16
DEFAULT,17346,11,0,3,14
DEFAULT,524,6,2,1,9
DEFAULT,32248,15,1,2,18
DEFAULT,28181,14,2,3,19
DEFAULT,25262,10,0,1,11
DEFAULT,842,5,1,1,7
DEFAULT,3412,14,1,2,17
DEFAULT,3118,8,0,3,11
DEFAULT,923,9,0,2,11
DEFAULT,2674,10,2,4,16
DEFAULT,748,6,1,0,7
,,,,
DEFAULT,8480,11,1,2,14
DEFAULT,6273,12,1,3,16
DEFAULT,826,3,1,2,6
DEFAULT,922,6,1,4,11
DEFAULT,49722,12,0,2,14
DEFAULT,175,10,0,1,11
,,,,
DEFAULT,7723,12,2,4,18
,,,,
DEFAULT,972,3,1,2,6
DEFAULT,2377,8,1,4,13
DEFAULT,2165,13,1,2,16
DEFAULT,24049,9,0,2,11
DEFAULT,13378,11,1,3,15
DEFAULT,20761,14,0,2,16
DEFAULT,8369,12,1,2,15
DEFAULT,15110,15,0,3,18
DEFAULT,1023,7,0,2,9
DEFAULT,592,11,1,4,16
DEFAULT,1286,8,1,4,13
DEFAULT,966,7,1,0,8
,,,,
DEFAULT,5041,15,1,4,20
DEFAULT,28338,11,2,1,14
DEFAULT,27588,11,1,3,15
DEFAULT,11443,11,2,1,14
DEFAULT,8224,12,2,2,16
DEFAULT,272,8,0,3,11
DEFAULT,36656,12,1,3,16
DEFAULT,15975,13,2,1,16
DEFAULT,18694,12,1,2,15
DEFAULT,714,3,1,2,6
,,,,
DEFAULT,5830,11,1,2,14
DEFAULT,3370,12,0,2,14
DEFAULT,1265,3,0,3,6
DEFAULT,692,9,1,2,12
DEFAULT,12706,13,1,1,15
DEFAULT,1193,3,0,1,4
DEFAULT,8939,12,1,2,15
DEFAULT,11358,13,1,2,16
,,,,
DEFAULT,31547,12,0,3,15
,,,,
DEFAULT,4563,13,1,2,16
DEFAULT,18855,14,1,1,16
DEFAULT,716,7,0,1,8
DEFAULT,6754,12,1,2,15
DEFAULT,22252,12,2,1,15
DEFAULT,503,10,1,3,14
DEFAULT,13360,10,0,1,11
DEFAULT,9362,14,1,2,17
DEFAULT,9715,11,1,4,16
DEFAULT,24060,11,0,1,12
DEFAULT,28317,11,1,3,15
,,,,
DEFAULT,459,9,1,1,11
DEFAULT,6233,13,1,2,16
DEFAULT,1657,7,1,3,11
,,,,
DEFAULT,2527,11,2,3,16
DEFAULT,7743,10,0,3,13
DEFAULT,11948,14,0,2,16
DEFAULT,21691,13,1,2,16
DEFAULT,7887,11,0,2,13
DEFAULT,7046,9,2,4,15
,,,,
DEFAULT,11467,9,0,4,13
DEFAULT,562,7,0,1,8
DEFAULT,14146,13,1,3,17
DEFAULT,70637,11,0,1,12
DEFAULT,1077,1,1,1,3
DEFAULT,18973,15,1,1,17
DEFAULT,18689,10,2,3,15
,,,,
DEFAULT,47223,13,1,1,15
,,,,
DEFAULT,7269,14,2,1,17
DEFAULT,19756,14,2,1,17
,,,,
DEFAULT,870,11,0,1,12
,,,,
DEFAULT,17650,16,0,1,17
DEFAULT,7651,9,0,3,12
DEFAULT,846,9,1,1,11
DEFAULT,12530,14,1,3,18
DEFAULT,1078,9,0,0,9
