strategy,money,countries,utilities,stations,totalLandsOwned
DEFAULT,279,11,1,3,15
,,,,
DEFAULT,13232,12,2,2,16
,,,,
DEFAULT,1707,8,1,3,12
,,,,
DEFAULT,2005,10,1,4,15
DEFAULT,441,8,2,1,11
DEFAULT,9359,13,0,1,14
DEFAULT,454,9,1,1,11
DEFAULT,1276,8,1,4,13
DEFAULT,606,7,1,2,10
DEFAULT,3258,6,2,4,12
DEFAULT,424,7,2,2,11
,,,,
DEFAULT,3870,8,1,1,10
DEFAULT,27228,11,1,3,15
DEFAULT,8460,11,0,3,14
DEFAULT,825,3,0,1,4
DEFAULT,16422,12,2,3,17
DEFAULT,11121,13,2,3,18
DEFAULT,1058,7,0,2,9
DEFAULT,27267,12,0,1,13
,,,,
DEFAULT,11597,12,0,2,14
DEFAULT,434,6,0,2,8
,,,,
DEFAULT,11388,11,1,1,13
DEFAULT,7345,10,2,4,16
DEFAULT,52697,12,2,2,16
DEFAULT,23453,13,2,2,17
DEFAULT,1295,9,2,2,13
,,,,
DEFAULT,11589,13,0,2,15
DEFAULT,605,6,0,4,10
DEFAULT,1203,7,1,2,10
DEFAULT,18559,13,1,1,15
DEFAULT,9503,11,1,1,13
DEFAULT,747,6,0,3,9
DEFAULT,298,9,2,2,13
DEFAULT,8596,10,1,1,12
DEFAULT,1334,6,2,3,11
DEFAULT,24468,11,0,1,12
DEFAULT,11446,11,2,1,14
DEFAULT,1058,3,0,2,5
DEFAULT,1186,7,2,4,13
DEFAULT,1282,14,1,4,19
DEFAULT,18699,13,1,2,16
DEFAULT,63192,14,1,1,16
DEFAULT,1542,7,2,4,13
DEFAULT,597,8,2,1,11
DEFAULT,7228,14,0,3,17
DEFAULT,411,8,0,1,9
DEFAULT,4934,11,2,2,15
DEFAULT,595,7,1,3,11
DEFAULT,14647,13,1,3,17
DEFAULT,26132,11,0,2,13
DEFAULT,2109,8,2,2,12
DEFAULT,21550,10,2,1,13
DEFAULT,13862,14,1,3,18
DEFAULT,11664,11,1,3,15
DEFAULT,4981,13,1,2,16
DEFAULT,4955,14,2,3,19
DEFAULT,616,8,1,1,10
DEFAULT,1112,7,1,2,10
DEFAULT,1190,10,1,3,14
DEFAULT,14684,10,0,2,12
DEFAULT,2834,9,1,2,12
DEFAULT,732,10,1,3,14
DEFAULT,33499,13,2,2,17
DEFAULT,822,7,0,1,8
DEFAULT,18349,14,2,1,17
DEFAULT,878,4,0,3,7
DEFAULT,196,7,0,2,9
DEFAULT,313,6,0,2,8
DEFAULT,26442,12,1,2,15
DEFAULT,1148,11,1,4,16
DEFAULT,389,8,1,1,10
DEFAULT,33738,14,1,2,17
,,,,
,,,,
DEFAULT,786,7,0,3,10
DEFAULT,21213,12,2,1,15
DEFAULT,21593,12,2,0,14
DEFAULT,1199,3,0,0,3
DEFAULT,12351,14,1,1,16
DEFAULT,5601,11,1,3,15
,,,,
DEFAULT,23759,12,1,2,15
,,,,
DEFAULT,23990,12,0,2,14
DEFAULT,32168,11,1,3,15
,,,,
DEFAULT,4347,16,1,1,18
,,,,
,,,,
DEFAULT,678,4,0,1,5
DEFAULT,15553,12,0,2,14
,,,,
,,,,
DEFAULT,3313,14,1,2,17
DEFAULT,7935,13,0,3,16
,,,,
DEFAULT,89046,11,0,2,13
DEFAULT,28451,10,1,1,12
DEFAULT,7039,12,0,4,16
DEFAULT,896,6,0,2,8
DEFAULT,21981,12,1,1,14
DEFAULT,2284,13,1,4,18
DEFAULT,9689,12,1,3,16
,,,,
DEFAULT,12534,13,2,1,16
DEFAULT,14004,12,1,3,16
DEFAULT,5246,13,2,2,17
DEFAULT,16667,13,1,2,16
DEFAULT,19712,12,0,3,15
DEFAULT,635,8,1,0,9
DEFAULT,8565,13,2,3,18
DEFAULT,192,8,0,2,10
,,,,
DEFAULT,30390,13,2,1,16
DEFAULT,20594,9,2,2,13
DEFAULT,24118,10,1,3,14
,,,,
,,,,
DEFAULT,855,12,1,2,15
DEFAULT,2582,10,1,4,15
DEFAULT,10149,13,1,3,17
DEFAULT,763,8,0,2,10
DEFAULT,4260,10,1,4,15
DEFAULT,10975,15,1,2,18
DEFAULT,28389,15,0,2,17
DEFAULT,15436,11,1,2,14
DEFAULT,13844,13,2,1,16
DEFAULT,669,7,1,2,10
,,,,
,,,,
DEFAULT,458,8,1,3,12
,,,,
DEFAULT,310,6,1,2,9
DEFAULT,424,7,1,1,9
,,,,
DEFAULT,996,7,0,3,10
DEFAULT,806,5,1,1,7
DEFAULT,14082,11,2,2,15
DEFAULT,388,8,0,2,10
,,,,
DEFAULT,66361,10,2,3,15
DEFAULT,427,9,2,1,12
DEFAULT,1732,11,0,3,14
,,,,
DEFAULT,1425,1,0,2,3
DEFAULT,659,6,1,3,10
DEFAULT,7256,9,1,3,13
DEFAULT,14787,9,2,3,14
,,,,
DEFAULT,35404,12,0,2,14
DEFAULT,5967,9,1,2,12
DEFAULT,11785,11,1,3,15
,,,,
DEFAULT,20938,12,1,1,14
DEFAULT,19948,12,2,2,16
,,,,
DEFAULT,2776,13,0,1,14
DEFAULT,226,8,1,1,10
DEFAULT,3696,13,1,3,17
,,,,
DEFAULT,903,4,0,3,7
DEFAULT,360,8,1,2,11
DEFAULT,13351,12,0,2,14
DEFAULT,49016,10,1,4,15
DEFAULT,943,5,0,2,7
DEFAULT,3489,10,2,3,15
DEFAULT,332,5,0,1,6
DEFAULT,873,4,0,1,5
DEFAULT,32871,12,1,3,16
DEFAULT,6636,12,0,3,15
,,,,
DEFAULT,26613,12,0,3,15
,,,,
DEFAULT,36594,9,1,1,11
DEFAULT,846,7,0,1,8
DEFAULT,23523,11,1,2,14
DEFAULT,9800,12,0,2,14
DEFAULT,4885,9,1,4,14
DEFAULT,16667,12,1,3,16
,,,,
DEFAULT,19145,12,2,1,15
DEFAULT,16096,12,1,2,15
,,,,
DEFAULT,1367,7,0,0,7
DEFAULT,20434,10,1,3,14
DEFAULT,794,8,0,3,11
DEFAULT,7617,13,2,3,18
DEFAULT,1168,7,0,4,11
DEFAULT,26964,13,1,1,15
DEFAULT,1847,9,1,4,14
DEFAULT,866,11,1,1,13
,,,,
DEFAULT,1478,9,1,2,12
DEFAULT,10114,9,1,2,12
DEFAULT,26902,14,0,1,15
,,,,
DEFAULT,20581,12,1,1,14
DEFAULT,12286,10,1,2,13
DEFAULT,8978,12,0,1,13
DEFAULT,14828,11,0,3,14
,,,,
,,,,
DEFAULT,4416,11,2,3,16
DEFAULT,29076,15,1,2,18
DEFAULT,516,9,0,1,10
DEFAULT,1268,4,1,3,8
DEFAULT,1558,12,1,3,16
DEFAULT,18863,12,0,4,16
DEFAULT,5627,13,0,1,14
DEFAULT,25167,14,0,1,15
DEFAULT,1154,7,0,0,7
DEFAULT,3066,10,1,4,15
DEFAULT,118,8,1,2,11
DEFAULT,548,10,0,3,13
DEFAULT,1546,10,1,4,15
,,,,
DEFAULT,939,8,1,4,13
DEFAULT,4618,11,2,2,15
DEFAULT,12233,12,0,3,15
DEFAULT,5566,10,0,3,13
DEFAULT,2115,7,2,3,12
DEFAULT,7268,13,0,4,17
DEFAULT,1143,8,0,2,10
DEFAULT,12311,13,1,2,16
DEFAULT,473,6,2,1,9
DEFAULT,8312,15,0,0,15
DEFAULT,15247,10,0,2,12
DEFAULT,50373,10,1,2,13
DEFAULT,18178,12,1,2,15
DEFAULT,11175,13,0,1,14
DEFAULT,12210,11,1,2,14
DEFAULT,11077,11,2,2,15
DEFAULT,287,9,1,3,13
DEFAULT,14560,9,1,2,12
DEFAULT,5215,14,2,1,17
,,,,
DEFAULT,39925,13,1,1,15
DEFAULT,116,11,0,3,14
DEFAULT,4222,9,1,3,13
DEFAULT,1073,9,1,1,11
DEFAULT,4969,15,1,3,19
DEFAULT,1017,7,1,0,8
DEFAULT,18104,12,0,2,14
DEFAULT,15291,12,0,2,14
DEFAULT,17089,11,0,2,13
DEFAULT,1443,9,0,3,12
DEFAULT,366,7,1,3,11
DEFAULT,1161,7,1,2,10
,,,,
DEFAULT,12915,13,1,3,17
DEFAULT,29553,11,1,1,13
DEFAULT,2176,12,1,3,16
DEFAULT,1746,14,0,2,16
DEFAULT,1002,7,1,2,10
DEFAULT,1172,7,0,0,7
DEFAULT,7609,15,1,1,17
DEFAULT,9068,16,0,2,18
DEFAULT,40515,12,0,1,13
DEFAULT,334,7,1,2,10
,,,,
DEFAULT,20687,9,2,1,12
DEFAULT,11149,12,0,2,14
DEFAULT,440,6,0,2,8
,,,,
DEFAULT,1002,10,1,3,14
DEFAULT,1165,7,1,4,12
DEFAULT,3172,13,1,4,18
DEFAULT,740,8,2,2,12
DEFAULT,12721,12,0,2,14
DEFAULT,1172,6,2,0,8
,,,,
DEFAULT,13590,12,2,2,16
,,,,
,,,,
DEFAULT,7147,11,0,3,14
,,,,
DEFAULT,5089,12,1,3,16
DEFAULT,35203,15,2,0,17
DEFAULT,23034,12,1,3,16
DEFAULT,11365,14,1,2,17
DEFAULT,1902,5,2,1,8
DEFAULT,8674,12,1,2,15
,,,,
DEFAULT,1092,5,1,2,8
DEFAULT,4804,12,0,2,14
DEFAULT,8807,13,1,4,18
DEFAULT,15685,14,1,1,16
DEFAULT,2117,12,1,3,16
DEFAULT,13791,11,0,3,14
DEFAULT,12527,8,0,2,10
DEFAULT,11577,11,2,2,15
DEFAULT,36585,12,1,3,16
DEFAULT,204,5,0,1,6
,,,,
DEFAULT,472,10,1,2,13
DEFAULT,1732,7,1,2,10
DEFAULT,604,9,0,1,10
DEFAULT,1076,1,0,3,4
DEFAULT,12077,13,1,1,15
DEFAULT,20400,11,1,1,13
DEFAULT,8021,12,1,1,14
DEFAULT,5587,10,0,3,13
,,,,
DEFAULT,20408,13,2,3,18
,,,,
DEFAULT,3872,7,2,4,13
DEFAULT,15014,10,1,3,14
DEFAULT,746,10,2,3,15
DEFAULT,6229,11,1,2,14
DEFAULT,16601,14,1,3,18
DEFAULT,59,8,1,3,12
DEFAULT,15690,10,2,2,14
DEFAULT,7650,10,1,1,12
DEFAULT,690,9,0,2,11
,,,,
DEFAULT,729,9,1,4,14
DEFAULT,386,9,2,1,12
DEFAULT,158,12,1,2,15
,,,,
DEFAULT,1225,5,2,0,7
DEFAULT,457,7,0,2,9
DEFAULT,7579,9,2,3,14
DEFAULT,3731,11,1,3,15
DEFAULT,10080,11,0,2,13
DEFAULT,1012,6,0,0,6
DEFAULT,1226,9,1,2,12
DEFAULT,11272,14,0,2,16
,,,,
DEFAULT,1817,9,1,4,14
DEFAULT,865,4,0,1,5
DEFAULT,5596,12,2,4,18
DEFAULT,22366,14,0,2,16
DEFAULT,1196,9,1,3,13
DEFAULT,5109,7,1,3,11
DEFAULT,532,7,1,1,9
DEFAULT,1206,13,1,2,16
DEFAULT,16964,10,1,2,13
,,,,
DEFAULT,1068,5,0,2,7
DEFAULT,103,9,0,0,9
DEFAULT,17434,13,2,2,17
DEFAULT,1064,4,1,4,9
DEFAULT,31529,11,2,1,14
DEFAULT,5028,9,2,3,14
DEFAULT,75840,12,2,0,14
DEFAULT,17615,10,1,3,14
,,,,
DEFAULT,9282,14,0,3,17
DEFAULT,774,8,1,3,12
DEFAULT,3292,12,1,3,16
DEFAULT,3708,12,1,4,17
DEFAULT,4544,15,1,3,19
DEFAULT,732,5,1,1,7
DEFAULT,723,6,1,1,8
,,,,
DEFAULT,3545,12,0,3,15
DEFAULT,8009,13,1,2,16
,,,,
,,,,
DEFAULT,19816,15,1,2,18
DEFAULT,35924,11,2,1,14
DEFAULT,1204,2,0,2,4
DEFAULT,19019,11,2,2,15
,,,,
DEFAULT,7407,12,2,2,16
DEFAULT,706,7,0,1,8
DEFAULT,21756,10,1,2,13
DEFAULT,13103,15,0,1,16
DEFAULT,4262,12,2,2,16
,,,,
DEFAULT,32506,11,2,2,15
DEFAULT,29861,8,1,2,11
DEFAULT,581,12,0,2,14
DEFAULT,50688,11,2,2,15
DEFAULT,36073,12,1,2,15
DEFAULT,12943,10,1,1,12
DEFAULT,7029,13,2,3,18
DEFAULT,12780,12,0,2,14
,,,,
,,,,
DEFAULT,40734,13,0,3,16
DEFAULT,80000,12,1,2,15
DEFAULT,115,7,2,2,11
DEFAULT,1100,4,1,0,5
DEFAULT,390,6,1,0,7
DEFAULT,5789,10,0,4,14
DEFAULT,4802,14,1,2,17
DEFAULT,8522,11,0,3,14
DEFAULT,18042,12,1,2,15
,,,,
DEFAULT,15291,10,1,1,12
DEFAULT,945,8,1,3,12
DEFAULT,5413,12,1,3,16
DEFAULT,163,7,1,2,10
DEFAULT,5420,13,2,1,16
DEFAULT,8382,12,1,3,16
DEFAULT,18968,12,1,2,15
DEFAULT,208,6,1,0,7
DEFAULT,1068,6,0,1,7
DEFAULT,434,8,0,1,9
,,,,
DEFAULT,11617,13,0,2,15
DEFAULT,15492,13,2,2,17
DEFAULT,6577,11,1,3,15
DEFAULT,17927,12,2,1,15
,,,,
DEFAULT,5990,13,2,3,18
DEFAULT,392,8,0,2,10
DEFAULT,8796,12,1,2,15
DEFAULT,1336,9,1,4,14
DEFAULT,14114,15,1,3,19
DEFAULT,1040,3,1,2,6
DEFAULT,17830,16,2,1,19
DEFAULT,10500,13,0,2,15
DEFAULT,13330,11,1,3,15
DEFAULT,384,7,0,1,8
DEFAULT,215,6,1,2,9
DEFAULT,37893,12,2,4,18
DEFAULT,84538,13,1,1,15
DEFAULT,24950,15,1,0,16
DEFAULT,12035,13,1,2,16
DEFAULT,1386,8,1,3,12
DEFAULT,1424,9,2,4,15
DEFAULT,503,7,2,3,12
DEFAULT,1839,8,0,4,12
DEFAULT,23519,12,1,2,15
DEFAULT,13717,14,1,1,16
DEFAULT,43003,14,1,2,17
DEFAULT,37018,10,0,1,11
,,,,
DEFAULT,1125,7,0,4,11
DEFAULT,3476,16,0,3,19
DEFAULT,13313,12,0,2,14
DEFAULT,1497,12,2,2,16
DEFAULT,1242,5,1,1,7
DEFAULT,1468,5,0,0,5
DEFAULT,706,6,0,1,7
DEFAULT,866,8,1,0,9
,,,,
,,,,
DEFAULT,24140,8,2,0,10
DEFAULT,99626,12,1,2,15
DEFAULT,58119,10,1,1,12
DEFAULT,206,6,1,1,8
DEFAULT,1398,6,1,3,10
DEFAULT,609,8,0,0,8
,,,,
,,,,
DEFAULT,993,9,1,4,14
DEFAULT,11955,13,1,1,15
DEFAULT,1511,5,0,1,6
DEFAULT,35060,12,0,1,13
DEFAULT,7895,10,2,2,14
DEFAULT,1806,10,2,4,16
DEFAULT,7648,11,0,4,15
DEFAULT,3781,15,2,1,18
DEFAULT,234,9,0,1,10
DEFAULT,859,5,0,3,8
,,,,
DEFAULT,21286,12,2,0,14
DEFAULT,16569,10,1,2,13
,,,,
DEFAULT,444,5,1,1,7
DEFAULT,1350,9,2,0,11
DEFAULT,79200,9,1,1,11
DEFAULT,950,5,1,2,8
,,,,
DEFAULT,7563,12,1,2,15
DEFAULT,6689,10,0,1,11
DEFAULT,3078,10,1,3,14
DEFAULT,5737,10,2,1,13
DEFAULT,36612,9,1,3,13
DEFAULT,4259,12,2,3,17
DEFAULT,31425,13,2,1,16
DEFAULT,842,8,0,4,12
DEFAULT,14646,11,1,2,14
,,,,
DEFAULT,12012,10,1,3,14
DEFAULT,1752,6,0,4,10
,,,,
DEFAULT,1609,5,1,1,7
,,,,
DEFAULT,9927,10,1,2,13
DEFAULT,1573,6,2,3,11
DEFAULT,5188,14,2,2,18
,,,,
DEFAULT,768,6,1,2,9
DEFAULT,6589,10,1,2,13
DEFAULT,37608,12,0,2,14
DEFAULT,15784,12,2,3,17
DEFAULT,344,6,0,0,6
,,,,
DEFAULT,7774,13,1,1,15
DEFAULT,445,4,0,3,7
DEFAULT,682,8,0,1,9
DEFAULT,23315,13,0,1,14
DEFAULT,7816,14,1,3,18
DEFAULT,62697,13,1,3,17
DEFAULT,1972,7,0,3,10
DEFAULT,17089,13,2,1,16
DEFAULT,590,7,2,1,10
DEFAULT,456,9,2,2,13
DEFAULT,991,7,1,1,9
DEFAULT,10689,11,1,3,15
DEFAULT,687,6,1,3,10
,,,,
DEFAULT,25012,12,1,1,14
DEFAULT,10481,12,1,2,15
DEFAULT,14306,13,1,2,16
,,,,
,,,,
DEFAULT,17866,13,2,2,17
DEFAULT,11248,16,1,1,18
DEFAULT,15838,12,0,3,15
DEFAULT,574,4,1,1,6
DEFAULT,8623,14,2,2,18
DEFAULT,478,7,0,3,10
DEFAULT,8006,12,1,2,15
,,,,
DEFAULT,2260,7,2,4,13
,,,,
DEFAULT,178,8,1,3,12
DEFAULT,7711,14,1,2,17
DEFAULT,711,9,0,2,11
DEFAULT,2181,3,1,3,7
DEFAULT,17531,9,1,1,11
DEFAULT,1297,6,0,1,7
DEFAULT,1304,3,0,0,3
DEFAULT,17911,14,1,1,16
,,,,
DEFAULT,2863,11,0,3,14
DEFAULT,392,6,1,2,9
DEFAULT,13681,13,2,2,17
DEFAULT,18353,13,1,3,17
DEFAULT,398,5,1,4,10
DEFAULT,1348,9,1,3,13
DEFAULT,14336,14,2,1,17
,,,,
DEFAULT,17784,10,1,3,14
,,,,
DEFAULT,19254,13,1,1,15
DEFAULT,1308,11,2,1,14
,,,,
DEFAULT,23607,11,0,1,12
DEFAULT,1064,7,1,4,12
DEFAULT,7899,11,1,3,15
DEFAULT,9488,14,0,2,16
DEFAULT,7855,10,1,2,13
DEFAULT,3428,12,2,2,16
DEFAULT,1679,9,0,4,13
DEFAULT,15280,12,1,2,15
DEFAULT,225,8,2,1,11
DEFAULT,3567,13,1,2,16
DEFAULT,504,8,0,2,10
DEFAULT,10509,11,2,2,15
DEFAULT,13218,16,2,1,19
DEFAULT,17434,14,1,1,16
DEFAULT,55825,13,1,1,15
DEFAULT,26141,12,1,1,14
DEFAULT,6113,12,1,2,15
DEFAULT,8662,14,2,3,19
DEFAULT,10241,15,1,1,17
DEFAULT,1384,5,2,4,11
DEFAULT,19306,13,2,3,18
DEFAULT,12054,11,1,2,14
,,,,
DEFAULT,4122,10,1,2,13
DEFAULT,7830,14,0,2,16
DEFAULT,11516,12,1,2,15
DEFAULT,616,7,0,1,8
DEFAULT,37377,11,2,2,15
,,,,
DEFAULT,13042,9,1,3,13
,,,,
,,,,
DEFAULT,1271,9,0,2,11
DEFAULT,3159,10,1,4,15
DEFAULT,7437,12,2,2,16
DEFAULT,45066,11,2,1,14
DEFAULT,481,6,2,1,9
DEFAULT,1259,4,1,1,6
DEFAULT,10424,12,2,3,17
DEFAULT,2377,13,1,2,16
DEFAULT,258,4,1,1,6
,,,,
DEFAULT,16284,10,1,2,13
DEFAULT,36856,14,1,1,16
DEFAULT,469,6,1,4,11
,,,,
DEFAULT,13596,13,1,2,16
DEFAULT,8208,10,1,1,12
DEFAULT,11528,11,2,2,15
DEFAULT,1316,7,1,3,11
DEFAULT,1522,3,1,1,5
DEFAULT,939,6,1,3,10
DEFAULT,36561,9,1,1,11
DEFAULT,18153,13,1,2,16
DEFAULT,287,8,1,2,11
DEFAULT,7577,12,1,1,14
DEFAULT,2463,10,1,2,13
DEFAULT,1213,4,0,1,5
,,,,
,,,,
DEFAULT,748,8,0,2,10
DEFAULT,9903,11,2,4,17
DEFAULT,444,6,0,0,6
DEFAULT,53176,12,0,2,14
,,,,
DEFAULT,1415,4,1,4,9
DEFAULT,1580,6,1,4,11
DEFAULT,34816,11,1,3,15
,,,,
DEFAULT,1688,13,2,2,17
DEFAULT,6051,13,1,2,16
DEFAULT,6313,13,2,1,16
DEFAULT,870,7,1,3,11
DEFAULT,28503,14,1,2,17
DEFAULT,22686,13,0,2,15
DEFAULT,453,7,1,1,9
DEFAULT,53383,9,2,3,14
DEFAULT,4643,11,0,4,15
DEFAULT,37616,10,0,1,11
DEFAULT,368,8,1,2,11
DEFAULT,1670,5,1,3,9
DEFAULT,8552,16,2,3,21
DEFAULT,15303,14,2,2,18
DEFAULT,404,6,1,2,9
DEFAULT,19322,13,0,2,15
DEFAULT,19081,12,0,1,13
DEFAULT,847,9,0,4,13
DEFAULT,970,8,0,4,12
DEFAULT,14549,11,0,3,14
,,,,
DEFAULT,538,10,0,1,11
DEFAULT,23154,10,1,3,14
DEFAULT,25910,15,2,1,18
,,,,
,,,,
DEFAULT,18950,14,1,2,17
DEFAULT,19038,10,0,1,11
DEFAULT,34819,12,2,2,16
DEFAULT,11069,11,2,1,14
DEFAULT,5158,12,1,1,14
DEFAULT,572,8,2,3,13
DEFAULT,237,8,1,1,10
DEFAULT,24270,14,0,1,15
DEFAULT,899,7,2,1,10
DEFAULT,1158,4,0,0,4
DEFAULT,1336,3,2,2,7
,,,,
DEFAULT,17726,10,2,2,14
DEFAULT,316,5,1,2,8
DEFAULT,2620,8,0,4,12
DEFAULT,377,6,1,2,9
,,,,
DEFAULT,2217,11,1,3,15
DEFAULT,10907,12,1,3,16
DEFAULT,711,10,0,2,12
DEFAULT,1093,7,1,3,11
,,,,
DEFAULT,1181,10,1,2,13
DEFAULT,1046,3,2,2,7
DEFAULT,457,5,2,1,8
DEFAULT,42553,11,1,1,13
DEFAULT,4780,12,1,3,16
DEFAULT,101,10,0,2,12
DEFAULT,984,7,0,2,9
DEFAULT,5861,13,0,4,17
,,,,
DEFAULT,348,8,0,3,11
,,,,
DEFAULT,598,8,1,3,12
DEFAULT,30152,12,2,2,16
,,,,
DEFAULT,11143,12,0,2,14
DEFAULT,6511,10,1,1,12
DEFAULT,3785,11,0,2,13
DEFAULT,3994,10,2,3,15
DEFAULT,48980,13,0,1,14
DEFAULT,811,8,2,3,13
DEFAULT,9461,11,2,1,14
,,,,
DEFAULT,34913,8,1,2,11
DEFAULT,753,8,1,3,12
,,,,
DEFAULT,181,6,0,3,9
,,,,
,,,,
DEFAULT,26235,12,1,4,17
DEFAULT,679,8,0,0,8
DEFAULT,7121,12,2,2,16
DEFAULT,1470,8,1,0,9
DEFAULT,437,6,2,1,9
DEFAULT,13792,10,0,3,13
DEFAULT,1160,6,0,3,9
DEFAULT,20654,11,0,2,13
DEFAULT,52747,12,0,2,14
DEFAULT,51166,14,0,1,15
DEFAULT,1098,7,0,3,10
DEFAULT,234,8,0,2,10
,,,,
DEFAULT,695,10,0,3,13
,,,,
DEFAULT,7341,9,0,4,13
DEFAULT,9884,12,1,2,15
DEFAULT,722,6,1,1,8
DEFAULT,1200,2,0,1,3
DEFAULT,1269,7,0,0,7
DEFAULT,532,10,2,0,12
DEFAULT,28089,14,1,2,17
DEFAULT,31412,15,2,2,19
DEFAULT,10502,11,1,3,15
,,,,
,,,,
DEFAULT,1295,7,1,1,9
DEFAULT,358,8,0,3,11
DEFAULT,840,3,0,2,5
DEFAULT,31580,14,1,2,17
DEFAULT,10572,15,1,2,18
DEFAULT,1297,5,1,2,8
DEFAULT,5569,9,1,2,12
DEFAULT,1728,7,1,1,9
DEFAULT,12747,9,2,2,13
,,,,
,,,,
DEFAULT,39594,13,0,1,14
DEFAULT,1258,10,2,1,13
DEFAULT,397,5,1,1,7
DEFAULT,18493,10,0,3,13
DEFAULT,406,9,1,1,11
DEFAULT,4959,10,1,4,15
DEFAULT,15153,15,0,3,18
DEFAULT,1520,6,1,2,9
DEFAULT,857,5,1,2,8
DEFAULT,1356,3,1,0,4
DEFAULT,16800,10,2,3,15
DEFAULT,5887,13,2,2,17
DEFAULT,14724,13,0,0,13
DEFAULT,1140,1,1,1,3
DEFAULT,16474,12,1,0,13
DEFAULT,288,7,1,0,8
DEFAULT,176,8,2,3,13
DEFAULT,2230,8,0,4,12
DEFAULT,1020,3,1,1,5
DEFAULT,29013,10,1,2,13
DEFAULT,15583,11,0,2,13
DEFAULT,9005,10,1,2,13
DEFAULT,487,6,0,3,9
DEFAULT,15230,12,1,3,16
DEFAULT,4825,12,2,4,18
DEFAULT,7373,11,2,2,15
DEFAULT,285,8,1,1,10
DEFAULT,434,5,0,2,7
DEFAULT,6038,15,1,3,19
DEFAULT,335,5,2,2,9
DEFAULT,1258,8,2,3,13
DEFAULT,535,9,1,1,11
DEFAULT,1956,11,0,3,14
DEFAULT,39562,9,1,1,11
DEFAULT,3665,12,1,4,17
DEFAULT,15162,12,1,2,15
,,,,
DEFAULT,1985,10,1,4,15
DEFAULT,2907,13,1,1,15
DEFAULT,11782,11,0,3,14
DEFAULT,2497,10,1,4,15
DEFAULT,23436,12,1,3,16
,,,,
DEFAULT,825,6,2,2,10
DEFAULT,851,7,0,4,11
DEFAULT,33328,14,0,3,17
DEFAULT,922,6,1,2,9
DEFAULT,645,10,0,0,10
DEFAULT,1981,12,1,4,17
,,,,
DEFAULT,622,4,2,0,6
DEFAULT,6340,13,0,3,16
DEFAULT,53100,12,2,2,16
DEFAULT,8322,10,1,4,15
DEFAULT,17025,10,2,1,13
DEFAULT,1286,11,0,2,13
DEFAULT,1377,10,2,3,15
DEFAULT,12,5,1,2,8
DEFAULT,9473,11,1,1,13
DEFAULT,22940,13,0,3,16
DEFAULT,12095,11,1,2,14
DEFAULT,335,9,0,1,10
DEFAULT,5638,12,0,2,14
DEFAULT,16362,15,1,3,19
DEFAULT,19348,11,1,1,13
,,,,
,,,,
DEFAULT,1461,10,2,1,13
DEFAULT,10339,11,1,1,13
DEFAULT,24847,13,0,1,14
DEFAULT,20229,16,0,2,18
DEFAULT,722,7,0,4,11
DEFAULT,3318,15,2,4,21
DEFAULT,1069,5,1,3,9
DEFAULT,36966,12,2,1,15
DEFAULT,856,8,0,0,8
,,,,
DEFAULT,660,4,0,1,5
DEFAULT,31212,11,1,2,14
,,,,
DEFAULT,616,6,0,0,6
DEFAULT,2651,13,0,2,15
DEFAULT,1289,7,0,0,7
,,,,
DEFAULT,706,9,0,0,9
DEFAULT,1371,4,0,1,5
,,,,
DEFAULT,7338,14,1,2,17
DEFAULT,1283,4,1,0,5
DEFAULT,8910,13,1,2,16
DEFAULT,1383,8,1,1,10
DEFAULT,19770,13,2,3,18
DEFAULT,253,6,1,2,9
,,,,
DEFAULT,624,5,1,1,7
DEFAULT,164,7,0,3,10
DEFAULT,283,9,2,1,12
DEFAULT,431,6,1,1,8
DEFAULT,37574,10,1,3,14
DEFAULT,1108,5,0,2,7
DEFAULT,614,6,0,2,8
DEFAULT,10830,14,1,1,16
DEFAULT,418,11,0,2,13
DEFAULT,11726,13,1,2,16
DEFAULT,5457,12,1,3,16
DEFAULT,830,4,1,3,8
DEFAULT,1116,5,1,1,7
DEFAULT,534,3,0,2,5
DEFAULT,1363,7,0,3,10
DEFAULT,16605,11,0,3,14
,,,,
DEFAULT,1272,6,1,2,9
DEFAULT,5694,14,1,1,16
DEFAULT,7183,13,1,3,17
DEFAULT,7722,13,2,3,18
DEFAULT,5424,13,1,2,16
DEFAULT,360,7,1,1,9
DEFAULT,880,5,0,3,8
DEFAULT,3683,10,1,4,15
DEFAULT,747,9,0,3,12
DEFAULT,1164,5,1,2,8
,,,,
DEFAULT,2820,11,2,3,16
,,,,
DEFAULT,16124,10,1,2,13
DEFAULT,590,7,0,3,10
DEFAULT,14752,8,0,2,10
DEFAULT,36461,14,0,1,15
DEFAULT,5193,13,1,2,16
DEFAULT,10707,12,0,2,14
DEFAULT,22169,10,0,0,10
DEFAULT,38462,10,1,2,13
DEFAULT,30554,12,2,2,16
DEFAULT,597,11,0,2,13
,,,,
DEFAULT,16846,10,1,2,13
DEFAULT,9324,11,0,2,13
DEFAULT,15530,12,2,2,16
DEFAULT,26877,13,0,0,13
,,,,
,,,,
DEFAULT,42771,13,0,2,15
DEFAULT,9455,13,2,3,18
DEFAULT,503,6,1,2,9
DEFAULT,13205,12,1,2,15
DEFAULT,19586,10,1,0,11
DEFAULT,6878,11,1,3,15
DEFAULT,561,7,1,3,11
DEFAULT,12808,14,0,1,15
DEFAULT,20209,14,2,1,17
DEFAULT,52079,11,1,2,14
DEFAULT,618,5,0,2,7
DEFAULT,27510,11,2,1,14
DEFAULT,10903,11,1,2,14
DEFAULT,38908,11,0,2,13
DEFAULT,52699,12,1,3,16
DEFAULT,10234,11,1,3,15
,,,,
DEFAULT,384,7,1,3,11
DEFAULT,1985,5,0,1,6
DEFAULT,24561,13,1,2,16
,,,,
,,,,
DEFAULT,27830,14,1,1,16
,,,,
DEFAULT,332,8,0,0,8
DEFAULT,31840,11,1,3,15
DEFAULT,4093,12,0,3,15
DEFAULT,9321,13,1,3,17
DEFAULT,17790,9,2,2,13
DEFAULT,234,8,1,2,11
DEFAULT,20473,13,1,1,15
DEFAULT,24116,11,2,1,14
DEFAULT,2827,10,2,4,16
DEFAULT,22606,14,1,2,17
DEFAULT,324,6,1,2,9
DEFAULT,1636,10,0,3,13
DEFAULT,412,4,0,2,6
DEFAULT,57563,11,1,3,15
DEFAULT,64938,14,0,1,15
DEFAULT,8947,11,0,2,13
DEFAULT,24119,14,2,1,17
DEFAULT,1461,9,0,4,13
DEFAULT,30243,15,1,2,18
DEFAULT,31761,11,1,1,13
,,,,
DEFAULT,525,7,0,2,9
,,,,
DEFAULT,14687,11,0,2,13
DEFAULT,11236,11,1,2,14
DEFAULT,848,7,1,2,10
DEFAULT,499,14,0,2,16
DEFAULT,36301,13,1,1,15
DEFAULT,23267,12,0,2,14
DEFAULT,12362,11,2,1,14
DEFAULT,952,3,0,1,4
DEFAULT,7645,12,0,3,15
DEFAULT,13927,14,1,1,16
DEFAULT,8711,14,1,2,17
DEFAULT,7205,12,1,4,17
DEFAULT,15245,12,0,3,15
DEFAULT,648,4,0,2,6
DEFAULT,12128,14,0,3,17
DEFAULT,1981,11,1,4,16
DEFAULT,5992,11,0,3,14
DEFAULT,1422,3,0,0,3
DEFAULT,3622,9,2,4,15
DEFAULT,997,6,0,0,6
DEFAULT,1603,10,2,2,14
DEFAULT,1188,9,0,1,10
DEFAULT,41469,12,2,1,15
DEFAULT,15585,10,1,2,13
DEFAULT,847,7,1,0,8
DEFAULT,925,11,1,1,13
DEFAULT,545,9,1,4,14
DEFAULT,27222,12,2,2,16
DEFAULT,17829,12,1,1,14
DEFAULT,23003,11,1,2,14
DEFAULT,12532,13,0,2,15
DEFAULT,7575,10,0,3,13
DEFAULT,27930,13,1,2,16
DEFAULT,29484,11,1,2,14
DEFAULT,7647,14,1,2,17
DEFAULT,335,10,2,1,13
DEFAULT,1454,3,0,0,3
DEFAULT,490,6,1,3,10
DEFAULT,1629,3,0,4,7
DEFAULT,693,7,0,0,7
DEFAULT,12665,14,2,1,17
DEFAULT,22276,13,1,1,15
DEFAULT,8888,10,2,3,15
DEFAULT,1701,2,0,1,3
DEFAULT,590,5,1,2,8
,,,,
DEFAULT,2913,9,2,3,14
DEFAULT,35094,13,1,2,16
DEFAULT,15488,16,1,1,18
DEFAULT,9411,13,1,3,17
,,,,
,,,,
DEFAULT,19970,12,1,2,15
DEFAULT,27838,13,0,2,15
DEFAULT,1486,6,0,0,6
,,,,
,,,,
DEFAULT,1826,7,1,3,11
DEFAULT,3182,12,1,0,13
DEFAULT,6669,12,0,3,15
DEFAULT,12444,10,1,4,15
DEFAULT,1047,4,0,2,6
DEFAULT,11363,12,2,2,16
DEFAULT,47053,12,2,2,16
DEFAULT,17584,12,1,1,14
,,,,
,,,,
,,,,
,,,,
DEFAULT,36534,11,1,0,12
DEFAULT,925,2,1,0,3
DEFAULT,2415,12,2,3,17
DEFAULT,51818,14,1,2,17
DEFAULT,20370,12,1,3,16
DEFAULT,8409,10,1,2,13
DEFAULT,619,12,1,3,16
DEFAULT,1597,4,1,4,9
DEFAULT,13876,15,0,1,16
DEFAULT,708,6,1,3,10
DEFAULT,45050,11,0,1,12
DEFAULT,24139,14,1,2,17
DEFAULT,33257,13,2,2,17
DEFAULT,6601,12,1,4,17
DEFAULT,117,5,2,2,9
DEFAULT,25479,13,0,1,14
DEFAULT,478,8,2,2,12
DEFAULT,11603,9,2,2,13
DEFAULT,818,9,2,2,13
DEFAULT,29974,12,1,3,16
DEFAULT,8242,11,2,2,15
DEFAULT,682,7,0,1,8
,,,,
DEFAULT,11662,10,2,1,13
DEFAULT,1042,6,2,0,8
DEFAULT,585,8,0,1,9
DEFAULT,679,7,1,1,9
,,,,
DEFAULT,7616,14,0,0,14
DEFAULT,8097,12,2,3,17
DEFAULT,1121,7,0,2,9
DEFAULT,180,6,1,2,9
DEFAULT,78933,11,2,1,14
DEFAULT,23725,10,2,1,13
DEFAULT,5047,13,1,2,16
DEFAULT,1004,3,1,1,5
DEFAULT,29713,14,1,0,15
DEFAULT,12158,12,0,2,14
DEFAULT,360,10,1,2,13
DEFAULT,653,6,0,2,8
DEFAULT,375,6,0,0,6
DEFAULT,9044,13,1,1,15
DEFAULT,2232,10,0,4,14
DEFAULT,7147,13,1,4,18
DEFAULT,1223,8,1,3,12
DEFAULT,2220,10,1,3,14
DEFAULT,17169,9,0,2,11
,,,,
,,,,
DEFAULT,809,7,1,3,11
DEFAULT,10902,13,1,2,16
DEFAULT,9519,8,0,3,11
DEFAULT,17471,10,2,2,14
DEFAULT,20617,10,2,0,12
DEFAULT,21603,10,0,3,13
DEFAULT,23036,13,1,2,16
DEFAULT,17772,12,0,1,13
,,,,
DEFAULT,1144,3,1,3,7
DEFAULT,17860,12,1,1,14
,,,,
DEFAULT,1742,9,2,2,13
,,,,
DEFAULT,4123,11,1,2,14
DEFAULT,10725,14,1,2,17
DEFAULT,32698,11,0,3,14
DEFAULT,20690,9,2,1,12
DEFAULT,897,7,1,1,9
DEFAULT,4192,13,1,4,18
DEFAULT,22726,13,1,3,17
,,,,
DEFAULT,25418,13,0,4,17
DEFAULT,5478,9,1,3,13
DEFAULT,4326,12,1,2,15
DEFAULT,197,7,1,0,8
DEFAULT,6955,9,2,0,11
,,,,
DEFAULT,1115,3,1,1,5
DEFAULT,2574,8,0,3,11
DEFAULT,13205,12,1,3,16
DEFAULT,1051,2,1,1,4
DEFAULT,13445,11,2,2,15
,,,,
DEFAULT,482,6,1,2,9
DEFAULT,1250,3,1,0,4
DEFAULT,6601,13,1,3,17
DEFAULT,1061,4,1,2,7
DEFAULT,288,8,1,0,9
DEFAULT,10693,13,0,2,15
,,,,
DEFAULT,34236,10,1,2,13
DEFAULT,47229,13,2,3,18
DEFAULT,382,8,1,2,11
DEFAULT,649,7,1,1,9
DEFAULT,456,5,2,4,11
DEFAULT,1109,6,2,3,11
,,,,
DEFAULT,1022,6,1,2,9
DEFAULT,932,7,0,2,9
DEFAULT,6136,10,1,4,15
DEFAULT,5568,15,2,2,19
DEFAULT,372,6,1,3,10
DEFAULT,12573,10,2,1,13
DEFAULT,1868,4,1,1,6
,,,,
,,,,
DEFAULT,57201,12,0,3,15
DEFAULT,24430,13,0,2,15
DEFAULT,12044,10,2,2,14
DEFAULT,445,11,1,3,15
,,,,
DEFAULT,9455,15,1,0,16
DEFAULT,930,6,0,0,6
DEFAULT,14981,10,2,1,13
DEFAULT,5961,10,1,4,15
DEFAULT,52644,14,0,3,17
DEFAULT,28169,9,1,0,10
DEFAULT,431,3,1,2,6
DEFAULT,7775,15,1,2,18
,,,,
DEFAULT,11455,15,1,2,18
,,,,
DEFAULT,1476,6,1,4,11
DEFAULT,482,6,0,4,10
DEFAULT,1168,9,1,4,14
DEFAULT,738,10,1,3,14
,,,,
DEFAULT,6369,14,1,3,18
DEFAULT,3884,9,1,2,12
DEFAULT,13043,10,1,3,14
DEFAULT,204,10,2,2,14
DEFAULT,47247,15,1,3,19
DEFAULT,25872,12,1,2,15
,,,,
DEFAULT,3404,10,2,2,14
DEFAULT,302,11,1,1,13
DEFAULT,1137,8,2,4,14
DEFAULT,1179,5,0,3,8
DEFAULT,34320,8,1,3,12
DEFAULT,22986,12,1,2,15
DEFAULT,947,7,1,3,11
DEFAULT,67270,11,2,0,13
DEFAULT,22643,10,2,3,15
DEFAULT,1620,4,0,1,5
DEFAULT,22703,11,1,1,13
DEFAULT,7293,13,2,1,16
,,,,
DEFAULT,5241,10,2,3,15
,,,,
DEFAULT,23923,12,1,1,14
DEFAULT,686,5,1,3,9
DEFAULT,1101,5,1,2,8
DEFAULT,21522,10,0,3,13
DEFAULT,907,8,0,2,10
DEFAULT,878,8,1,3,12
DEFAULT,1100,2,0,1,3
DEFAULT,70032,12,1,2,15
,,,,
DEFAULT,4336,9,2,4,15
DEFAULT,1448,10,0,3,13
DEFAULT,247,5,0,2,7
DEFAULT,78035,12,1,1,14
DEFAULT,16344,12,1,1,14
DEFAULT,343,13,1,2,16
DEFAULT,1600,12,1,2,15
DEFAULT,10874,13,1,3,17
DEFAULT,5077,10,1,1,12
DEFAULT,364,8,1,1,10
,,,,
,,,,
DEFAULT,16361,12,2,3,17
DEFAULT,11976,11,2,3,16
DEFAULT,5205,10,2,2,14
DEFAULT,23206,14,2,2,18
DEFAULT,3294,14,1,2,17
DEFAULT,2017,10,0,3,13
DEFAULT,21628,11,2,1,14
DEFAULT,2940,11,0,4,15
DEFAULT,755,6,0,3,9
DEFAULT,9283,8,2,4,14
DEFAULT,326,8,2,1,11
DEFAULT,4795,15,1,1,17
DEFAULT,17415,15,1,2,18
DEFAULT,670,5,0,2,7
,,,,
,,,,
DEFAULT,7214,9,2,1,12
DEFAULT,10225,15,0,2,17
,,,,
DEFAULT,429,8,1,1,10
DEFAULT,10409,13,2,2,17
,,,,
DEFAULT,22275,13,1,2,16
DEFAULT,557,8,0,4,12
DEFAULT,54143,12,2,1,15
DEFAULT,43374,11,2,1,14
DEFAULT,9610,9,1,1,11
DEFAULT,364,6,1,1,8
DEFAULT,25145,12,2,1,15
DEFAULT,1359,4,2,4,10
DEFAULT,51337,12,0,1,13
DEFAULT,1568,8,0,3,11
,,,,
DEFAULT,3107,10,1,4,15
DEFAULT,1021,6,1,2,9
DEFAULT,21659,12,0,3,15
DEFAULT,1118,12,2,0,14
DEFAULT,5901,15,1,3,19
DEFAULT,1062,13,1,3,17
DEFAULT,671,6,0,2,8
,,,,
DEFAULT,1047,6,0,1,7
DEFAULT,541,5,1,2,8
DEFAULT,360,8,0,3,11
,,,,
,,,,
DEFAULT,496,8,0,1,9
DEFAULT,4729,8,1,0,9
,,,,
DEFAULT,6506,14,2,2,18
DEFAULT,2951,13,1,2,16
DEFAULT,1156,4,2,1,7
DEFAULT,662,5,1,2,8
DEFAULT,24674,10,2,2,14
DEFAULT,6960,13,2,2,17
DEFAULT,514,6,0,3,9
DEFAULT,1530,3,1,1,5
DEFAULT,4690,8,0,3,11
,,,,
DEFAULT,9998,14,1,2,17
DEFAULT,17820,11,2,1,14
DEFAULT,2324,6,1,4,11
DEFAULT,11665,12,2,3,17
DEFAULT,20395,12,1,2,15
DEFAULT,15887,12,1,3,16
DEFAULT,308,5,0,4,9
DEFAULT,214,5,0,2,7
DEFAULT,1206,2,1,1,4
DEFAULT,22754,14,0,3,17
DEFAULT,5152,10,1,3,14
DEFAULT,14144,14,1,2,17
DEFAULT,3845,10,1,1,12
DEFAULT,5502,14,1,3,18
DEFAULT,29612,12,1,2,15
DEFAULT,20431,11,1,1,13
DEFAULT,11268,11,0,1,12
DEFAULT,5190,13,1,3,17
DEFAULT,1344,5,0,3,8
DEFAULT,32643,12,2,2,16
DEFAULT,3907,11,0,2,13
DEFAULT,12173,11,1,3,15
,,,,
DEFAULT,1740,5,1,4,10
DEFAULT,809,5,1,1,7
DEFAULT,956,3,0,3,6
DEFAULT,2186,8,0,2,10
DEFAULT,75712,11,1,2,14
DEFAULT,4166,8,1,2,11
DEFAULT,10226,10,0,3,13
DEFAULT,6227,11,0,1,12
DEFAULT,1545,6,1,0,7
DEFAULT,3152,13,0,3,16
,,,,
,,,,
DEFAULT,12418,12,1,2,15
DEFAULT,431,9,1,2,12
,,,,
DEFAULT,19115,14,0,1,15
,,,,
DEFAULT,17427,12,0,2,14
DEFAULT,32094,14,2,1,17
DEFAULT,14156,14,1,3,18
,,,,
DEFAULT,2859,12,1,3,16
DEFAULT,4981,12,1,3,16
DEFAULT,2256,7,1,3,11
DEFAULT,326,6,2,2,10
DEFAULT,1230,2,0,1,3
DEFAULT,25399,13,1,1,15
,,,,
DEFAULT,21858,12,0,1,13
,,,,
DEFAULT,4685,10,0,1,11
DEFAULT,12021,11,0,2,13
DEFAULT,303,6,1,1,8
DEFAULT,24007,12,1,2,15
DEFAULT,13199,14,1,1,16
DEFAULT,861,6,2,2,10
DEFAULT,8326,10,0,4,14
DEFAULT,16199,11,1,3,15
DEFAULT,33344,13,1,2,16
DEFAULT,3365,9,2,4,15
DEFAULT,9695,14,2,1,17
DEFAULT,2165,8,1,4,13
DEFAULT,14966,13,2,2,17
,,,,
DEFAULT,3773,9,2,3,14
DEFAULT,5727,14,1,2,17
DEFAULT,1627,7,1,1,9
DEFAULT,5542,13,0,3,16
DEFAULT,2611,7,1,4,12
DEFAULT,16620,12,0,2,14
DEFAULT,18455,13,2,2,17
DEFAULT,8167,12,0,2,14
DEFAULT,620,8,1,2,11
DEFAULT,1261,3,0,3,6
DEFAULT,859,4,2,1,7
DEFAULT,22783,12,1,1,14
DEFAULT,35347,11,1,2,14
DEFAULT,1328,5,1,3,9
DEFAULT,17218,13,1,3,17
DEFAULT,4799,10,1,4,15
DEFAULT,293,8,0,2,10
,,,,
DEFAULT,35195,13,0,3,16
DEFAULT,882,6,1,1,8
DEFAULT,22838,11,1,2,14
DEFAULT,1070,4,0,3,7
,,,,
DEFAULT,30823,10,2,2,14
DEFAULT,13890,14,0,3,17
DEFAULT,79990,10,1,2,13
DEFAULT,14183,9,2,3,14
,,,,
DEFAULT,11015,11,0,3,14
,,,,
DEFAULT,16442,8,0,1,9
DEFAULT,97,6,0,0,6
DEFAULT,51597,13,2,3,18
DEFAULT,10836,10,2,3,15
DEFAULT,1064,1,1,0,2
DEFAULT,1284,4,0,4,8
DEFAULT,8444,11,2,4,17
DEFAULT,33924,12,2,2,16
DEFAULT,12684,14,1,3,18
DEFAULT,9253,13,0,2,15
DEFAULT,10375,12,2,1,15
DEFAULT,937,7,0,2,9
DEFAULT,12209,12,0,0,12
DEFAULT,16293,11,1,1,13
DEFAULT,14536,14,1,2,17
DEFAULT,11960,12,1,3,16
DEFAULT,1363,6,0,2,8
,,,,
DEFAULT,5945,11,1,1,13
DEFAULT,1003,7,1,3,11
,,,,
DEFAULT,20615,14,0,2,16
DEFAULT,540,8,0,1,9
DEFAULT,485,4,1,3,8
DEFAULT,1634,2,0,0,2
DEFAULT,4,9,0,2,11
DEFAULT,22150,10,2,2,14
,,,,
DEFAULT,680,5,0,2,7
DEFAULT,14045,11,1,3,15
DEFAULT,33729,15,0,3,18
DEFAULT,1114,8,2,2,12
DEFAULT,14243,11,0,2,13
,,,,
DEFAULT,5147,9,1,2,12
DEFAULT,17643,14,2,2,18
DEFAULT,290,7,1,3,11
DEFAULT,2977,10,2,3,15
DEFAULT,118,5,0,2,7
DEFAULT,850,2,1,2,5
,,,,
DEFAULT,970,5,2,2,9
DEFAULT,824,9,0,3,12
DEFAULT,9729,10,1,1,12
DEFAULT,4039,16,0,4,20
,,,,
DEFAULT,10845,16,1,2,19
DEFAULT,1441,6,0,0,6
DEFAULT,1071,5,0,2,7
DEFAULT,821,3,1,2,6
DEFAULT,397,5,1,1,7
,,,,
DEFAULT,8878,12,0,3,15
DEFAULT,812,7,1,0,8
DEFAULT,866,5,0,0,5
DEFAULT,596,9,0,2,11
DEFAULT,1929,2,1,0,3
DEFAULT,15965,10,1,1,12
DEFAULT,74735,9,2,2,13
DEFAULT,8750,11,2,3,16
DEFAULT,1087,7,2,2,11
DEFAULT,20240,11,1,3,15
DEFAULT,3556,13,1,1,15
DEFAULT,35394,12,2,2,16
DEFAULT,888,5,0,3,8
DEFAULT,952,8,2,2,12
DEFAULT,2816,12,2,2,16
,,,,
DEFAULT,21584,12,1,2,15
,,,,
DEFAULT,13261,13,2,1,16
DEFAULT,236,5,0,2,7
DEFAULT,15364,15,1,2,18
DEFAULT,69360,10,2,2,14
DEFAULT,83877,10,0,3,13
DEFAULT,3043,8,1,4,13
,,,,
DEFAULT,355,5,1,2,8
DEFAULT,15145,10,2,3,15
DEFAULT,270,8,0,2,10
DEFAULT,34219,13,1,2,16
DEFAULT,13951,14,0,2,16
,,,,
DEFAULT,1009,5,0,3,8
DEFAULT,17279,14,0,2,16
DEFAULT,23238,12,0,1,13
DEFAULT,13760,10,1,3,14
DEFAULT,2209,8,0,4,12
DEFAULT,14137,12,0,1,13
DEFAULT,4700,12,0,2,14
DEFAULT,1111,9,1,1,11
DEFAULT,548,5,2,3,10
DEFAULT,705,7,2,2,11
DEFAULT,23164,14,0,1,15
DEFAULT,543,5,2,1,8
DEFAULT,16326,10,1,2,13
DEFAULT,545,7,0,0,7
DEFAULT,12824,9,2,1,12
DEFAULT,12354,12,0,2,14
DEFAULT,2431,10,1,4,15
DEFAULT,8560,12,1,3,16
DEFAULT,18477,11,0,2,13
DEFAULT,28813,8,0,4,12
,,,,
DEFAULT,1886,12,0,4,16
DEFAULT,447,7,1,1,9
DEFAULT,10151,13,1,2,16
DEFAULT,9302,13,1,1,15
DEFAULT,79068,13,0,2,15
DEFAULT,16988,12,0,2,14
DEFAULT,766,4,0,1,5
,,,,
DEFAULT,7474,14,0,2,16
DEFAULT,752,4,0,2,6
DEFAULT,6278,13,1,2,16
DEFAULT,6453,12,1,2,15
DEFAULT,615,10,1,1,12
DEFAULT,5779,11,2,1,14
DEFAULT,34054,14,0,3,17
DEFAULT,20972,11,1,2,14
DEFAULT,177,8,1,0,9
,,,,
DEFAULT,42419,15,1,2,18
DEFAULT,20790,11,1,1,13
DEFAULT,1337,11,1,3,15
DEFAULT,533,12,0,1,13
DEFAULT,16613,12,2,1,15
DEFAULT,1304,9,1,3,13
DEFAULT,281,7,0,1,8
DEFAULT,2682,7,0,4,11
DEFAULT,49701,10,2,1,13
DEFAULT,466,7,0,2,9
DEFAULT,28347,10,0,3,13
DEFAULT,797,5,0,0,5
DEFAULT,13993,13,1,2,16
,,,,
DEFAULT,5099,13,0,4,17
DEFAULT,753,9,1,0,10
,,,,
DEFAULT,667,1,1,3,5
,,,,
DEFAULT,18445,10,1,2,13
DEFAULT,273,7,0,2,9
DEFAULT,10866,12,0,2,14
DEFAULT,1615,13,1,0,14
DEFAULT,490,5,1,2,8
DEFAULT,43717,13,0,3,16
DEFAULT,1434,9,1,3,13
DEFAULT,4500,11,0,4,15
DEFAULT,8453,9,1,3,13
,,,,
DEFAULT,1558,2,0,2,4
DEFAULT,13688,9,2,2,13
DEFAULT,226,6,1,0,7
DEFAULT,2535,11,0,3,14
,,,,
DEFAULT,475,7,1,2,10
DEFAULT,958,6,0,0,6
DEFAULT,2631,3,0,4,7
DEFAULT,6803,15,1,2,18
DEFAULT,17337,11,1,0,12
DEFAULT,1705,13,0,4,17
DEFAULT,18649,10,1,2,13
DEFAULT,22980,12,1,2,15
,,,,
,,,,
DEFAULT,21230,13,2,2,17
DEFAULT,521,10,1,3,14
,,,,
,,,,
,,,,
,,,,
DEFAULT,13105,16,0,1,17
DEFAULT,32,8,1,2,11
DEFAULT,16672,12,0,1,13
,,,,
DEFAULT,735,6,0,3,9
DEFAULT,91841,12,2,2,16
DEFAULT,334,6,1,2,9
DEFAULT,1138,2,0,1,3
DEFAULT,519,10,2,2,14
DEFAULT,1244,15,1,3,19
DEFAULT,9450,12,1,3,16
DEFAULT,1521,5,2,2,9
DEFAULT,8685,9,1,3,13
DEFAULT,336,5,0,1,6
DEFAULT,13393,12,1,3,16
DEFAULT,21670,14,2,2,18
DEFAULT,1719,9,1,3,13
DEFAULT,22314,13,1,2,16
DEFAULT,54657,14,1,3,18
DEFAULT,9760,13,2,1,16
DEFAULT,664,10,0,4,14
DEFAULT,38367,11,2,1,14
DEFAULT,22590,13,1,1,15
DEFAULT,1991,3,0,1,4
DEFAULT,13077,11,1,2,14
,,,,
DEFAULT,4070,11,0,1,12
DEFAULT,21106,15,0,2,17
,,,,
,,,,
DEFAULT,650,8,1,3,12
DEFAULT,25020,14,2,1,17
DEFAULT,227,10,0,0,10
DEFAULT,315,11,0,0,11
DEFAULT,815,12,1,3,16
DEFAULT,1646,9,0,3,12
DEFAULT,331,9,1,2,12
DEFAULT,19067,8,0,2,10
DEFAULT,2172,12,2,4,18
DEFAULT,5829,11,0,2,13
DEFAULT,95,8,1,2,11
DEFAULT,42413,13,1,2,16
DEFAULT,1155,6,0,1,7
DEFAULT,476,12,2,1,15
DEFAULT,21565,13,0,1,14
DEFAULT,567,11,2,0,13
DEFAULT,362,8,0,2,10
DEFAULT,706,7,2,1,10
DEFAULT,1365,1,0,1,2
DEFAULT,41405,11,1,2,14
DEFAULT,1101,8,2,2,12
DEFAULT,955,7,0,3,10
DEFAULT,489,10,0,3,13
DEFAULT,13879,13,1,2,16
DEFAULT,12348,6,2,3,11
DEFAULT,282,9,0,3,12
DEFAULT,872,11,1,1,13
DEFAULT,32658,12,1,2,15
DEFAULT,87724,13,1,2,16
DEFAULT,5833,10,1,4,15
DEFAULT,18742,13,1,2,16
DEFAULT,1208,6,2,2,10
DEFAULT,8841,12,2,2,16
DEFAULT,1782,11,0,3,14
DEFAULT,616,7,1,3,11
DEFAULT,15057,11,0,2,13
DEFAULT,30675,12,1,2,15
DEFAULT,1207,3,0,1,4
DEFAULT,56224,12,2,1,15
DEFAULT,1189,3,1,1,5
DEFAULT,2752,11,0,3,14
DEFAULT,1132,12,1,2,15
DEFAULT,11735,14,1,2,17
,,,,
DEFAULT,12966,12,1,2,15
DEFAULT,4664,12,2,2,16
DEFAULT,54879,11,1,2,14
DEFAULT,5004,12,2,2,16
DEFAULT,51287,14,2,1,17
DEFAULT,1502,8,2,3,13
,,,,
DEFAULT,22867,10,0,1,11
DEFAULT,16381,11,1,2,14
DEFAULT,8318,11,1,4,16
DEFAULT,7126,14,1,3,18
DEFAULT,741,5,2,0,7
DEFAULT,2879,8,2,3,13
DEFAULT,418,10,0,0,10
DEFAULT,11179,15,2,3,20
DEFAULT,1146,3,0,1,4
DEFAULT,516,6,1,2,9
DEFAULT,17035,12,1,2,15
DEFAULT,206,8,0,2,10
DEFAULT,7826,10,1,2,13
DEFAULT,88305,13,1,2,16
DEFAULT,26322,11,2,2,15
DEFAULT,8260,15,1,2,18
DEFAULT,810,5,1,0,6
,,,,
DEFAULT,888,4,1,1,6
DEFAULT,98413,10,0,2,12
DEFAULT,1168,5,0,0,5
,,,,
,,,,
DEFAULT,99,7,2,3,12
DEFAULT,5563,14,2,2,18
DEFAULT,1204,10,1,2,13
DEFAULT,162,5,1,1,7
DEFAULT,2538,11,0,2,13
DEFAULT,86635,12,1,2,15
DEFAULT,6883,15,1,4,20
,,,,
DEFAULT,18806,12,2,3,17
DEFAULT,1126,3,1,1,5
DEFAULT,13697,14,0,3,17
DEFAULT,428,6,0,4,10
DEFAULT,1376,4,0,4,8
DEFAULT,18017,11,1,2,14
DEFAULT,779,8,1,0,9
DEFAULT,3897,10,1,3,14
DEFAULT,1236,5,1,2,8
DEFAULT,5550,11,2,4,17
DEFAULT,14524,11,2,2,15
DEFAULT,2434,11,2,2,15
DEFAULT,1578,12,1,2,15
DEFAULT,31799,13,1,2,16
DEFAULT,9702,13,0,2,15
DEFAULT,1024,6,0,3,9
DEFAULT,312,8,0,0,8
DEFAULT,28098,12,1,1,14
DEFAULT,57641,11,1,3,15
DEFAULT,19671,13,1,1,15
DEFAULT,12093,15,1,3,19
DEFAULT,1764,10,2,0,12
DEFAULT,6178,14,0,3,17
DEFAULT,765,9,2,2,13
DEFAULT,18975,14,0,1,15
DEFAULT,3880,15,0,2,17
DEFAULT,1397,6,0,3,9
DEFAULT,11099,13,1,3,17
DEFAULT,16294,11,1,2,14
DEFAULT,1194,13,2,3,18
DEFAULT,3598,13,1,1,15
DEFAULT,22546,11,1,2,14
DEFAULT,8352,13,1,2,16
DEFAULT,852,8,0,1,9
,,,,
,,,,
DEFAULT,50142,10,2,2,14
DEFAULT,357,6,0,3,9
DEFAULT,1440,4,0,0,4
DEFAULT,36558,11,0,2,13
DEFAULT,1542,9,2,1,12
DEFAULT,1137,7,0,2,9
DEFAULT,29265,12,2,2,16
DEFAULT,1872,9,2,2,13
DEFAULT,25054,12,2,2,16
DEFAULT,131,7,1,1,9
DEFAULT,730,4,1,0,5
DEFAULT,34676,12,2,1,15
DEFAULT,1063,9,1,2,12
DEFAULT,72506,14,0,1,15
DEFAULT,2440,8,1,3,12
DEFAULT,74611,11,1,1,13
DEFAULT,2374,9,1,3,13
DEFAULT,515,5,1,1,7
DEFAULT,1912,13,1,4,18
,,,,
DEFAULT,13070,12,1,3,16
DEFAULT,6125,8,1,4,13
DEFAULT,46445,12,2,1,15
DEFAULT,15042,11,0,2,13
DEFAULT,4871,11,2,3,16
,,,,
DEFAULT,1266,10,1,3,14
DEFAULT,19420,15,0,1,16
DEFAULT,35332,10,2,1,13
DEFAULT,84968,13,1,2,16
,,,,
DEFAULT,996,8,1,1,10
DEFAULT,11965,13,0,1,14
DEFAULT,2226,10,1,1,12
DEFAULT,1046,7,0,2,9
DEFAULT,2272,3,2,0,5
DEFAULT,300,9,1,2,12
DEFAULT,531,10,0,3,13
DEFAULT,564,8,1,0,9
DEFAULT,6886,13,1,4,18
DEFAULT,1064,2,0,1,3
DEFAULT,1187,5,0,0,5
,,,,
DEFAULT,1743,8,1,2,11
DEFAULT,327,8,0,1,9
DEFAULT,27093,11,1,2,14
DEFAULT,694,7,0,3,10
DEFAULT,1408,8,1,4,13
DEFAULT,15643,11,1,2,14
,,,,
DEFAULT,10059,11,2,1,14
DEFAULT,1298,7,0,3,10
DEFAULT,2738,12,1,4,17
DEFAULT,1234,9,0,2,11
,,,,
DEFAULT,216,6,0,3,9
DEFAULT,234,8,1,3,12
DEFAULT,29438,10,1,2,13
DEFAULT,31021,13,0,1,14
DEFAULT,990,4,1,0,5
DEFAULT,341,9,1,1,11
DEFAULT,2402,10,0,4,14
,,,,
DEFAULT,38702,13,0,2,15
,,,,
DEFAULT,8972,12,1,2,15
DEFAULT,74808,11,0,3,14
DEFAULT,5914,10,1,3,14
,,,,
DEFAULT,12276,12,1,3,16
DEFAULT,7954,12,1,1,14
DEFAULT,122,7,0,0,7
DEFAULT,13268,12,1,2,15
DEFAULT,9100,12,1,2,15
DEFAULT,23303,13,1,4,18
DEFAULT,13096,13,1,3,17
DEFAULT,15080,8,1,2,11
,,,,
DEFAULT,1244,7,1,0,8
,,,,
DEFAULT,7823,10,1,1,12
DEFAULT,471,4,0,2,6
DEFAULT,88185,11,1,1,13
DEFAULT,1282,5,0,1,6
DEFAULT,5354,13,1,2,16
DEFAULT,889,6,0,4,10
DEFAULT,16444,15,1,1,17
DEFAULT,11147,13,2,3,18
DEFAULT,3929,5,1,2,8
,,,,
DEFAULT,1360,4,0,4,8
DEFAULT,1492,6,1,3,10
DEFAULT,6400,12,0,2,14
DEFAULT,6810,12,2,2,16
DEFAULT,40615,13,2,3,18
DEFAULT,741,6,0,3,9
,,,,
DEFAULT,1565,14,1,2,17
DEFAULT,4973,10,1,4,15
DEFAULT,5737,12,1,2,15
DEFAULT,450,5,1,2,8
DEFAULT,28597,11,1,1,13
DEFAULT,132,8,1,1,10
DEFAULT,408,10,0,1,11
DEFAULT,9804,14,1,1,16
DEFAULT,1248,12,2,3,17
DEFAULT,12612,13,2,3,18
,,,,
DEFAULT,3865,11,1,3,15
DEFAULT,2567,9,1,3,13
,,,,
DEFAULT,1721,11,0,3,14
DEFAULT,865,14,0,2,16
DEFAULT,24824,12,0,1,13
,,,,
DEFAULT,5475,12,1,3,16
DEFAULT,1476,6,0,3,9
DEFAULT,717,8,1,1,10
DEFAULT,2365,9,1,2,12
,,,,
DEFAULT,73106,11,1,3,15
DEFAULT,649,5,2,1,8
DEFAULT,496,6,0,0,6
DEFAULT,17940,12,1,2,15
DEFAULT,10917,12,0,3,15
DEFAULT,294,6,0,3,9
DEFAULT,14424,12,1,3,16
DEFAULT,789,9,1,3,13
DEFAULT,1014,3,0,1,4
DEFAULT,20832,9,2,2,13
DEFAULT,8175,11,2,0,13
,,,,
DEFAULT,1136,4,1,2,7
DEFAULT,17947,13,1,4,18
DEFAULT,22632,13,2,1,16
DEFAULT,30733,10,1,1,12
DEFAULT,18219,14,1,4,19
DEFAULT,964,3,2,1,6
,,,,
DEFAULT,28159,13,1,2,16
DEFAULT,952,7,1,1,9
DEFAULT,33050,14,1,2,17
DEFAULT,13781,13,2,1,16
DEFAULT,20914,14,1,0,15
DEFAULT,1350,7,1,1,9
DEFAULT,9929,13,1,2,16
,,,,
DEFAULT,9804,13,2,2,17
DEFAULT,2101,9,2,1,12
DEFAULT,885,5,1,1,7
,,,,
DEFAULT,187,14,1,0,15
DEFAULT,5477,12,0,2,14
DEFAULT,3091,10,0,2,12
DEFAULT,4329,11,1,4,16
,,,,
DEFAULT,15669,12,0,3,15
DEFAULT,4373,10,1,2,13
DEFAULT,36816,11,0,1,12
DEFAULT,10485,11,1,2,14
DEFAULT,6267,14,1,1,16
DEFAULT,742,4,1,1,6
DEFAULT,37477,14,2,1,17
DEFAULT,23425,12,1,1,14
DEFAULT,2261,10,0,4,14
DEFAULT,4835,11,0,2,13
DEFAULT,1152,6,0,2,8
DEFAULT,19231,11,1,2,14
DEFAULT,327,10,0,0,10
DEFAULT,768,3,0,0,3
DEFAULT,8010,12,1,2,15
DEFAULT,1735,7,1,4,12
,,,,
DEFAULT,1503,12,2,4,18
,,,,
DEFAULT,1809,8,1,3,12
,,,,
DEFAULT,30660,14,0,1,15
DEFAULT,3318,10,1,3,14
,,,,
DEFAULT,10062,13,2,3,18
DEFAULT,1789,8,1,4,13
DEFAULT,7904,11,2,4,17
DEFAULT,645,10,1,1,12
DEFAULT,4501,11,1,4,16
DEFAULT,1041,7,0,4,11
DEFAULT,6499,11,0,2,13
,,,,
,,,,
DEFAULT,630,8,1,2,11
DEFAULT,43794,13,1,1,15
DEFAULT,300,6,1,0,7
DEFAULT,17213,13,1,1,15
DEFAULT,5934,10,1,1,12
DEFAULT,14151,12,0,3,15
,,,,
DEFAULT,56542,9,1,1,11
DEFAULT,36336,14,0,2,16
DEFAULT,386,5,1,3,9
,,,,
DEFAULT,1592,8,1,4,13
DEFAULT,7830,13,1,3,17
DEFAULT,906,8,1,3,12
DEFAULT,20958,10,1,1,12
DEFAULT,1566,9,2,2,13
DEFAULT,6716,13,2,1,16
DEFAULT,21,7,0,1,8
DEFAULT,14421,12,1,2,15
DEFAULT,5876,11,1,2,14
DEFAULT,30329,10,0,2,12
DEFAULT,1849,3,0,4,7
DEFAULT,649,8,1,3,12
,,,,
DEFAULT,471,10,2,2,14
DEFAULT,455,10,1,3,14
,,,,
DEFAULT,934,4,2,2,8
DEFAULT,850,5,0,3,8
DEFAULT,45392,13,0,2,15
DEFAULT,1237,4,0,1,5
DEFAULT,43460,13,0,2,15
DEFAULT,30916,10,1,3,14
DEFAULT,12013,9,0,1,10
DEFAULT,14404,17,0,2,19
DEFAULT,5318,15,2,3,20
DEFAULT,12922,12,1,2,15
DEFAULT,548,3,2,2,7
DEFAULT,3295,13,2,1,16
,,,,
DEFAULT,3630,11,2,3,16
,,,,
,,,,
DEFAULT,84056,11,2,3,16
DEFAULT,1308,3,1,1,5
DEFAULT,56522,12,0,3,15
DEFAULT,70522,15,0,1,16
DEFAULT,12350,10,0,2,12
DEFAULT,1012,9,2,3,14
DEFAULT,1042,10,2,2,14
,,,,
DEFAULT,9362,12,0,1,13
DEFAULT,7804,12,2,1,15
DEFAULT,1888,8,2,4,14
DEFAULT,13808,12,1,2,15
DEFAULT,10407,9,0,3,12
DEFAULT,4876,13,2,2,17
DEFAULT,778,7,0,1,8
DEFAULT,14925,10,2,2,14
DEFAULT,5450,11,1,2,14
DEFAULT,17315,12,1,2,15
DEFAULT,2761,6,1,4,11
DEFAULT,1557,5,1,0,6
,,,,
DEFAULT,1215,6,0,1,7
DEFAULT,7335,15,0,1,16
DEFAULT,1015,4,1,1,6
DEFAULT,12068,12,1,1,14
DEFAULT,7105,11,1,3,15
,,,,
DEFAULT,2248,7,1,4,12
DEFAULT,31120,11,1,2,14
DEFAULT,115,7,1,1,9
DEFAULT,1395,7,2,2,11
DEFAULT,6991,11,1,2,14
DEFAULT,20437,12,0,1,13
DEFAULT,621,5,1,0,6
DEFAULT,55616,10,1,3,14
,,,,
DEFAULT,7082,9,1,4,14
DEFAULT,18162,11,1,1,13
DEFAULT,859,10,0,2,12
,,,,
DEFAULT,1001,7,0,2,9
,,,,
,,,,
DEFAULT,322,6,2,1,9
DEFAULT,3699,7,2,4,13
,,,,
DEFAULT,2548,10,1,2,13
DEFAULT,5318,11,1,3,15
DEFAULT,1348,3,0,2,5
DEFAULT,7988,13,0,2,15
DEFAULT,624,6,0,2,8
DEFAULT,7414,11,1,3,15
DEFAULT,31014,14,0,2,16
DEFAULT,14658,14,0,2,16
DEFAULT,38290,12,1,1,14
DEFAULT,578,7,1,3,11
,,,,
DEFAULT,7660,12,0,3,15
,,,,
DEFAULT,2222,10,2,2,14
DEFAULT,5289,11,1,3,15
,,,,
DEFAULT,18052,12,1,1,14
DEFAULT,1028,5,0,2,7
DEFAULT,16693,14,1,1,16
DEFAULT,726,7,0,3,10
DEFAULT,1797,9,1,4,14
DEFAULT,33904,10,0,3,13
DEFAULT,2517,8,1,4,13
DEFAULT,1463,8,0,3,11
DEFAULT,1741,8,2,4,14
DEFAULT,108,7,1,1,9
DEFAULT,2398,9,0,3,12
DEFAULT,2292,9,1,3,13
DEFAULT,8958,12,2,3,17
,,,,
DEFAULT,408,6,2,2,10
DEFAULT,130,6,0,1,7
DEFAULT,328,6,2,3,11
DEFAULT,4493,9,2,2,13
DEFAULT,1066,9,1,1,11
DEFAULT,22635,12,0,1,13
DEFAULT,13550,13,1,2,16
DEFAULT,27864,14,1,0,15
,,,,
DEFAULT,10426,11,0,2,13
DEFAULT,16122,12,1,2,15
DEFAULT,36353,13,1,1,15
DEFAULT,641,7,0,1,8
DEFAULT,18126,12,1,4,17
DEFAULT,9594,14,2,3,19
DEFAULT,14930,10,0,3,13
DEFAULT,39382,7,0,2,9
DEFAULT,314,5,1,2,8
DEFAULT,17375,10,2,1,13
DEFAULT,41978,13,2,0,15
DEFAULT,429,7,0,2,9
DEFAULT,11476,13,1,2,16
DEFAULT,8920,13,1,1,15
DEFAULT,1193,9,1,2,12
DEFAULT,27603,14,1,1,16
DEFAULT,301,6,0,3,9
DEFAULT,1558,11,1,3,15
DEFAULT,29971,10,1,2,13
DEFAULT,675,8,0,1,9
DEFAULT,1303,6,2,3,11
DEFAULT,857,6,0,1,7
DEFAULT,1073,3,1,3,7
,,,,
DEFAULT,56418,11,2,2,15
DEFAULT,23045,12,1,1,14
DEFAULT,5270,13,1,4,18
,,,,
DEFAULT,1478,4,0,0,4
DEFAULT,506,6,2,3,11
DEFAULT,25558,12,2,2,16
DEFAULT,25628,10,1,2,13
DEFAULT,20064,11,1,2,14
DEFAULT,141,7,1,3,11
DEFAULT,22553,13,1,1,15
DEFAULT,700,10,1,0,11
DEFAULT,19348,13,2,2,17
DEFAULT,22396,11,0,1,12
DEFAULT,400,9,1,2,12
DEFAULT,5794,11,0,4,15
,,,,
DEFAULT,468,5,0,3,8
DEFAULT,13441,10,1,3,14
DEFAULT,1398,3,1,1,5
DEFAULT,14440,12,1,2,15
DEFAULT,21712,10,2,3,15
DEFAULT,10153,12,1,2,15
DEFAULT,9506,10,0,2,12
