strategy,money,countries,utilities,stations,totalLandsOwned
DEFAULT,838,8,1,3,12
DEFAULT,12511,11,1,2,14
,,,,
,,,,
DEFAULT,7900,13,1,3,17
DEFAULT,27899,12,2,3,17
DEFAULT,8113,12,0,2,14
DEFAULT,11068,11,1,3,15
DEFAULT,8551,14,2,2,18
DEFAULT,22093,12,1,2,15
DEFAULT,6563,15,2,1,18
DEFAULT,981,8,0,3,11
DEFAULT,6860,13,2,1,16
DEFAULT,13664,13,2,3,18
DEFAULT,865,6,1,1,8
DEFAULT,12879,13,1,3,17
DEFAULT,13976,11,1,3,15
DEFAULT,1009,4,1,1,6
DEFAULT,782,3,0,2,5
DEFAULT,7422,13,1,2,16
DEFAULT,11968,11,2,1,14
DEFAULT,9888,11,1,3,15
DEFAULT,699,7,0,0,7
,,,,
DEFAULT,81,12,1,0,13
DEFAULT,2002,10,1,3,14
DEFAULT,2407,12,1,2,15
DEFAULT,16785,14,1,2,17
DEFAULT,9050,14,2,2,18
DEFAULT,11847,11,1,3,15
DEFAULT,18134,16,1,0,17
DEFAULT,2694,12,1,4,17
DEFAULT,2909,12,1,3,16
DEFAULT,16150,13,1,1,15
DEFAULT,15794,11,2,2,15
DEFAULT,7000,11,1,2,14
DEFAULT,885,5,0,0,5
DEFAULT,5649,10,0,3,13
DEFAULT,457,7,0,1,8
DEFAULT,15246,14,0,1,15
DEFAULT,12877,12,1,2,15
DEFAULT,22725,12,1,2,15
DEFAULT,341,5,1,2,8
DEFAULT,5820,14,0,2,16
DEFAULT,3859,11,1,2,14
,,,,
DEFAULT,2114,6,1,3,10
,,,,
,,,,
DEFAULT,6001,15,1,1,17
DEFAULT,2066,12,1,4,17
DEFAULT,20186,11,0,2,13
DEFAULT,11601,10,1,2,13
,,,,
DEFAULT,8354,13,1,2,16
DEFAULT,38772,13,1,1,15
DEFAULT,17346,9,1,0,10
DEFAULT,5240,12,2,2,16
DEFAULT,22569,12,0,2,14
,,,,
DEFAULT,54367,14,2,2,18
DEFAULT,12339,15,0,1,16
DEFAULT,12542,11,2,1,14
DEFAULT,7050,12,1,2,15
,,,,
DEFAULT,411,4,0,0,4
DEFAULT,9828,10,1,2,13
DEFAULT,15830,11,0,1,12
DEFAULT,1415,2,0,1,3
,,,,
DEFAULT,15123,10,1,2,13
DEFAULT,939,7,1,1,9
,,,,
DEFAULT,9430,12,1,1,14
DEFAULT,6144,10,1,1,12
DEFAULT,20540,11,2,1,14
DEFAULT,5789,9,2,4,15
DEFAULT,1580,5,2,4,11
DEFAULT,806,7,2,1,10
DEFAULT,50428,13,1,1,15
DEFAULT,656,8,2,0,10
DEFAULT,7219,12,1,2,15
DEFAULT,916,10,2,4,16
DEFAULT,79973,12,1,2,15
DEFAULT,794,5,1,2,8
,,,,
,,,,
DEFAULT,6997,9,1,3,13
DEFAULT,964,10,1,1,12
DEFAULT,22572,10,2,3,15
DEFAULT,9831,14,2,3,19
DEFAULT,301,4,1,2,7
DEFAULT,10789,9,0,0,9
DEFAULT,59280,10,1,2,13
DEFAULT,2940,10,2,4,16
DEFAULT,1635,10,1,1,12
DEFAULT,13364,12,1,2,15
,,,,
DEFAULT,24159,13,1,1,15
DEFAULT,230,12,0,1,13
DEFAULT,24161,15,1,1,17
DEFAULT,8944,11,2,3,16
DEFAULT,4061,12,1,4,17
DEFAULT,5470,9,0,2,11
DEFAULT,1922,10,1,2,13
DEFAULT,20760,13,2,1,16
DEFAULT,73622,11,1,3,15
DEFAULT,17139,14,2,2,18
DEFAULT,7314,11,2,2,15
,,,,
DEFAULT,41447,14,2,2,18
DEFAULT,8570,13,1,2,16
,,,,
DEFAULT,1976,6,1,4,11
DEFAULT,574,7,2,1,10
DEFAULT,27465,11,1,2,14
DEFAULT,679,9,0,3,12
DEFAULT,915,8,0,0,8
DEFAULT,51440,11,0,3,14
DEFAULT,35310,12,0,2,14
DEFAULT,8518,13,1,2,16
DEFAULT,9384,15,1,3,19
DEFAULT,9499,12,1,1,14
DEFAULT,1472,3,1,0,4
DEFAULT,39166,13,0,3,16
DEFAULT,666,8,1,4,13
DEFAULT,1637,8,2,2,12
DEFAULT,701,9,0,1,10
DEFAULT,848,9,2,3,14
DEFAULT,88026,12,1,2,15
,,,,
DEFAULT,11873,12,1,2,15
DEFAULT,590,6,0,2,8
DEFAULT,717,5,1,0,6
DEFAULT,732,12,1,3,16
DEFAULT,14262,12,1,2,15
DEFAULT,699,5,0,1,6
DEFAULT,959,10,2,1,13
DEFAULT,9884,13,1,2,16
DEFAULT,44730,13,1,1,15
DEFAULT,12286,13,1,4,18
,,,,
DEFAULT,8588,10,2,2,14
DEFAULT,618,7,1,1,9
DEFAULT,18231,14,0,2,16
DEFAULT,6266,13,2,4,19
DEFAULT,915,10,0,2,12
DEFAULT,4975,12,1,4,17
DEFAULT,713,7,1,2,10
,,,,
DEFAULT,17147,13,1,1,15
DEFAULT,20350,11,1,1,13
DEFAULT,4089,10,1,4,15
DEFAULT,285,4,2,1,7
,,,,
DEFAULT,11437,13,0,2,15
DEFAULT,4523,12,1,1,14
DEFAULT,30257,13,1,1,15
DEFAULT,18386,12,2,3,17
DEFAULT,1552,8,0,3,11
DEFAULT,842,5,1,0,6
DEFAULT,26721,9,1,2,12
DEFAULT,20896,12,0,3,15
DEFAULT,6681,13,2,0,15
DEFAULT,406,4,0,2,6
DEFAULT,667,8,1,2,11
DEFAULT,25329,11,1,3,15
,,,,
,,,,
DEFAULT,25043,11,1,2,14
DEFAULT,30641,11,0,2,13
,,,,
DEFAULT,798,6,2,3,11
DEFAULT,18434,10,1,4,15
DEFAULT,1464,5,1,4,10
DEFAULT,3496,10,1,3,14
DEFAULT,858,6,1,2,9
DEFAULT,365,7,1,2,10
DEFAULT,13870,12,2,3,17
DEFAULT,8520,15,1,2,18
DEFAULT,7685,14,0,2,16
DEFAULT,590,12,0,1,13
DEFAULT,946,9,0,1,10
DEFAULT,4717,14,1,3,18
,,,,
DEFAULT,574,6,0,2,8
DEFAULT,851,6,1,2,9
DEFAULT,7735,14,1,4,19
DEFAULT,173,7,0,1,8
DEFAULT,10334,12,2,2,16
,,,,
,,,,
DEFAULT,823,7,1,1,9
DEFAULT,718,5,1,1,7
DEFAULT,980,2,0,2,4
,,,,
DEFAULT,14369,11,1,1,13
DEFAULT,12623,11,0,3,14
DEFAULT,1937,7,1,1,9
DEFAULT,5278,10,1,3,14
DEFAULT,21504,11,1,1,13
DEFAULT,728,4,1,2,7
DEFAULT,970,10,2,1,13
DEFAULT,6970,12,1,4,17
DEFAULT,13821,10,1,4,15
DEFAULT,16126,10,1,2,13
DEFAULT,12037,11,1,3,15
DEFAULT,1293,2,0,1,3
DEFAULT,18252,12,1,2,15
DEFAULT,9699,12,1,3,16
DEFAULT,32669,13,0,2,15
DEFAULT,19165,15,2,2,19
DEFAULT,48582,11,0,2,13
DEFAULT,1239,8,0,3,11
DEFAULT,881,7,1,4,12
DEFAULT,29377,10,2,2,14
DEFAULT,808,8,2,2,12
DEFAULT,20327,10,1,2,13
DEFAULT,10991,10,1,2,13
DEFAULT,1458,9,1,4,14
DEFAULT,625,13,0,2,15
DEFAULT,10256,11,0,2,13
DEFAULT,73050,14,2,1,17
DEFAULT,1536,2,1,0,3
DEFAULT,906,7,1,2,10
DEFAULT,1053,5,1,1,7
DEFAULT,338,9,0,1,10
DEFAULT,2558,11,0,4,15
DEFAULT,64214,10,1,4,15
DEFAULT,7374,11,1,2,14
DEFAULT,9431,13,1,2,16
DEFAULT,568,11,0,1,12
DEFAULT,168,7,1,2,10
DEFAULT,728,3,0,1,4
DEFAULT,20344,15,2,1,18
DEFAULT,17061,13,1,3,17
DEFAULT,1018,5,0,3,8
,,,,
DEFAULT,844,8,1,2,11
DEFAULT,943,8,2,4,14
DEFAULT,17836,14,1,1,16
DEFAULT,3429,13,1,4,18
,,,,
DEFAULT,7030,11,1,1,13
DEFAULT,230,10,1,2,13
DEFAULT,16426,12,0,1,13
DEFAULT,3788,12,1,4,17
DEFAULT,10534,10,0,3,13
DEFAULT,550,8,1,0,9
,,,,
DEFAULT,222,7,1,1,9
DEFAULT,510,6,1,3,10
DEFAULT,10934,13,1,3,17
DEFAULT,13148,13,1,1,15
DEFAULT,14532,9,1,2,12
DEFAULT,2290,11,2,4,17
,,,,
DEFAULT,23573,9,0,2,11
DEFAULT,7221,11,0,2,13
DEFAULT,16534,14,2,2,18
DEFAULT,962,5,0,2,7
DEFAULT,32454,10,1,3,14
DEFAULT,2977,13,0,4,17
DEFAULT,552,5,0,1,6
DEFAULT,15782,15,0,1,16
DEFAULT,42903,12,0,2,14
,,,,
DEFAULT,32885,13,1,0,14
DEFAULT,16780,10,2,2,14
DEFAULT,575,9,0,2,11
DEFAULT,1126,3,0,1,4
,,,,
,,,,
DEFAULT,95249,12,2,1,15
DEFAULT,1383,9,1,3,13
DEFAULT,12962,10,1,2,13
DEFAULT,47589,16,1,0,17
DEFAULT,11092,14,1,2,17
DEFAULT,558,6,1,2,9
DEFAULT,36921,14,0,2,16
DEFAULT,7664,14,1,1,16
DEFAULT,647,6,0,0,6
,,,,
,,,,
DEFAULT,663,10,1,2,13
DEFAULT,1467,5,1,3,9
DEFAULT,17377,14,1,3,18
DEFAULT,42015,13,1,1,15
,,,,
DEFAULT,12195,12,1,2,15
DEFAULT,29815,13,0,1,14
DEFAULT,12453,11,0,2,13
DEFAULT,49012,13,0,2,15
DEFAULT,754,11,2,2,15
DEFAULT,17180,12,1,2,15
DEFAULT,3520,13,1,4,18
DEFAULT,2113,7,0,2,9
,,,,
,,,,
,,,,
DEFAULT,546,7,0,0,7
DEFAULT,20713,7,1,3,11
DEFAULT,12351,11,0,3,14
DEFAULT,24240,12,0,3,15
DEFAULT,15230,13,0,2,15
,,,,
DEFAULT,332,5,1,1,7
DEFAULT,95119,12,1,1,14
DEFAULT,13549,10,1,1,12
DEFAULT,612,10,2,1,13
DEFAULT,631,6,0,3,9
DEFAULT,26752,11,1,1,13
DEFAULT,3928,7,2,3,12
DEFAULT,513,8,0,4,12
,,,,
DEFAULT,13956,13,1,3,17
DEFAULT,26709,16,0,2,18
DEFAULT,618,5,0,1,6
DEFAULT,24913,15,0,2,17
,,,,
DEFAULT,34849,11,0,4,15
DEFAULT,38963,11,1,1,13
DEFAULT,10580,11,2,0,13
DEFAULT,857,3,1,2,6
DEFAULT,1254,4,2,3,9
DEFAULT,9352,13,0,2,15
,,,,
DEFAULT,15681,14,0,2,16
DEFAULT,41912,11,1,2,14
DEFAULT,31532,10,0,1,11
,,,,
,,,,
DEFAULT,256,5,0,2,7
DEFAULT,999,2,0,3,5
DEFAULT,31174,15,0,2,17
DEFAULT,3775,9,1,2,12
DEFAULT,96700,12,0,2,14
DEFAULT,27934,13,1,2,16
DEFAULT,21344,8,0,2,10
DEFAULT,11898,12,1,3,16
DEFAULT,863,12,1,3,16
DEFAULT,3905,10,1,2,13
DEFAULT,13054,11,2,1,14
DEFAULT,653,9,2,2,13
DEFAULT,627,6,1,2,9
,,,,
DEFAULT,21375,13,1,2,16
DEFAULT,8736,10,1,2,13
,,,,
,,,,
DEFAULT,25674,15,0,1,16
DEFAULT,16999,11,1,3,15
DEFAULT,3568,9,0,2,11
,,,,
DEFAULT,619,10,0,1,11
DEFAULT,567,6,0,2,8
DEFAULT,290,7,1,0,8
DEFAULT,24368,11,0,2,13
DEFAULT,6465,14,0,2,16
DEFAULT,7017,11,2,3,16
DEFAULT,1060,4,1,1,6
DEFAULT,845,10,1,2,13
,,,,
DEFAULT,26063,13,0,2,15
DEFAULT,3815,7,1,4,12
DEFAULT,19308,12,2,2,16
DEFAULT,44547,11,0,1,12
DEFAULT,19696,14,2,2,18
DEFAULT,1251,10,0,4,14
,,,,
DEFAULT,458,6,1,3,10
DEFAULT,20922,9,1,2,12
DEFAULT,30683,12,1,2,15
DEFAULT,8290,11,1,3,15
,,,,
DEFAULT,4373,13,0,4,17
DEFAULT,9940,12,1,1,14
DEFAULT,33847,12,1,1,14
DEFAULT,10056,13,1,2,16
DEFAULT,19092,9,1,3,13
DEFAULT,7704,11,0,2,13
DEFAULT,14246,14,1,2,17
DEFAULT,1305,9,1,2,12
DEFAULT,38787,11,1,3,15
DEFAULT,5688,11,2,2,15
DEFAULT,16593,11,1,2,14
DEFAULT,7903,12,1,3,16
DEFAULT,15332,15,0,1,16
DEFAULT,794,3,2,2,7
DEFAULT,221,6,1,1,8
DEFAULT,19088,10,0,2,12
DEFAULT,615,10,0,2,12
DEFAULT,52252,12,2,2,16
DEFAULT,24867,8,0,1,9
DEFAULT,22786,14,2,2,18
DEFAULT,4650,11,1,4,16
,,,,
DEFAULT,1415,7,2,3,12
DEFAULT,22037,12,1,1,14
,,,,
DEFAULT,35067,11,1,1,13
DEFAULT,1112,4,0,0,4
,,,,
DEFAULT,839,7,2,1,10
DEFAULT,76246,10,0,3,13
DEFAULT,2161,12,0,3,15
DEFAULT,7781,15,2,2,19
DEFAULT,31772,13,1,2,16
DEFAULT,637,10,2,1,13
DEFAULT,245,9,1,2,12
DEFAULT,84742,10,1,4,15
DEFAULT,377,6,1,0,7
,,,,
DEFAULT,1311,11,1,2,14
DEFAULT,1094,3,1,1,5
DEFAULT,833,6,1,1,8
DEFAULT,9059,10,0,2,12
,,,,
,,,,
DEFAULT,21319,12,0,1,13
DEFAULT,31101,11,1,2,14
DEFAULT,732,7,2,1,10
DEFAULT,65764,10,0,2,12
DEFAULT,16324,11,1,1,13
DEFAULT,4626,13,2,2,17
DEFAULT,18181,11,1,3,15
DEFAULT,22869,14,2,2,18
DEFAULT,51022,12,1,2,15
,,,,
DEFAULT,18609,12,1,1,14
DEFAULT,17595,16,2,2,20
DEFAULT,701,7,1,1,9
DEFAULT,3232,14,0,1,15
DEFAULT,4997,9,1,2,12
,,,,
DEFAULT,1064,9,1,0,10
DEFAULT,899,4,0,1,5
DEFAULT,33493,12,2,2,16
DEFAULT,15481,10,2,3,15
DEFAULT,9472,12,1,4,17
DEFAULT,967,3,0,4,7
DEFAULT,983,9,1,4,14
DEFAULT,1026,4,2,1,7
DEFAULT,1867,8,0,2,10
DEFAULT,943,3,1,1,5
DEFAULT,59940,10,1,3,14
DEFAULT,4060,11,1,1,13
DEFAULT,1076,4,1,1,6
DEFAULT,57278,10,1,1,12
,,,,
DEFAULT,6621,11,2,2,15
DEFAULT,3843,11,1,0,12
DEFAULT,419,9,1,2,12
DEFAULT,1994,9,1,3,13
DEFAULT,431,8,2,2,12
DEFAULT,4469,13,2,1,16
DEFAULT,20177,12,2,2,16
DEFAULT,842,7,1,3,11
DEFAULT,40855,10,1,1,12
DEFAULT,37762,13,0,2,15
,,,,
DEFAULT,117,7,1,1,9
,,,,
,,,,
DEFAULT,1207,7,0,3,10
DEFAULT,16577,13,2,2,17
DEFAULT,6545,11,0,3,14
DEFAULT,9143,11,2,3,16
DEFAULT,565,10,0,1,11
DEFAULT,22296,9,1,3,13
DEFAULT,8451,10,2,2,14
DEFAULT,4413,11,1,3,15
DEFAULT,1082,4,0,0,4
DEFAULT,866,5,1,2,8
,,,,
DEFAULT,32233,11,1,1,13
,,,,
DEFAULT,14923,13,2,2,17
DEFAULT,70632,12,1,2,15
DEFAULT,16590,11,2,1,14
DEFAULT,7174,13,0,3,16
DEFAULT,21960,13,0,1,14
DEFAULT,2085,8,2,2,12
DEFAULT,593,8,1,0,9
DEFAULT,27046,13,2,1,16
DEFAULT,7958,9,1,2,12
DEFAULT,1143,7,1,2,10
DEFAULT,2300,10,1,2,13
DEFAULT,60263,12,1,2,15
DEFAULT,4929,12,1,3,16
DEFAULT,21333,12,2,3,17
DEFAULT,238,6,2,2,10
DEFAULT,2107,15,1,1,17
DEFAULT,23239,13,0,2,15
DEFAULT,371,6,1,3,10
DEFAULT,826,5,1,1,7
DEFAULT,4196,14,0,4,18
DEFAULT,302,7,0,2,9
DEFAULT,19718,11,1,3,15
DEFAULT,2120,10,1,3,14
DEFAULT,395,5,2,3,10
DEFAULT,9281,16,0,1,17
DEFAULT,15480,13,0,3,16
DEFAULT,389,3,2,1,6
,,,,
DEFAULT,526,6,1,3,10
DEFAULT,41219,11,1,1,13
DEFAULT,4407,10,1,4,15
DEFAULT,655,4,1,1,6
DEFAULT,1457,7,1,4,12
DEFAULT,2885,10,2,3,15
,,,,
DEFAULT,30896,7,1,1,9
DEFAULT,6690,11,1,1,13
DEFAULT,341,6,1,1,8
DEFAULT,209,6,1,1,8
DEFAULT,20478,10,0,2,12
DEFAULT,6426,13,0,1,14
DEFAULT,7608,11,1,3,15
DEFAULT,1073,5,0,1,6
DEFAULT,6241,11,1,2,14
,,,,
DEFAULT,16310,12,1,3,16
DEFAULT,37144,13,0,2,15
DEFAULT,61345,10,1,4,15
DEFAULT,766,7,2,3,12
DEFAULT,947,11,0,2,13
DEFAULT,1250,2,0,0,2
DEFAULT,619,6,2,2,10
DEFAULT,10602,15,1,3,19
,,,,
DEFAULT,182,9,1,1,11
DEFAULT,822,7,2,4,13
DEFAULT,19865,12,0,2,14
DEFAULT,838,6,0,1,7
DEFAULT,19844,13,1,2,16
DEFAULT,224,7,1,1,9
DEFAULT,10316,12,1,2,15
,,,,
DEFAULT,627,7,0,0,7
DEFAULT,317,9,0,0,9
DEFAULT,650,5,1,3,9
DEFAULT,343,7,0,1,8
,,,,
DEFAULT,2351,10,2,2,14
DEFAULT,4642,13,2,1,16
,,,,
DEFAULT,791,3,2,1,6
DEFAULT,20600,13,1,3,17
DEFAULT,8185,13,0,3,16
DEFAULT,1126,4,1,1,6
DEFAULT,16105,14,2,3,19
DEFAULT,1173,9,1,3,13
DEFAULT,5713,8,0,3,11
DEFAULT,16682,13,0,2,15
DEFAULT,118,7,1,2,10
,,,,
DEFAULT,13262,13,1,1,15
DEFAULT,29173,14,1,2,17
DEFAULT,663,9,2,3,14
DEFAULT,66850,13,0,1,14
,,,,
DEFAULT,3760,11,1,3,15
,,,,
DEFAULT,339,5,1,2,8
DEFAULT,4355,14,0,3,17
,,,,
,,,,
DEFAULT,4259,13,1,3,17
DEFAULT,3419,10,2,3,15
DEFAULT,3161,13,2,2,17
DEFAULT,10151,11,2,1,14
DEFAULT,1094,8,1,1,10
DEFAULT,55676,12,0,2,14
DEFAULT,726,8,0,2,10
DEFAULT,2391,12,1,3,16
DEFAULT,32092,13,1,2,16
DEFAULT,513,8,2,3,13
,,,,
,,,,
DEFAULT,1935,10,2,3,15
DEFAULT,726,7,0,1,8
DEFAULT,30139,12,0,1,13
DEFAULT,877,9,0,0,9
DEFAULT,16403,12,1,3,16
DEFAULT,8763,12,1,2,15
DEFAULT,328,9,1,3,13
DEFAULT,526,7,1,2,10
DEFAULT,4589,14,0,4,18
DEFAULT,1309,10,1,2,13
,,,,
DEFAULT,5955,14,1,2,17
DEFAULT,10701,11,1,3,15
DEFAULT,6321,11,2,1,14
DEFAULT,24109,15,0,1,16
DEFAULT,7648,10,1,3,14
DEFAULT,12156,10,2,3,15
DEFAULT,8898,13,1,1,15
DEFAULT,977,7,0,2,9
DEFAULT,12206,12,1,3,16
DEFAULT,1088,3,0,2,5
,,,,
DEFAULT,17000,12,1,1,14
DEFAULT,13132,12,1,2,15
DEFAULT,182,8,0,1,9
DEFAULT,790,7,0,1,8
DEFAULT,733,3,0,2,5
DEFAULT,407,5,1,0,6
DEFAULT,18644,15,1,1,17
DEFAULT,1187,6,2,2,10
DEFAULT,10642,12,1,2,15
DEFAULT,9271,12,1,2,15
DEFAULT,2026,10,1,2,13
,,,,
DEFAULT,112,9,2,0,11
DEFAULT,661,11,1,2,14
DEFAULT,789,5,0,1,6
DEFAULT,1187,12,2,4,18
DEFAULT,7723,14,1,1,16
DEFAULT,14425,15,2,1,18
DEFAULT,12089,11,2,2,15
DEFAULT,12027,13,1,1,15
DEFAULT,96115,12,0,2,14
DEFAULT,1304,8,1,4,13
DEFAULT,38240,13,0,3,16
DEFAULT,1518,3,0,2,5
DEFAULT,15880,12,1,3,16
DEFAULT,16156,13,0,1,14
DEFAULT,1033,9,1,2,12
DEFAULT,9091,12,0,3,15
DEFAULT,717,8,2,1,11
DEFAULT,1100,6,0,3,9
,,,,
DEFAULT,59948,16,0,1,17
,,,,
DEFAULT,15651,14,2,1,17
DEFAULT,1272,3,0,1,4
DEFAULT,1714,3,1,0,4
DEFAULT,4123,13,0,2,15
DEFAULT,16535,12,1,3,16
DEFAULT,194,10,1,1,12
DEFAULT,6707,13,0,3,16
DEFAULT,9873,11,0,3,14
DEFAULT,488,10,1,1,12
DEFAULT,42982,10,1,2,13
DEFAULT,885,8,0,2,10
DEFAULT,698,8,0,1,9
DEFAULT,3405,6,1,4,11
DEFAULT,662,8,0,1,9
DEFAULT,935,5,1,1,7
DEFAULT,19164,14,1,2,17
,,,,
DEFAULT,17622,11,2,2,15
,,,,
DEFAULT,3323,10,1,4,15
DEFAULT,650,6,0,2,8
,,,,
DEFAULT,1121,6,1,4,11
DEFAULT,28727,14,1,2,17
DEFAULT,15336,9,0,1,10
DEFAULT,9299,9,2,2,13
DEFAULT,11031,11,1,2,14
DEFAULT,13459,12,1,3,16
DEFAULT,57174,14,1,4,19
DEFAULT,12106,14,2,1,17
,,,,
DEFAULT,11653,11,0,3,14
DEFAULT,17399,13,1,2,16
DEFAULT,28286,14,1,2,17
DEFAULT,10753,15,0,3,18
DEFAULT,68518,11,1,1,13
DEFAULT,6321,10,1,3,14
DEFAULT,527,7,1,1,9
DEFAULT,4075,9,1,2,12
DEFAULT,3425,13,1,3,17
DEFAULT,5221,13,2,3,18
DEFAULT,4399,10,1,2,13
DEFAULT,57631,12,1,2,15
DEFAULT,20660,11,1,3,15
DEFAULT,49046,14,1,0,15
DEFAULT,6591,12,2,2,16
,,,,
DEFAULT,1238,10,0,4,14
DEFAULT,315,6,1,3,10
,,,,
DEFAULT,16881,12,2,3,17
DEFAULT,24802,13,2,1,16
DEFAULT,29038,10,2,0,12
DEFAULT,672,4,0,0,4
DEFAULT,2191,6,0,4,10
DEFAULT,33821,11,2,3,16
DEFAULT,15011,14,1,3,18
,,,,
,,,,
DEFAULT,17855,13,0,3,16
,,,,
DEFAULT,366,10,0,2,12
DEFAULT,24881,14,1,2,17
DEFAULT,30858,11,0,2,13
DEFAULT,769,8,1,2,11
DEFAULT,1396,6,2,1,9
DEFAULT,18060,14,1,2,17
,,,,
DEFAULT,18089,11,0,3,14
DEFAULT,4900,11,1,4,16
DEFAULT,2441,8,1,3,12
,,,,
DEFAULT,2641,6,1,4,11
DEFAULT,3061,10,0,4,14
DEFAULT,1126,6,2,3,11
DEFAULT,6801,13,1,2,16
DEFAULT,23703,10,1,2,13
DEFAULT,945,9,2,4,15
DEFAULT,14203,13,1,2,16
DEFAULT,12096,11,1,2,14
DEFAULT,515,4,1,1,6
DEFAULT,1473,8,1,3,12
DEFAULT,3155,11,0,3,14
DEFAULT,726,8,1,4,13
DEFAULT,13936,12,1,1,14
DEFAULT,417,8,1,1,10
DEFAULT,12697,10,1,3,14
DEFAULT,1377,4,0,0,4
DEFAULT,7642,9,1,2,12
DEFAULT,975,3,1,3,7
DEFAULT,847,7,0,1,8
DEFAULT,43177,10,1,2,13
DEFAULT,23970,12,1,3,16
DEFAULT,379,5,0,2,7
DEFAULT,30638,13,0,3,16
DEFAULT,765,6,1,3,10
DEFAULT,1413,11,0,3,14
,,,,
DEFAULT,30937,12,2,0,14
DEFAULT,79229,15,1,1,17
DEFAULT,1489,4,1,0,5
DEFAULT,8275,12,1,1,14
DEFAULT,17588,13,0,2,15
DEFAULT,606,5,0,1,6
DEFAULT,602,4,0,2,6
DEFAULT,32473,13,2,1,16
DEFAULT,540,5,0,2,7
,,,,
DEFAULT,32618,12,1,2,15
DEFAULT,714,8,1,1,10
DEFAULT,994,6,1,3,10
DEFAULT,24759,11,2,1,14
DEFAULT,5580,14,2,3,19
DEFAULT,10125,10,1,2,13
DEFAULT,1332,4,0,1,5
DEFAULT,456,8,1,2,11
,,,,
DEFAULT,22641,13,0,3,16
DEFAULT,1412,5,1,2,8
,,,,
DEFAULT,1167,11,0,3,14
DEFAULT,77760,11,1,3,15
DEFAULT,1502,9,1,3,13
DEFAULT,4726,9,2,3,14
DEFAULT,6197,14,0,1,15
DEFAULT,441,8,0,2,10
DEFAULT,11754,12,2,3,17
DEFAULT,17433,12,1,2,15
DEFAULT,15583,10,0,1,11
DEFAULT,320,8,2,3,13
DEFAULT,1054,4,2,0,6
DEFAULT,892,2,1,2,5
DEFAULT,6998,12,2,2,16
DEFAULT,25814,12,2,3,17
DEFAULT,10601,12,0,2,14
DEFAULT,2037,6,1,4,11
DEFAULT,12941,12,1,2,15
DEFAULT,16528,13,1,1,15
DEFAULT,9125,13,1,4,18
,,,,
DEFAULT,34436,13,0,1,14
,,,,
DEFAULT,1796,11,0,1,12
DEFAULT,367,6,1,3,10
,,,,
DEFAULT,6210,10,2,4,16
DEFAULT,14446,9,2,1,12
,,,,
DEFAULT,31705,12,2,1,15
DEFAULT,4022,10,1,4,15
,,,,
DEFAULT,19517,15,0,1,16
DEFAULT,14041,12,0,1,13
DEFAULT,9252,14,0,1,15
DEFAULT,19256,10,0,2,12
,,,,
DEFAULT,487,11,0,0,11
DEFAULT,1726,8,0,4,12
DEFAULT,24487,13,2,2,17
DEFAULT,21803,12,0,2,14
DEFAULT,3116,8,1,3,12
DEFAULT,38873,12,0,2,14
DEFAULT,818,8,1,2,11
DEFAULT,24879,13,1,3,17
DEFAULT,880,5,1,3,9
DEFAULT,2,6,1,2,9
DEFAULT,7402,9,0,2,11
,,,,
DEFAULT,19825,12,0,3,15
DEFAULT,26813,15,1,2,18
DEFAULT,26492,13,0,2,15
DEFAULT,22031,13,1,1,15
DEFAULT,1324,10,2,0,12
DEFAULT,947,11,0,1,12
DEFAULT,1668,3,0,0,3
DEFAULT,867,9,1,2,12
DEFAULT,8216,13,2,1,16
DEFAULT,1083,6,0,0,6
DEFAULT,33057,12,1,1,14
DEFAULT,5331,10,1,2,13
DEFAULT,613,10,0,2,12
DEFAULT,10383,16,1,3,20
DEFAULT,504,7,1,0,8
DEFAULT,1082,9,2,4,15
,,,,
DEFAULT,724,8,1,4,13
DEFAULT,722,8,0,1,9
DEFAULT,30610,11,1,1,13
,,,,
,,,,
DEFAULT,9384,13,2,3,18
DEFAULT,685,7,1,4,12
DEFAULT,19251,12,0,2,14
DEFAULT,11677,13,1,3,17
,,,,
DEFAULT,579,11,0,0,11
DEFAULT,186,7,1,4,12
DEFAULT,5743,11,0,2,13
DEFAULT,26942,7,1,1,9
DEFAULT,6198,12,2,2,16
DEFAULT,2793,9,1,4,14
DEFAULT,6654,14,1,3,18
DEFAULT,8844,11,2,3,16
DEFAULT,1107,6,1,3,10
,,,,
DEFAULT,18645,10,1,2,13
DEFAULT,1323,4,1,3,8
DEFAULT,39212,11,0,1,12
DEFAULT,29409,11,1,1,13
DEFAULT,8781,12,2,3,17
DEFAULT,1268,3,2,0,5
DEFAULT,18703,10,1,2,13
DEFAULT,29951,15,0,1,16
,,,,
DEFAULT,3389,12,2,3,17
DEFAULT,1171,9,0,3,12
DEFAULT,9807,13,1,1,15
DEFAULT,10371,12,2,3,17
DEFAULT,4586,13,0,2,15
DEFAULT,1858,11,2,3,16
DEFAULT,5536,13,0,3,16
DEFAULT,12934,11,1,1,13
DEFAULT,284,9,0,1,10
DEFAULT,2698,11,2,3,16
DEFAULT,1840,7,1,2,10
DEFAULT,25413,11,1,2,14
DEFAULT,2548,12,1,4,17
DEFAULT,18739,10,1,2,13
DEFAULT,19945,12,1,3,16
DEFAULT,1546,6,1,4,11
DEFAULT,426,7,0,3,10
DEFAULT,4656,9,2,1,12
DEFAULT,6082,12,0,2,14
,,,,
DEFAULT,18193,13,0,1,14
DEFAULT,27691,14,2,2,18
DEFAULT,11776,12,1,2,15
DEFAULT,16389,12,1,2,15
DEFAULT,1324,3,0,4,7
DEFAULT,724,6,0,4,10
DEFAULT,31110,11,0,3,14
DEFAULT,1050,11,2,2,15
DEFAULT,917,10,0,3,13
DEFAULT,53681,13,0,3,16
,,,,
DEFAULT,11079,15,2,2,19
,,,,
DEFAULT,1156,4,1,0,5
DEFAULT,831,6,1,1,8
DEFAULT,33115,11,0,3,14
DEFAULT,10646,10,0,2,12
DEFAULT,193,10,0,1,11
DEFAULT,11879,9,0,1,10
DEFAULT,1338,6,2,2,10
DEFAULT,12907,16,1,2,19
DEFAULT,626,7,2,2,11
,,,,
,,,,
DEFAULT,733,9,0,1,10
DEFAULT,12827,11,0,3,14
DEFAULT,6037,8,0,3,11
DEFAULT,10195,12,2,2,16
DEFAULT,487,7,1,2,10
DEFAULT,13183,12,1,4,17
DEFAULT,18457,12,0,3,15
DEFAULT,4989,10,1,1,12
DEFAULT,10845,13,0,1,14
,,,,
DEFAULT,335,11,2,1,14
DEFAULT,1366,1,0,4,5
DEFAULT,5732,12,2,4,18
DEFAULT,8229,10,1,2,13
DEFAULT,2555,7,1,1,9
DEFAULT,22129,14,1,3,18
DEFAULT,6083,13,0,2,15
DEFAULT,20700,11,1,1,13
,,,,
,,,,
DEFAULT,18447,14,0,1,15
DEFAULT,12686,12,1,2,15
,,,,
DEFAULT,5027,13,1,2,16
DEFAULT,1238,6,1,1,8
DEFAULT,4629,9,1,4,14
DEFAULT,821,6,1,1,8
DEFAULT,726,7,0,0,7
DEFAULT,2337,10,0,4,14
DEFAULT,584,5,0,2,7
DEFAULT,25274,13,1,3,17
,,,,
DEFAULT,12799,14,0,1,15
DEFAULT,707,5,0,2,7
DEFAULT,1471,8,0,4,12
DEFAULT,1559,3,0,1,4
DEFAULT,21435,12,2,3,17
DEFAULT,38118,12,1,1,14
DEFAULT,250,7,0,1,8
DEFAULT,32711,12,1,3,16
DEFAULT,1690,5,0,1,6
DEFAULT,1113,8,0,4,12
DEFAULT,11060,8,1,0,9
DEFAULT,478,10,0,2,12
DEFAULT,863,7,0,2,9
,,,,
DEFAULT,681,8,1,0,9
DEFAULT,656,6,1,0,7
,,,,
DEFAULT,12626,15,0,3,18
,,,,
DEFAULT,760,6,1,2,9
DEFAULT,292,9,1,1,11
DEFAULT,5203,11,2,2,15
DEFAULT,10870,15,1,1,17
,,,,
DEFAULT,16361,13,2,2,17
DEFAULT,799,10,0,2,12
,,,,
DEFAULT,1657,12,1,2,15
DEFAULT,16154,9,0,2,11
DEFAULT,10572,13,1,3,17
,,,,
DEFAULT,6100,13,2,3,18
DEFAULT,14309,15,0,3,18
DEFAULT,346,9,1,1,11
DEFAULT,2535,7,0,3,10
DEFAULT,62,10,1,0,11
,,,,
DEFAULT,11491,12,1,2,15
DEFAULT,49399,11,1,2,14
DEFAULT,5107,12,1,1,14
DEFAULT,19655,12,1,1,14
DEFAULT,53284,13,0,2,15
DEFAULT,38890,15,2,1,18
DEFAULT,757,4,0,2,6
DEFAULT,10695,16,0,0,16
DEFAULT,30036,10,2,2,14
DEFAULT,19630,17,1,0,18
,,,,
DEFAULT,24165,10,1,2,13
DEFAULT,3890,13,0,2,15
DEFAULT,25755,12,1,0,13
DEFAULT,40094,16,1,2,19
DEFAULT,179,7,1,0,8
DEFAULT,1518,4,2,0,6
DEFAULT,418,6,1,4,11
DEFAULT,3667,10,1,3,14
DEFAULT,13136,14,2,2,18
DEFAULT,8047,11,2,2,15
DEFAULT,3152,11,2,1,14
DEFAULT,6163,11,0,2,13
,,,,
DEFAULT,598,4,1,0,5
,,,,
DEFAULT,622,8,1,1,10
DEFAULT,126,11,0,0,11
DEFAULT,25843,10,1,1,12
DEFAULT,13338,12,1,3,16
DEFAULT,21829,11,0,1,12
DEFAULT,49915,11,1,2,14
DEFAULT,47202,12,0,2,14
DEFAULT,836,4,0,3,7
DEFAULT,8043,14,0,3,17
DEFAULT,17964,12,1,2,15
,,,,
DEFAULT,27049,11,0,0,11
,,,,
DEFAULT,5250,13,0,4,17
DEFAULT,12071,14,1,0,15
DEFAULT,1258,7,0,4,11
DEFAULT,33386,13,0,1,14
DEFAULT,22329,13,1,2,16
DEFAULT,1754,8,2,4,14
DEFAULT,2719,12,1,4,17
DEFAULT,15985,16,1,3,20
DEFAULT,11000,14,0,1,15
DEFAULT,7276,13,1,2,16
DEFAULT,10980,10,1,2,13
DEFAULT,1126,4,1,3,8
DEFAULT,381,5,2,4,11
DEFAULT,783,8,2,3,13
,,,,
DEFAULT,966,3,1,1,5
DEFAULT,56022,13,1,2,16
,,,,
DEFAULT,15401,12,1,2,15
DEFAULT,3045,9,1,4,14
DEFAULT,1230,4,0,0,4
DEFAULT,18051,12,0,3,15
DEFAULT,1394,7,2,3,12
DEFAULT,993,4,1,3,8
DEFAULT,13825,11,1,2,14
DEFAULT,5426,10,1,3,14
DEFAULT,11553,11,2,2,15
DEFAULT,5856,14,2,2,18
DEFAULT,1129,4,1,2,7
DEFAULT,7640,10,2,4,16
DEFAULT,1822,8,1,2,11
,,,,
DEFAULT,25868,12,2,2,16
DEFAULT,23697,11,1,2,14
DEFAULT,2676,4,0,4,8
DEFAULT,3330,13,0,2,15
DEFAULT,270,9,1,0,10
DEFAULT,1214,7,0,3,10
DEFAULT,34055,11,2,2,15
DEFAULT,16783,10,1,2,13
DEFAULT,998,9,2,2,13
DEFAULT,6069,10,1,4,15
,,,,
DEFAULT,42760,11,1,1,13
DEFAULT,45153,12,2,0,14
DEFAULT,1165,11,1,2,14
DEFAULT,11681,10,2,4,16
DEFAULT,1511,7,2,3,12
DEFAULT,925,2,0,1,3
DEFAULT,868,6,1,2,9
DEFAULT,724,9,1,4,14
DEFAULT,9867,13,1,1,15
,,,,
,,,,
DEFAULT,769,7,0,0,7
DEFAULT,10450,9,1,1,11
DEFAULT,27523,12,1,2,15
DEFAULT,29482,13,1,1,15
DEFAULT,29827,8,1,1,10
DEFAULT,25436,11,0,2,13
DEFAULT,800,7,2,3,12
,,,,
DEFAULT,5008,8,1,1,10
,,,,
DEFAULT,28261,9,1,1,11
DEFAULT,4956,12,1,2,15
DEFAULT,17913,11,2,1,14
DEFAULT,858,6,1,3,10
DEFAULT,17750,11,1,0,12
DEFAULT,28611,14,1,2,17
,,,,
DEFAULT,14743,12,2,2,16
,,,,
DEFAULT,9113,11,1,3,15
DEFAULT,1202,5,0,1,6
DEFAULT,9049,11,2,2,15
DEFAULT,51045,12,1,1,14
DEFAULT,32501,13,0,1,14
,,,,
DEFAULT,12381,12,1,2,15
DEFAULT,710,3,1,0,4
,,,,
DEFAULT,1169,9,1,3,13
DEFAULT,16808,15,0,1,16
DEFAULT,270,6,0,3,9
DEFAULT,3629,12,0,2,14
DEFAULT,698,5,1,3,9
DEFAULT,28204,11,1,1,13
DEFAULT,42376,10,2,1,13
,,,,
DEFAULT,7637,13,0,4,17
DEFAULT,1004,4,0,2,6
DEFAULT,18156,14,1,3,18
DEFAULT,908,5,1,1,7
DEFAULT,12282,12,1,2,15
DEFAULT,1803,11,1,2,14
DEFAULT,4129,10,2,4,16
DEFAULT,46672,10,1,2,13
DEFAULT,570,8,1,2,11
DEFAULT,9533,11,1,2,14
DEFAULT,1527,11,1,4,16
DEFAULT,6927,12,2,3,17
DEFAULT,128,6,0,1,7
DEFAULT,6247,11,1,4,16
DEFAULT,5616,9,1,4,14
DEFAULT,1215,4,1,4,9
DEFAULT,21081,9,0,3,12
,,,,
DEFAULT,319,4,1,1,6
DEFAULT,793,5,0,1,6
DEFAULT,669,6,1,4,11
,,,,
DEFAULT,480,5,0,1,6
DEFAULT,1204,6,0,3,9
DEFAULT,23431,14,1,1,16
DEFAULT,25104,10,1,3,14
DEFAULT,1588,5,2,1,8
,,,,
DEFAULT,15076,14,1,3,18
DEFAULT,15579,14,0,2,16
DEFAULT,1721,6,2,0,8
DEFAULT,12963,13,2,2,17
DEFAULT,11090,11,2,1,14
DEFAULT,84,8,0,2,10
DEFAULT,363,5,0,0,5
DEFAULT,3994,10,0,4,14
DEFAULT,15569,8,2,2,12
DEFAULT,1264,10,1,1,12
DEFAULT,10554,17,1,3,21
DEFAULT,14682,11,0,2,13
DEFAULT,1273,2,0,3,5
DEFAULT,3953,8,0,4,12
,,,,
DEFAULT,585,11,1,2,14
DEFAULT,28367,10,0,3,13
DEFAULT,12399,13,1,3,17
DEFAULT,3479,11,1,2,14
DEFAULT,419,6,0,2,8
,,,,
DEFAULT,17576,13,0,3,16
,,,,
DEFAULT,548,4,0,2,6
DEFAULT,2960,11,1,2,14
DEFAULT,951,4,1,2,7
DEFAULT,8414,13,0,4,17
DEFAULT,12030,15,1,3,19
DEFAULT,1243,5,1,1,7
DEFAULT,1023,9,1,3,13
DEFAULT,704,4,1,3,8
DEFAULT,2196,9,0,3,12
DEFAULT,239,10,0,1,11
DEFAULT,22360,13,0,2,15
DEFAULT,1427,6,0,2,8
DEFAULT,10201,14,1,3,18
DEFAULT,5244,11,1,3,15
DEFAULT,245,8,0,0,8
DEFAULT,8303,13,1,2,16
DEFAULT,546,11,0,3,14
DEFAULT,701,7,1,1,9
,,,,
DEFAULT,16934,13,2,1,16
DEFAULT,4205,12,0,1,13
DEFAULT,784,5,2,1,8
,,,,
DEFAULT,21699,13,0,3,16
DEFAULT,7480,14,0,1,15
DEFAULT,6418,10,0,2,12
DEFAULT,11799,13,0,1,14
,,,,
DEFAULT,25835,12,0,3,15
DEFAULT,648,9,2,0,11
DEFAULT,211,10,1,2,13
DEFAULT,78986,10,1,1,12
DEFAULT,5799,12,1,3,16
DEFAULT,9680,10,0,2,12
DEFAULT,21749,10,2,1,13
DEFAULT,2056,9,1,2,12
,,,,
,,,,
DEFAULT,13378,14,2,3,19
DEFAULT,15810,10,1,2,13
DEFAULT,12883,11,2,3,16
DEFAULT,1090,5,1,2,8
DEFAULT,1909,11,2,1,14
DEFAULT,21486,13,1,2,16
DEFAULT,465,4,1,1,6
DEFAULT,20846,12,1,0,13
DEFAULT,10757,11,0,1,12
DEFAULT,21038,15,0,1,16
DEFAULT,1528,10,1,1,12
DEFAULT,8194,11,1,3,15
DEFAULT,4824,10,1,4,15
DEFAULT,9843,10,1,3,14
DEFAULT,18585,12,1,0,13
DEFAULT,86,11,0,1,12
DEFAULT,24557,12,0,3,15
DEFAULT,1846,5,1,3,9
DEFAULT,1340,5,0,2,7
DEFAULT,8502,13,0,2,15
,,,,
DEFAULT,20571,11,1,2,14
DEFAULT,985,7,0,3,10
DEFAULT,1213,6,2,2,10
DEFAULT,4918,14,1,2,17
DEFAULT,126,7,1,2,10
DEFAULT,1013,8,0,3,11
DEFAULT,284,7,1,1,9
DEFAULT,18807,11,0,1,12
DEFAULT,10374,10,0,2,12
DEFAULT,23187,13,2,2,17
,,,,
DEFAULT,5722,12,1,2,15
DEFAULT,404,7,1,2,10
DEFAULT,589,6,0,2,8
DEFAULT,17096,12,0,2,14
DEFAULT,9367,13,0,2,15
,,,,
DEFAULT,6671,12,0,3,15
DEFAULT,1020,5,1,2,8
DEFAULT,28203,14,1,1,16
DEFAULT,14276,17,1,1,19
DEFAULT,8645,13,0,3,16
DEFAULT,23170,11,2,2,15
DEFAULT,91772,10,0,1,11
,,,,
DEFAULT,556,2,1,1,4
DEFAULT,676,5,0,3,8
DEFAULT,844,5,1,1,7
DEFAULT,11066,11,2,2,15
DEFAULT,402,12,1,2,15
DEFAULT,2436,9,0,4,13
DEFAULT,23993,9,1,2,12
,,,,
DEFAULT,13256,14,0,3,17
DEFAULT,15952,14,1,2,17
DEFAULT,6423,10,1,3,14
DEFAULT,492,11,0,1,12
DEFAULT,15405,12,1,1,14
DEFAULT,8095,11,1,3,15
DEFAULT,31036,11,2,2,15
DEFAULT,12751,12,2,2,16
DEFAULT,292,5,0,1,6
DEFAULT,1213,11,2,2,15
DEFAULT,7909,11,1,2,14
,,,,
DEFAULT,4902,14,1,3,18
DEFAULT,14804,13,2,2,17
DEFAULT,28861,14,0,2,16
DEFAULT,32318,9,1,1,11
,,,,
DEFAULT,18767,14,1,1,16
DEFAULT,21761,14,1,1,16
,,,,
DEFAULT,482,9,0,2,11
DEFAULT,307,8,0,0,8
DEFAULT,220,6,2,0,8
DEFAULT,4858,9,2,2,13
DEFAULT,17477,13,0,2,15
DEFAULT,17667,9,0,2,11
DEFAULT,321,10,1,3,14
DEFAULT,1052,5,1,1,7
,,,,
DEFAULT,310,5,1,2,8
DEFAULT,73373,12,1,2,15
DEFAULT,935,6,1,2,9
DEFAULT,15179,9,2,3,14
DEFAULT,2221,7,0,2,9
,,,,
DEFAULT,59003,10,0,2,12
DEFAULT,844,5,1,1,7
DEFAULT,1532,3,1,1,5
,,,,
DEFAULT,7504,13,1,3,17
DEFAULT,1151,5,1,2,8
,,,,
DEFAULT,21271,12,1,2,15
DEFAULT,5144,12,1,4,17
DEFAULT,10038,11,1,2,14
DEFAULT,740,4,0,0,4
DEFAULT,696,3,1,3,7
DEFAULT,9700,14,0,1,15
DEFAULT,211,6,0,3,9
DEFAULT,1465,8,0,4,12
DEFAULT,901,7,0,3,10
DEFAULT,25046,13,2,1,16
DEFAULT,1784,8,1,4,13
DEFAULT,1165,3,1,0,4
DEFAULT,432,8,1,0,9
DEFAULT,8642,15,2,1,18
DEFAULT,1284,6,2,3,11
DEFAULT,11612,14,1,2,17
,,,,
,,,,
,,,,
DEFAULT,884,5,0,0,5
DEFAULT,1511,5,0,1,6
DEFAULT,26160,12,0,2,14
DEFAULT,11764,16,1,2,19
DEFAULT,1118,6,0,2,8
DEFAULT,4778,8,1,4,13
DEFAULT,771,7,1,2,10
DEFAULT,950,14,1,1,16
DEFAULT,548,9,1,3,13
DEFAULT,8520,12,0,4,16
DEFAULT,10334,10,1,3,14
DEFAULT,1062,4,0,4,8
DEFAULT,9224,12,1,3,16
,,,,
DEFAULT,260,6,1,1,8
DEFAULT,12668,12,2,1,15
DEFAULT,777,9,1,2,12
DEFAULT,8716,14,1,2,17
DEFAULT,1476,6,1,4,11
DEFAULT,1081,5,1,1,7
DEFAULT,712,2,1,2,5
DEFAULT,202,5,0,3,8
DEFAULT,379,11,0,1,12
DEFAULT,3677,9,2,4,15
DEFAULT,604,8,2,0,10
DEFAULT,28556,13,0,1,14
DEFAULT,638,9,1,0,10
DEFAULT,22252,9,0,2,11
DEFAULT,16506,9,1,1,11
DEFAULT,252,10,0,0,10
DEFAULT,1015,11,2,3,16
DEFAULT,316,7,1,0,8
DEFAULT,2633,8,1,2,11
DEFAULT,2307,9,1,4,14
DEFAULT,1739,8,2,3,13
,,,,
DEFAULT,8751,12,1,2,15
DEFAULT,1184,6,0,2,8
DEFAULT,1757,8,0,4,12
DEFAULT,17482,14,2,2,18
DEFAULT,14329,15,0,1,16
DEFAULT,1176,5,0,0,5
DEFAULT,16636,15,2,2,19
DEFAULT,1673,9,2,3,14
DEFAULT,13890,14,1,2,17
DEFAULT,481,6,1,3,10
DEFAULT,9131,14,1,2,17
DEFAULT,10703,12,1,1,14
DEFAULT,38167,13,0,1,14
DEFAULT,7082,16,1,3,20
DEFAULT,2201,8,0,4,12
,,,,
,,,,
DEFAULT,14767,12,0,1,13
,,,,
DEFAULT,547,9,1,3,13
DEFAULT,2901,7,1,2,10
DEFAULT,6491,13,0,3,16
DEFAULT,898,7,1,1,9
DEFAULT,3870,13,1,3,17
DEFAULT,8241,12,1,3,16
DEFAULT,582,5,1,1,7
DEFAULT,6873,15,1,3,19
DEFAULT,18738,12,1,1,14
DEFAULT,1751,10,1,3,14
DEFAULT,412,4,1,2,7
DEFAULT,2489,13,2,3,18
DEFAULT,875,9,2,3,14
DEFAULT,27222,13,1,3,17
DEFAULT,35571,11,2,2,15
DEFAULT,7410,12,2,3,17
DEFAULT,16149,10,1,1,12
DEFAULT,1058,8,2,1,11
DEFAULT,2740,9,2,1,12
DEFAULT,544,3,2,2,7
DEFAULT,11857,13,1,1,15
DEFAULT,4562,11,2,1,14
DEFAULT,16037,14,0,2,16
DEFAULT,709,7,1,0,8
DEFAULT,31883,13,1,2,16
DEFAULT,734,6,0,0,6
DEFAULT,460,7,1,2,10
DEFAULT,1021,6,1,4,11
DEFAULT,13375,10,2,2,14
DEFAULT,780,4,0,2,6
DEFAULT,14405,11,2,3,16
DEFAULT,1319,5,0,4,9
DEFAULT,27225,11,1,3,15
DEFAULT,13252,11,1,3,15
DEFAULT,15823,13,2,1,16
DEFAULT,5157,13,0,1,14
DEFAULT,3430,13,2,2,17
DEFAULT,759,10,0,1,11
DEFAULT,9645,16,2,2,20
DEFAULT,1797,10,1,3,14
DEFAULT,15458,13,0,2,15
DEFAULT,277,8,1,1,10
DEFAULT,49169,9,1,2,12
DEFAULT,19496,12,1,1,14
DEFAULT,840,4,0,3,7
DEFAULT,5428,13,1,2,16
DEFAULT,15013,15,2,2,19
DEFAULT,11008,10,2,1,13
DEFAULT,1021,5,0,1,6
DEFAULT,14537,14,2,2,18
DEFAULT,7119,13,2,3,18
DEFAULT,76040,13,2,1,16
DEFAULT,642,4,0,4,8
DEFAULT,561,6,1,2,9
,,,,
DEFAULT,1081,6,1,1,8
DEFAULT,13349,13,1,1,15
DEFAULT,6794,12,1,1,14
DEFAULT,16705,12,2,1,15
DEFAULT,2059,13,0,2,15
DEFAULT,28967,11,1,2,14
,,,,
DEFAULT,31814,12,1,2,15
DEFAULT,488,8,0,0,8
DEFAULT,20122,12,2,2,16
DEFAULT,2699,14,0,2,16
DEFAULT,3585,13,1,2,16
,,,,
DEFAULT,8250,12,1,3,16
DEFAULT,1107,7,2,3,12
,,,,
DEFAULT,34914,14,2,2,18
DEFAULT,5984,12,0,3,15
DEFAULT,24454,12,0,2,14
DEFAULT,4420,11,2,2,15
DEFAULT,587,8,0,2,10
DEFAULT,8663,13,1,0,14
DEFAULT,2113,12,0,1,13
DEFAULT,3880,11,1,2,14
DEFAULT,765,9,1,2,12
DEFAULT,11166,15,1,3,19
,,,,
DEFAULT,864,9,1,2,12
DEFAULT,715,7,1,1,9
DEFAULT,14046,13,1,3,17
,,,,
DEFAULT,64281,9,0,1,10
,,,,
DEFAULT,36980,10,1,2,13
,,,,
,,,,
DEFAULT,6223,12,2,2,16
,,,,
DEFAULT,1174,5,0,1,6
DEFAULT,21182,10,2,1,13
DEFAULT,12470,13,2,1,16
DEFAULT,5284,13,1,1,15
DEFAULT,11575,13,2,2,17
DEFAULT,638,7,0,1,8
DEFAULT,6958,9,2,4,15
DEFAULT,23402,15,1,2,18
DEFAULT,7386,12,1,4,17
DEFAULT,1067,6,0,2,8
DEFAULT,633,7,1,1,9
,,,,
DEFAULT,836,7,1,0,8
DEFAULT,12080,11,2,3,16
DEFAULT,15047,16,1,2,19
DEFAULT,54488,11,1,1,13
DEFAULT,31986,14,2,0,16
DEFAULT,1160,5,1,4,10
DEFAULT,1400,2,1,2,5
DEFAULT,23616,13,2,3,18
DEFAULT,14937,8,1,2,11
DEFAULT,17168,15,2,3,20
DEFAULT,1039,9,1,2,12
DEFAULT,9105,10,0,3,13
DEFAULT,200,8,1,1,10
DEFAULT,3099,11,0,2,13
DEFAULT,8101,7,0,1,8
,,,,
DEFAULT,946,6,0,4,10
DEFAULT,839,4,0,2,6
DEFAULT,1307,12,0,4,16
DEFAULT,8145,10,0,1,11
DEFAULT,21646,12,0,1,13
DEFAULT,632,11,0,3,14
DEFAULT,875,5,1,3,9
DEFAULT,15258,12,2,3,17
DEFAULT,1362,2,1,2,5
DEFAULT,903,8,0,2,10
DEFAULT,63,9,1,3,13
DEFAULT,505,5,0,2,7
,,,,
DEFAULT,1950,9,1,1,11
DEFAULT,14482,10,2,1,13
,,,,
DEFAULT,3789,10,1,1,12
DEFAULT,25909,13,2,2,17
DEFAULT,18330,15,1,4,20
,,,,
DEFAULT,335,5,1,2,8
DEFAULT,6498,11,1,3,15
DEFAULT,5459,12,1,1,14
DEFAULT,18275,10,1,3,14
DEFAULT,1097,7,0,2,9
DEFAULT,1184,2,0,1,3
DEFAULT,18894,14,1,2,17
DEFAULT,220,7,0,0,7
DEFAULT,790,6,0,0,6
DEFAULT,10960,15,0,2,17
DEFAULT,10808,11,2,3,16
DEFAULT,1236,6,0,1,7
DEFAULT,2190,8,1,2,11
DEFAULT,1114,2,0,1,3
DEFAULT,863,8,1,3,12
DEFAULT,736,4,0,3,7
DEFAULT,4563,12,1,3,16
DEFAULT,645,7,0,0,7
DEFAULT,1214,11,2,3,16
DEFAULT,5800,11,2,3,16
DEFAULT,354,5,1,1,7
,,,,
DEFAULT,5282,12,2,3,17
DEFAULT,16598,12,0,3,15
DEFAULT,8567,14,1,2,17
DEFAULT,10572,8,0,2,10
DEFAULT,4566,10,1,1,12
DEFAULT,1062,12,1,3,16
DEFAULT,6466,14,1,1,16
DEFAULT,846,9,1,4,14
,,,,
,,,,
,,,,
DEFAULT,11985,14,1,2,17
,,,,
DEFAULT,4488,14,1,2,17
DEFAULT,3579,12,2,1,15
DEFAULT,4552,12,0,1,13
,,,,
DEFAULT,885,8,0,2,10
DEFAULT,35,7,0,0,7
DEFAULT,124,7,0,3,10
DEFAULT,5706,16,0,3,19
DEFAULT,1623,10,2,3,15
DEFAULT,24051,11,0,1,12
DEFAULT,3897,9,1,4,14
DEFAULT,22085,12,1,2,15
DEFAULT,25343,13,1,2,16
DEFAULT,11153,14,1,2,17
DEFAULT,18723,12,1,0,13
DEFAULT,645,8,2,2,12
DEFAULT,9263,9,1,3,13
DEFAULT,5943,13,0,2,15
DEFAULT,23938,12,2,2,16
,,,,
,,,,
DEFAULT,46410,11,1,1,13
DEFAULT,10143,13,0,2,15
,,,,
DEFAULT,22558,13,0,2,15
DEFAULT,10456,14,2,2,18
DEFAULT,1621,10,2,2,14
,,,,
,,,,
DEFAULT,43,7,0,1,8
DEFAULT,37813,10,2,1,13
,,,,
DEFAULT,325,12,1,3,16
DEFAULT,1164,9,0,1,10
DEFAULT,12773,12,2,3,17
DEFAULT,24709,15,0,2,17
DEFAULT,8101,15,1,1,17
DEFAULT,1176,5,2,3,10
DEFAULT,26252,11,1,3,15
DEFAULT,13514,11,1,3,15
DEFAULT,10211,12,1,2,15
DEFAULT,8789,10,2,3,15
DEFAULT,1698,8,1,3,12
DEFAULT,1424,9,1,3,13
DEFAULT,11200,13,0,1,14
DEFAULT,931,8,0,1,9
DEFAULT,1273,11,0,3,14
,,,,
DEFAULT,2147,12,1,3,16
DEFAULT,1171,3,0,0,3
DEFAULT,34973,8,1,2,11
DEFAULT,1150,6,1,1,8
DEFAULT,1511,9,2,3,14
DEFAULT,54525,12,1,3,16
DEFAULT,13306,8,0,3,11
DEFAULT,1897,11,1,4,16
DEFAULT,981,8,1,2,11
DEFAULT,9903,12,1,3,16
DEFAULT,834,5,1,2,8
DEFAULT,38853,13,1,3,17
DEFAULT,29487,13,1,0,14
DEFAULT,1144,10,2,3,15
DEFAULT,1285,10,0,2,12
DEFAULT,884,6,2,0,8
DEFAULT,983,3,1,0,4
DEFAULT,17879,12,1,2,15
DEFAULT,975,5,0,2,7
DEFAULT,16849,11,0,3,14
,,,,
DEFAULT,5387,9,0,1,10
DEFAULT,17361,11,1,4,16
DEFAULT,30441,11,1,3,15
DEFAULT,1273,13,1,1,15
DEFAULT,5620,9,1,2,12
,,,,
,,,,
DEFAULT,806,4,0,0,4
DEFAULT,9064,9,0,3,12
,,,,
DEFAULT,842,12,1,2,15
DEFAULT,700,6,0,0,6
DEFAULT,4946,13,0,4,17
DEFAULT,21315,12,0,2,14
DEFAULT,10593,13,0,3,16
DEFAULT,8364,8,2,2,12
DEFAULT,9597,13,1,2,16
DEFAULT,353,6,1,1,8
,,,,
,,,,
DEFAULT,21006,10,0,3,13
,,,,
DEFAULT,9285,14,1,3,18
DEFAULT,218,9,0,0,9
DEFAULT,1454,2,1,3,6
DEFAULT,2322,10,2,4,16
DEFAULT,26357,10,0,2,12
DEFAULT,407,5,1,1,7
DEFAULT,786,11,1,1,13
DEFAULT,2668,8,1,1,10
DEFAULT,7627,14,2,1,17
DEFAULT,544,4,2,1,7
DEFAULT,34281,14,1,3,18
DEFAULT,6228,10,2,3,15
,,,,
DEFAULT,701,10,1,2,13
DEFAULT,502,9,0,3,12
DEFAULT,9289,15,2,1,18
DEFAULT,13007,14,1,3,18
DEFAULT,19514,15,2,2,19
DEFAULT,9322,9,2,1,12
DEFAULT,12341,13,0,3,16
DEFAULT,152,8,0,2,10
DEFAULT,19899,10,1,2,13
DEFAULT,13500,9,1,3,13
DEFAULT,10779,12,1,1,14
DEFAULT,817,5,2,1,8
DEFAULT,14078,10,1,1,12
DEFAULT,572,4,0,2,6
DEFAULT,1090,6,1,0,7
DEFAULT,13487,11,1,1,13
DEFAULT,942,6,0,0,6
DEFAULT,5698,9,1,2,12
,,,,
DEFAULT,668,11,1,4,16
DEFAULT,24950,13,1,1,15
DEFAULT,11988,10,1,2,13
DEFAULT,19360,10,2,2,14
DEFAULT,32753,12,2,2,16
DEFAULT,15032,12,2,1,15
DEFAULT,41359,11,1,1,13
DEFAULT,10367,17,0,1,18
DEFAULT,4134,15,2,2,19
DEFAULT,905,10,1,3,14
DEFAULT,21289,12,0,0,12
DEFAULT,838,6,1,1,8
DEFAULT,7218,12,0,2,14
DEFAULT,1208,8,0,4,12
DEFAULT,11451,15,0,2,17
DEFAULT,1036,3,1,1,5
DEFAULT,1108,5,1,3,9
DEFAULT,1742,7,0,1,8
,,,,
DEFAULT,6345,14,1,3,18
DEFAULT,777,5,0,3,8
DEFAULT,1163,11,2,2,15
DEFAULT,2551,14,0,1,15
DEFAULT,1980,12,1,4,17
,,,,
DEFAULT,1334,7,2,3,12
DEFAULT,751,10,1,1,12
DEFAULT,9246,12,1,2,15
DEFAULT,875,3,2,3,8
DEFAULT,734,3,0,2,5
DEFAULT,11327,12,1,3,16
DEFAULT,964,5,2,1,8
,,,,
DEFAULT,976,8,1,1,10
DEFAULT,16036,11,1,3,15
DEFAULT,1700,13,1,4,18
DEFAULT,17055,10,2,1,13
DEFAULT,558,5,0,1,6
DEFAULT,8913,9,0,3,12
DEFAULT,7777,14,1,3,18
DEFAULT,434,9,0,1,10
DEFAULT,47291,13,1,3,17
DEFAULT,3669,10,2,2,14
DEFAULT,22467,14,2,2,18
DEFAULT,63281,12,0,2,14
DEFAULT,349,8,1,0,9
DEFAULT,30477,15,0,3,18
DEFAULT,9762,13,2,1,16
DEFAULT,587,9,0,0,9
DEFAULT,19879,12,1,1,14
DEFAULT,4376,11,2,2,15
DEFAULT,33788,15,1,2,18
DEFAULT,8614,11,2,2,15
,,,,
DEFAULT,441,7,2,3,12
,,,,
DEFAULT,11967,12,1,1,14
DEFAULT,3047,13,0,3,16
DEFAULT,524,7,0,2,9
DEFAULT,93249,11,1,2,14
DEFAULT,22479,13,1,1,15
DEFAULT,24356,12,0,3,15
DEFAULT,4907,12,1,3,16
DEFAULT,10778,15,2,2,19
DEFAULT,490,6,0,3,9
DEFAULT,392,9,2,3,14
DEFAULT,12845,10,1,1,12
DEFAULT,9700,15,1,2,18
DEFAULT,12682,13,1,2,16
,,,,
DEFAULT,10152,18,2,2,22
DEFAULT,54955,12,1,0,13
DEFAULT,170,6,0,1,7
DEFAULT,717,6,1,1,8
DEFAULT,1090,6,1,2,9
DEFAULT,15024,13,2,2,17
DEFAULT,10469,15,1,2,18
DEFAULT,2130,5,0,3,8
DEFAULT,30898,14,1,1,16
DEFAULT,1067,1,0,2,3
DEFAULT,9239,10,0,1,11
DEFAULT,3698,14,2,3,19
,,,,
DEFAULT,1583,2,0,0,2
DEFAULT,24908,12,1,2,15
,,,,
DEFAULT,3396,12,0,2,14
DEFAULT,651,5,0,0,5
DEFAULT,1568,8,2,3,13
DEFAULT,5177,9,2,2,13
DEFAULT,13852,11,1,2,14
DEFAULT,81028,10,1,1,12
DEFAULT,6827,12,0,3,15
DEFAULT,26858,11,1,1,13
DEFAULT,7352,14,1,2,17
DEFAULT,1029,2,1,3,6
,,,,
DEFAULT,7263,13,1,4,18
DEFAULT,1186,8,0,3,11
DEFAULT,1351,5,1,4,10
,,,,
DEFAULT,1227,5,2,2,9
DEFAULT,28017,11,2,3,16
DEFAULT,233,6,2,2,10
DEFAULT,1585,10,2,3,15
DEFAULT,14647,12,1,1,14
DEFAULT,205,7,1,1,9
DEFAULT,38685,11,0,1,12
DEFAULT,7054,14,1,2,17
DEFAULT,13131,11,1,3,15
DEFAULT,17367,12,1,3,16
DEFAULT,10557,14,1,3,18
DEFAULT,14531,11,1,1,13
DEFAULT,2140,10,1,4,15
,,,,
DEFAULT,1410,2,2,0,4
DEFAULT,540,3,2,2,7
DEFAULT,24502,11,1,2,14
DEFAULT,48345,12,2,3,17
DEFAULT,8646,12,1,2,15
DEFAULT,495,7,1,2,10
DEFAULT,9543,13,1,0,14
DEFAULT,34821,11,1,3,15
DEFAULT,9967,10,2,2,14
DEFAULT,11343,14,2,2,18
DEFAULT,255,11,1,1,13
DEFAULT,895,7,0,1,8
DEFAULT,12427,10,2,1,13
DEFAULT,873,8,1,3,12
DEFAULT,22868,12,1,3,16
DEFAULT,10888,13,0,4,17
DEFAULT,6498,13,2,4,19
DEFAULT,38207,13,1,1,15
DEFAULT,281,9,1,2,12
DEFAULT,23244,14,0,2,16
DEFAULT,167,8,1,2,11
DEFAULT,13638,10,2,2,14
DEFAULT,751,5,2,1,8
,,,,
DEFAULT,5562,8,2,2,12
DEFAULT,21459,11,0,3,14
DEFAULT,566,6,1,2,9
DEFAULT,834,6,1,0,7
DEFAULT,55975,15,1,2,18
DEFAULT,2551,10,0,4,14
,,,,
,,,,
DEFAULT,1323,9,1,1,11
DEFAULT,2323,10,1,4,15
DEFAULT,1305,11,1,3,15
DEFAULT,232,11,1,2,14
DEFAULT,6119,10,1,2,13
DEFAULT,664,5,0,2,7
DEFAULT,19776,13,1,3,17
,,,,
DEFAULT,1322,9,1,3,13
DEFAULT,280,3,2,3,8
DEFAULT,7652,16,0,3,19
DEFAULT,455,7,1,3,11
,,,,
DEFAULT,1256,4,0,4,8
DEFAULT,194,9,1,1,11
,,,,
DEFAULT,20393,12,2,2,16
DEFAULT,8190,14,2,2,18
DEFAULT,24149,11,0,2,13
DEFAULT,32972,13,1,2,16
,,,,
DEFAULT,11630,14,2,3,19
DEFAULT,1482,10,1,4,15
DEFAULT,23338,12,2,2,16
DEFAULT,1163,7,1,1,9
DEFAULT,11987,12,0,2,14
DEFAULT,764,7,1,4,12
,,,,
DEFAULT,2575,10,0,4,14
DEFAULT,4916,11,1,4,16
DEFAULT,889,10,1,2,13
DEFAULT,514,8,1,1,10
DEFAULT,6766,13,1,3,17
,,,,
DEFAULT,690,10,1,2,13
DEFAULT,20690,14,1,1,16
DEFAULT,64,5,0,1,6
DEFAULT,7690,9,1,2,12
,,,,
DEFAULT,1915,14,2,1,17
DEFAULT,789,8,2,1,11
DEFAULT,31145,13,1,3,17
DEFAULT,73072,8,2,3,13
,,,,
DEFAULT,244,8,0,1,9
DEFAULT,308,8,0,2,10
DEFAULT,4796,12,2,3,17
,,,,
DEFAULT,9379,14,2,2,18
DEFAULT,31252,11,0,3,14
DEFAULT,632,8,0,0,8
DEFAULT,1377,5,0,1,6
DEFAULT,12272,10,2,0,12
DEFAULT,14865,13,1,2,16
DEFAULT,13858,13,1,3,17
DEFAULT,632,7,0,3,10
,,,,
DEFAULT,10426,14,1,3,18
DEFAULT,917,11,2,1,14
DEFAULT,779,5,0,3,8
DEFAULT,12259,13,2,2,17
,,,,
DEFAULT,425,5,0,1,6
DEFAULT,1094,5,0,0,5
DEFAULT,20996,13,0,2,15
DEFAULT,777,7,0,2,9
DEFAULT,5818,11,1,3,15
DEFAULT,4663,11,1,4,16
,,,,
,,,,
DEFAULT,8381,11,1,2,14
,,,,
DEFAULT,126,6,2,1,9
DEFAULT,20629,14,0,0,14
DEFAULT,2444,11,2,3,16
DEFAULT,17119,9,0,3,12
DEFAULT,14941,10,1,3,14
DEFAULT,414,10,1,2,13
DEFAULT,14253,14,2,3,19
DEFAULT,1073,7,0,1,8
DEFAULT,604,6,1,3,10
DEFAULT,38591,12,2,0,14
DEFAULT,746,12,0,1,13
,,,,
,,,,
DEFAULT,2007,12,0,3,15
DEFAULT,1334,5,1,1,7
DEFAULT,368,7,2,1,10
DEFAULT,5248,18,2,3,23
DEFAULT,29649,11,1,2,14
DEFAULT,463,10,0,2,12
DEFAULT,350,6,2,2,10
DEFAULT,2000,3,1,0,4
,,,,
DEFAULT,773,4,1,2,7
,,,,
DEFAULT,9540,11,2,3,16
DEFAULT,913,10,1,1,12
DEFAULT,7991,11,0,1,12
DEFAULT,10964,9,0,2,11
DEFAULT,55532,12,1,3,16
DEFAULT,9182,9,0,1,10
DEFAULT,17813,13,0,1,14
DEFAULT,45661,12,1,2,15
DEFAULT,20946,11,0,1,12
DEFAULT,1547,10,2,4,16
DEFAULT,445,8,1,1,10
DEFAULT,7143,10,0,3,13
DEFAULT,14197,11,1,1,13
DEFAULT,592,4,1,1,6
DEFAULT,893,7,2,1,10
DEFAULT,142,5,2,3,10
DEFAULT,644,7,2,0,9
DEFAULT,746,9,1,0,10
DEFAULT,14935,11,1,2,14
DEFAULT,27857,14,1,2,17
DEFAULT,1447,9,1,3,13
DEFAULT,6293,12,1,2,15
DEFAULT,5987,11,2,1,14
DEFAULT,9863,11,1,3,15
DEFAULT,727,6,1,4,11
DEFAULT,10126,13,1,3,17
DEFAULT,22360,13,2,2,17
,,,,
DEFAULT,14455,11,1,2,14
DEFAULT,963,8,0,4,12
DEFAULT,9185,13,0,1,14
DEFAULT,281,9,0,2,11
DEFAULT,906,5,1,2,8
DEFAULT,8408,13,1,2,16
,,,,
,,,,
DEFAULT,802,8,1,1,10
DEFAULT,893,11,1,2,14
DEFAULT,972,3,1,3,7
DEFAULT,410,10,2,0,12
DEFAULT,1056,6,0,0,6
DEFAULT,889,8,1,2,11
DEFAULT,17054,9,1,1,11
DEFAULT,15411,10,1,1,12
DEFAULT,4268,11,1,3,15
,,,,
,,,,
DEFAULT,21627,15,1,1,17
,,,,
DEFAULT,27774,14,1,1,16
DEFAULT,13117,13,2,1,16
DEFAULT,2189,9,1,1,11
DEFAULT,26189,13,1,2,16
DEFAULT,7334,12,0,2,14
,,,,
DEFAULT,28471,9,2,1,12
DEFAULT,9818,16,0,2,18
DEFAULT,450,10,0,1,11
DEFAULT,12950,14,1,1,16
DEFAULT,11715,12,1,3,16
DEFAULT,991,4,0,0,4
DEFAULT,220,8,0,3,11
,,,,
DEFAULT,273,6,0,1,7
DEFAULT,27393,10,0,2,12
,,,,
,,,,
DEFAULT,524,7,0,1,8
DEFAULT,241,6,0,1,7
DEFAULT,12913,13,1,2,16
DEFAULT,1175,5,1,4,10
DEFAULT,47730,11,1,1,13
DEFAULT,1828,12,0,4,16
DEFAULT,9851,6,1,4,11
DEFAULT,19656,11,0,2,13
DEFAULT,12588,15,0,4,19
DEFAULT,22450,13,0,2,15
DEFAULT,5163,13,2,3,18
,,,,
DEFAULT,85,7,1,0,8
DEFAULT,11433,12,1,3,16
DEFAULT,2259,11,1,3,15
DEFAULT,4228,11,2,1,14
DEFAULT,27119,15,1,1,17
DEFAULT,71203,11,0,2,13
DEFAULT,18747,12,1,1,14
DEFAULT,10247,13,1,2,16
DEFAULT,13363,12,2,1,15
,,,,
DEFAULT,17478,12,1,1,14
DEFAULT,15992,10,1,2,13
DEFAULT,9277,11,2,3,16
DEFAULT,4233,14,1,2,17
,,,,
DEFAULT,7937,12,1,1,14
DEFAULT,22967,11,1,2,14
DEFAULT,932,8,0,4,12
DEFAULT,44699,12,2,1,15
,,,,
,,,,
DEFAULT,35174,12,0,1,13
DEFAULT,762,7,1,3,11
DEFAULT,4077,9,1,4,14
DEFAULT,14766,12,0,3,15
DEFAULT,44247,11,2,1,14
DEFAULT,24746,13,0,3,16
DEFAULT,4582,10,1,3,14
DEFAULT,336,7,1,1,9
