strategy,money,countries,utilities,stations,totalLandsOwned
STINGY,1456,6,1,2,9
GREEDY,16434,13,2,2,17
GREEDY,2337,17,2,2,21
STINGY,1090,6,0,0,6
GREEDY,1640,12,1,3,16
GREEDY,1910,16,1,2,19
GREEDY,2096,17,0,4,21
GREEDY,9014,14,2,4,20
STINGY,1669,3,1,0,4
GREEDY,5896,18,2,3,23
GREEDY,878,17,2,3,22
GREEDY,5063,18,1,3,22
GREEDY,6569,15,1,3,19
GREEDY,2509,16,1,2,19
STINGY,1243,3,1,3,7
GREEDY,8473,14,2,1,17
GREEDY,2993,13,1,3,17
GREEDY,4866,17,2,2,21
STINGY,1327,4,0,1,5
GREEDY,1738,16,2,2,20
STINGY,1579,4,0,0,4
GREEDY,6700,15,2,3,20
STINGY,1219,4,0,0,4
GREEDY,3175,17,1,3,21
STINGY,1729,6,0,0,6
GREEDY,5469,14,2,3,19
GREEDY,3488,15,2,4,21
STINGY,857,6,0,1,7
GREEDY,4442,17,2,3,22
GREEDY,3022,17,2,3,22
GREEDY,3726,16,1,3,20
GREEDY,2885,14,1,3,18
GREEDY,6633,14,1,4,19
GREEDY,1515,8,0,4,12
STINGY,1769,3,0,1,4
STINGY,907,3,0,0,3
GREEDY,6265,14,2,2,18
STINGY,1154,4,0,0,4
GREEDY,13659,16,1,3,20
GREEDY,6513,15,1,3,19
STINGY,1896,0,0,0,0
GREEDY,3965,14,2,3,19
STINGY,2310,0,0,1,1
GREEDY,3254,12,2,3,17
GREEDY,2797,19,2,4,25
STINGY,1555,1,0,0,1
GREEDY,5950,18,1,3,22
STINGY,1630,3,0,1,4
GREEDY,16341,12,2,2,16
GREEDY,2087,15,1,4,20
GREEDY,5461,16,2,1,19
STINGY,1430,3,0,0,3
STINGY,1881,3,0,0,3
GREEDY,1092,16,2,4,22
GREEDY,2196,17,2,3,22
GREEDY,2593,18,2,4,24
STINGY,880,6,0,2,8
STINGY,1432,6,1,3,10
STINGY,1110,5,0,0,5
GREEDY,2395,14,2,3,19
GREEDY,2311,11,2,3,16
STINGY,1583,2,0,0,2
GREEDY,2137,15,1,4,20
GREEDY,5972,18,2,2,22
GREEDY,1106,19,0,3,22
GREEDY,5931,15,2,3,20
GREEDY,2353,17,2,4,23
GREEDY,1581,16,0,4,20
STINGY,1447,4,0,0,4
GREEDY,931,16,2,2,20
STINGY,856,4,2,1,7
GREEDY,4971,16,2,4,22
GREEDY,3966,11,2,4,17
GREEDY,3264,16,2,1,19
STINGY,1718,1,0,0,1
STINGY,1513,1,0,0,1
GREEDY,4349,13,2,4,19
GREEDY,3263,16,2,4,22
STINGY,1225,1,0,0,1
STINGY,436,5,0,2,7
STINGY,874,6,0,1,7
GREEDY,2121,17,2,4,23
GREEDY,5433,17,2,3,22
GREEDY,3689,15,2,4,21
GREEDY,484,13,1,4,18
GREEDY,4112,17,2,3,22
STINGY,1923,3,0,1,4
GREEDY,2144,16,2,3,21
STINGY,1808,2,1,0,3
GREEDY,2130,17,2,3,22
GREEDY,4001,17,1,3,21
GREEDY,3051,17,1,3,21
STINGY,1832,3,0,0,3
GREEDY,3330,18,1,3,22
GREEDY,3314,16,1,2,19
STINGY,1905,3,1,0,4
GREEDY,2865,18,2,1,21
STINGY,1430,0,0,1,1
GREEDY,4418,18,1,3,22
STINGY,1473,1,1,0,2
STINGY,1725,0,0,1,1
STINGY,1796,2,0,0,2
GREEDY,5552,20,1,3,24
STINGY,1854,3,1,0,4
STINGY,83445,9,0,3,12
STINGY,1318,2,0,0,2
GREEDY,3804,18,2,3,23
GREEDY,1845,15,0,3,18
STINGY,1719,2,0,1,3
GREEDY,1743,16,2,1,19
STINGY,1493,2,1,1,4
GREEDY,4026,15,1,3,19
GREEDY,2346,14,2,2,18
STINGY,1260,3,0,2,5
STINGY,1589,1,0,0,1
GREEDY,3361,16,1,3,20
STINGY,1557,4,0,0,4
STINGY,1885,2,0,2,4
GREEDY,2600,16,1,3,20
STINGY,1695,4,0,1,5
GREEDY,5136,17,1,4,22
GREEDY,4298,15,1,4,20
STINGY,1419,2,0,1,3
GREEDY,4352,16,2,3,21
GREEDY,4125,17,1,1,19
GREEDY,3329,14,1,4,19
GREEDY,2238,14,2,2,18
STINGY,1776,4,0,0,4
STINGY,1235,3,0,0,3
STINGY,1928,3,0,3,6
GREEDY,3600,18,1,3,22
GREEDY,681,13,1,4,18
GREEDY,3536,17,1,1,19
STINGY,1608,3,1,1,5
GREEDY,769,8,2,4,14
GREEDY,3502,16,2,3,21
STINGY,1745,0,0,0,0
STINGY,1362,4,1,0,5
STINGY,1194,4,0,2,6
STINGY,2276,1,0,1,2
STINGY,1556,4,2,1,7
GREEDY,21925,13,2,3,18
GREEDY,3948,15,0,3,18
GREEDY,4975,17,2,4,23
GREEDY,5142,17,2,3,22
GREEDY,2816,12,1,4,17
STINGY,1468,3,0,2,5
STINGY,1788,4,0,0,4
GREEDY,4189,19,2,3,24
GREEDY,1164,17,1,4,22
GREEDY,6625,16,2,2,20
STINGY,1870,0,0,0,0
GREEDY,2609,20,2,3,25
GREEDY,1937,16,2,3,21
GREEDY,4105,15,1,4,20
GREEDY,6669,15,2,1,18
GREEDY,1456,14,2,4,20
GREEDY,4636,15,2,2,19
GREEDY,6113,16,1,3,20
GREEDY,2020,15,0,2,17
STINGY,1176,2,1,1,4
STINGY,1741,3,0,1,4
STINGY,1249,2,0,1,3
GREEDY,1085,19,2,4,25
GREEDY,4746,14,2,4,20
GREEDY,4547,18,2,2,22
GREEDY,16213,16,2,3,21
STINGY,1241,5,0,0,5
GREEDY,2339,16,0,4,20
GREEDY,2919,15,0,3,18
STINGY,3153,1,0,1,2
STINGY,1427,3,2,1,6
STINGY,1678,1,0,0,1
STINGY,2561,5,0,1,6
GREEDY,6371,16,2,3,21
GREEDY,5466,16,2,4,22
STINGY,814,4,1,0,5
GREEDY,5087,15,1,3,19
STINGY,996,5,1,1,7
GREEDY,4728,17,2,2,21
STINGY,1541,2,0,1,3
GREEDY,2923,16,2,3,21
STINGY,1228,1,1,0,2
STINGY,1114,0,1,1,2
GREEDY,7185,14,2,2,18
GREEDY,2078,18,2,4,24
GREEDY,1095,14,0,4,18
STINGY,1401,1,0,1,2
STINGY,1257,5,0,0,5
STINGY,1947,2,0,0,2
GREEDY,3474,14,2,3,19
STINGY,1217,5,0,0,5
GREEDY,4672,18,1,4,23
GREEDY,1959,15,1,4,20
STINGY,1090,5,1,0,6
GREEDY,3134,14,2,4,20
GREEDY,3044,14,1,4,19
GREEDY,1479,14,0,2,16
STINGY,2134,1,0,1,2
STINGY,1803,6,0,0,6
GREEDY,1176,13,1,1,15
GREEDY,3092,15,2,3,20
GREEDY,5156,14,2,4,20
STINGY,2566,3,0,2,5
GREEDY,3909,16,0,3,19
GREEDY,5712,14,1,3,18
STINGY,616,4,1,0,5
STINGY,1246,1,0,1,2
GREEDY,5685,12,1,4,17
GREEDY,1571,14,1,3,18
GREEDY,7272,14,2,3,19
STINGY,1822,6,0,2,8
STINGY,1087,5,0,0,5
STINGY,1513,6,0,2,8
STINGY,801,3,1,0,4
GREEDY,2503,18,2,3,23
GREEDY,2989,15,2,2,19
STINGY,1162,2,0,1,3
STINGY,2284,1,0,1,2
GREEDY,2219,16,1,4,21
GREEDY,5153,19,1,2,22
GREEDY,3757,16,2,3,21
GREEDY,2989,18,1,4,23
GREEDY,7017,16,1,4,21
GREEDY,2495,16,0,2,18
GREEDY,2565,18,2,4,24
STINGY,2273,1,0,2,3
GREEDY,5085,18,2,3,23
GREEDY,18484,14,1,3,18
GREEDY,7840,15,2,3,20
STINGY,1615,1,0,0,1
GREEDY,4207,18,1,3,22
GREEDY,1190,18,2,2,22
STINGY,1034,3,1,0,4
GREEDY,2161,17,2,4,23
STINGY,1676,3,0,0,3
STINGY,1542,2,0,1,3
GREEDY,1067,14,1,4,19
STINGY,2235,0,0,0,0
STINGY,1486,2,0,2,4
STINGY,1840,4,0,0,4
STINGY,1661,4,0,1,5
STINGY,1281,1,1,0,2
GREEDY,8557,15,2,3,20
GREEDY,2921,16,2,3,21
STINGY,979,4,0,1,5
STINGY,1180,3,0,0,3
STINGY,1556,4,0,1,5
STINGY,1605,1,1,1,3
STINGY,1112,3,0,0,3
GREEDY,2930,12,2,4,18
GREEDY,1790,15,1,4,20
STINGY,1932,2,1,1,4
GREEDY,5961,18,2,2,22
STINGY,1744,1,0,1,2
GREEDY,5068,16,1,4,21
STINGY,1658,5,1,1,7
GREEDY,2783,13,1,4,18
STINGY,1372,1,0,1,2
STINGY,1964,1,0,0,1
GREEDY,4117,16,2,2,20
STINGY,1684,1,0,0,1
STINGY,1372,0,0,0,0
GREEDY,6027,15,2,2,19
STINGY,1562,5,0,2,7
STINGY,2406,4,0,0,4
GREEDY,3663,15,1,4,20
GREEDY,3889,18,2,4,24
GREEDY,2141,14,2,4,20
GREEDY,2696,13,2,3,18
GREEDY,2665,16,2,4,22
STINGY,1790,1,0,1,2
GREEDY,3020,16,1,3,20
STINGY,1907,1,0,0,1
STINGY,1099,3,0,2,5
STINGY,1722,0,0,0,0
GREEDY,2946,14,2,4,20
GREEDY,2812,16,2,3,21
STINGY,1486,1,1,0,2
STINGY,929,2,0,2,4
GREEDY,2485,17,2,3,22
STINGY,973,6,0,1,7
STINGY,1072,4,0,0,4
GREEDY,1163,14,1,3,18
GREEDY,1232,14,2,4,20
STINGY,1978,2,0,1,3
GREEDY,6167,16,2,3,21
STINGY,1303,2,0,1,3
GREEDY,1394,17,2,3,22
GREEDY,1421,18,2,1,21
GREEDY,1500,19,2,3,24
GREEDY,1968,16,1,3,20
STINGY,1344,3,0,0,3
GREEDY,7648,17,2,3,22
GREEDY,11074,13,2,4,19
GREEDY,2137,17,2,4,23
GREEDY,684,15,1,3,19
STINGY,1509,4,0,1,5
GREEDY,3962,15,2,3,20
GREEDY,2500,15,2,3,20
GREEDY,1977,15,1,3,19
GREEDY,3650,15,1,3,19
STINGY,1511,6,1,2,9
STINGY,2049,1,0,0,1
STINGY,1597,3,0,0,3
GREEDY,6593,15,2,4,21
GREEDY,1557,14,1,4,19
STINGY,3262,4,0,4,8
GREEDY,2209,14,0,4,18
GREEDY,4043,16,2,3,21
GREEDY,4465,16,2,3,21
STINGY,1891,1,1,1,3
STINGY,1798,1,0,0,1
STINGY,1272,2,0,0,2
GREEDY,9244,13,2,2,17
GREEDY,2374,17,2,4,23
STINGY,1414,3,0,2,5
GREEDY,4063,15,1,2,18
STINGY,1248,4,1,0,5
GREEDY,912,15,2,1,18
GREEDY,6314,16,2,2,20
STINGY,1964,5,0,1,6
STINGY,1326,1,0,0,1
GREEDY,1804,16,2,3,21
STINGY,1464,3,0,0,3
GREEDY,5313,15,2,4,21
GREEDY,231,17,1,2,20
GREEDY,2358,19,2,2,23
GREEDY,2003,11,2,4,17
GREEDY,1224,14,2,4,20
STINGY,1363,1,0,0,1
GREEDY,2953,17,2,3,22
STINGY,1130,5,0,2,7
GREEDY,3303,16,2,4,22
STINGY,1114,3,0,0,3
STINGY,1356,1,1,1,3
GREEDY,3302,16,2,3,21
GREEDY,3012,16,1,3,20
STINGY,1342,3,0,3,6
GREEDY,1084,11,1,4,16
STINGY,1258,5,0,2,7
STINGY,1382,1,0,0,1
STINGY,1430,2,0,1,3
GREEDY,3556,17,2,3,22
GREEDY,2893,16,2,4,22
STINGY,1204,4,0,0,4
GREEDY,4482,18,2,3,23
GREEDY,4023,18,2,3,23
GREEDY,3592,15,2,3,20
GREEDY,2584,14,2,4,20
GREEDY,4457,15,1,3,19
GREEDY,7815,16,2,3,21
STINGY,1573,3,0,1,4
GREEDY,4181,16,2,3,21
GREEDY,5439,15,1,3,19
GREEDY,4313,16,2,3,21
GREEDY,3491,14,2,4,20
GREEDY,9409,12,1,4,17
GREEDY,1659,14,2,4,20
GREEDY,6653,17,2,1,20
GREEDY,2766,19,1,4,24
STINGY,1605,3,0,0,3
STINGY,1899,2,0,1,3
STINGY,1924,3,0,2,5
GREEDY,2073,19,0,2,21
GREEDY,2189,16,1,4,21
STINGY,1551,3,1,0,4
GREEDY,5316,17,2,3,22
STINGY,2194,4,0,1,5
GREEDY,2063,13,1,2,16
STINGY,2351,1,0,0,1
GREEDY,4238,16,1,4,21
GREEDY,8178,17,2,2,21
GREEDY,3647,18,2,3,23
GREEDY,4263,16,1,3,20
STINGY,1995,2,1,0,3
STINGY,1630,1,1,0,2
STINGY,1449,7,1,3,11
GREEDY,2308,17,2,2,21
GREEDY,5494,13,2,3,18
STINGY,1599,2,1,1,4
GREEDY,3033,15,2,3,20
STINGY,685,3,0,0,3
GREEDY,2767,16,1,3,20
GREEDY,11063,15,2,4,21
STINGY,1370,2,0,0,2
STINGY,1218,5,0,2,7
STINGY,1810,3,0,1,4
STINGY,1921,2,0,1,3
STINGY,1482,4,0,0,4
STINGY,1600,6,1,0,7
GREEDY,6117,15,0,3,18
GREEDY,3337,19,1,2,22
STINGY,1882,2,1,1,4
GREEDY,3583,17,1,3,21
GREEDY,15605,15,1,2,18
GREEDY,4229,19,2,4,25
GREEDY,1159,15,1,3,19
STINGY,1338,4,0,0,4
STINGY,1540,2,0,0,2
STINGY,1305,7,0,0,7
STINGY,1855,2,0,1,3
STINGY,2070,2,0,1,3
GREEDY,844,13,0,2,15
STINGY,2006,2,0,1,3
STINGY,2180,5,1,0,6
STINGY,1202,1,1,1,3
GREEDY,3653,15,1,3,19
STINGY,1473,3,0,2,5
STINGY,1040,5,0,1,6
GREEDY,1242,11,0,4,15
STINGY,1331,1,1,1,3
GREEDY,4739,13,2,3,18
GREEDY,2751,15,2,4,21
GREEDY,1734,16,0,3,19
GREEDY,2834,17,2,4,23
STINGY,1020,6,0,2,8
GREEDY,2616,16,1,4,21
STINGY,50,5,1,0,6
STINGY,1882,2,0,0,2
STINGY,1862,1,0,0,1
GREEDY,2954,15,2,4,21
GREEDY,4445,19,0,3,22
GREEDY,1198,15,1,4,20
GREEDY,1245,18,1,4,23
GREEDY,5641,18,2,3,23
STINGY,2290,2,0,3,5
STINGY,1507,1,1,0,2
GREEDY,10626,16,2,3,21
GREEDY,3220,15,1,4,20
GREEDY,7698,12,2,3,17
STINGY,1067,5,1,3,9
GREEDY,1767,13,1,4,18
STINGY,1877,2,0,0,2
GREEDY,1563,10,2,4,16
STINGY,2413,3,0,1,4
GREEDY,2636,18,1,4,23
GREEDY,3244,19,2,3,24
GREEDY,2446,17,2,3,22
STINGY,1334,2,0,2,4
GREEDY,8042,14,2,3,19
STINGY,1372,4,0,1,5
STINGY,1674,1,2,0,3
STINGY,755,5,0,0,5
GREEDY,3220,21,2,1,24
STINGY,705,5,0,0,5
STINGY,1886,4,0,0,4
GREEDY,10239,16,2,2,20
STINGY,2046,5,1,1,7
GREEDY,1220,18,2,3,23
STINGY,1642,0,0,0,0
GREEDY,3735,15,2,3,20
STINGY,1272,5,0,1,6
GREEDY,1379,15,2,4,21
GREEDY,4155,18,1,3,22
GREEDY,1998,14,0,4,18
GREEDY,2228,17,2,4,23
GREEDY,1596,10,2,4,16
STINGY,1774,1,1,1,3
GREEDY,3304,16,1,3,20
GREEDY,2048,16,2,4,22
GREEDY,2295,16,1,3,20
GREEDY,5001,14,1,4,19
GREEDY,1596,17,1,3,21
STINGY,2785,2,1,2,5
GREEDY,1729,14,0,3,17
GREEDY,7389,16,2,4,22
GREEDY,8849,14,1,3,18
GREEDY,717,18,2,2,22
GREEDY,4056,17,2,3,22
GREEDY,3776,18,1,2,21
GREEDY,1915,19,1,4,24
STINGY,1434,3,0,1,4
GREEDY,5944,17,2,3,22
GREEDY,6100,17,2,3,22
GREEDY,1485,13,1,4,18
GREEDY,4989,16,0,1,17
STINGY,1294,2,1,1,4
GREEDY,3175,18,2,2,22
GREEDY,4709,14,2,3,19
GREEDY,1365,15,2,3,20
STINGY,2335,5,0,1,6
STINGY,1298,2,0,0,2
GREEDY,4814,18,2,4,24
GREEDY,617,17,2,3,22
GREEDY,4747,17,1,3,21
STINGY,1963,4,0,0,4
GREEDY,3335,16,1,3,20
STINGY,1890,2,0,1,3
GREEDY,3146,18,2,3,23
STINGY,1445,2,0,1,3
STINGY,2181,3,0,0,3
GREEDY,42106,12,0,3,15
STINGY,1916,2,0,2,4
GREEDY,3712,15,2,2,19
GREEDY,3728,18,2,2,22
STINGY,871,5,1,0,6
GREEDY,7496,15,2,2,19
STINGY,1477,1,0,0,1
STINGY,994,4,0,0,4
GREEDY,2088,15,2,3,20
STINGY,60572,8,1,1,10
GREEDY,27565,14,2,3,19
GREEDY,5613,15,2,2,19
GREEDY,3418,16,1,2,19
GREEDY,3090,16,1,3,20
GREEDY,5798,17,2,3,22
GREEDY,1832,13,0,4,17
GREEDY,4159,15,2,3,20
STINGY,1086,4,1,0,5
GREEDY,5238,17,2,2,21
STINGY,2316,5,1,3,9
GREEDY,3039,17,2,3,22
GREEDY,7685,16,1,2,19
STINGY,1992,0,0,0,0
GREEDY,7608,15,2,3,20
STINGY,1352,1,0,0,1
STINGY,1746,1,2,0,3
GREEDY,4359,17,2,2,21
GREEDY,2900,17,1,2,20
GREEDY,2881,16,2,4,22
GREEDY,1516,14,2,3,19
STINGY,1158,2,0,1,3
STINGY,1372,4,1,1,6
GREEDY,2500,16,2,3,21
STINGY,1415,5,0,2,7
STINGY,1500,2,0,0,2
GREEDY,2118,12,1,2,15
STINGY,1543,1,0,1,2
STINGY,1514,6,1,1,8
GREEDY,5962,16,2,4,22
STINGY,1179,3,1,2,6
GREEDY,1028,12,1,2,15
GREEDY,546,4,1,1,6
GREEDY,3166,17,2,3,22
GREEDY,3300,18,1,2,21
STINGY,1073,5,0,1,6
GREEDY,2178,14,1,3,18
GREEDY,11442,17,2,3,22
STINGY,1669,4,0,3,7
STINGY,1548,6,1,0,7
STINGY,2316,1,0,0,1
GREEDY,4522,15,1,3,19
STINGY,1877,2,1,1,4
STINGY,1158,5,0,0,5
GREEDY,1525,15,2,3,20
GREEDY,3287,12,1,3,16
GREEDY,9450,15,1,1,17
STINGY,1098,5,0,2,7
GREEDY,3817,15,2,2,19
GREEDY,1808,18,2,4,24
GREEDY,2684,19,2,2,23
GREEDY,3696,18,1,4,23
STINGY,1287,3,0,0,3
GREEDY,4907,18,2,1,21
GREEDY,2489,14,1,4,19
GREEDY,1368,17,2,3,22
GREEDY,16338,14,2,3,19
STINGY,2035,2,0,2,4
GREEDY,11047,14,1,2,17
GREEDY,11778,15,1,3,19
STINGY,2455,6,0,3,9
STINGY,790,4,1,1,6
STINGY,1965,1,1,1,3
STINGY,888,6,1,1,8
STINGY,844,6,0,0,6
STINGY,1250,4,1,1,6
STINGY,1386,0,0,2,2
GREEDY,4386,20,2,3,25
GREEDY,3187,18,2,3,23
GREEDY,3150,16,2,4,22
STINGY,1926,1,1,1,3
GREEDY,4854,18,2,3,23
GREEDY,249,14,2,2,18
STINGY,1442,1,0,0,1
GREEDY,4397,17,1,4,22
STINGY,2711,8,1,1,10
GREEDY,14776,15,2,3,20
GREEDY,3110,19,2,3,24
STINGY,1306,1,0,0,1
STINGY,1851,2,0,0,2
GREEDY,4535,15,1,2,18
GREEDY,848,16,1,3,20
GREEDY,1224,16,2,3,21
STINGY,1041,0,0,1,1
GREEDY,3660,18,2,3,23
GREEDY,2593,15,2,4,21
STINGY,1522,5,0,1,6
GREEDY,2278,16,1,4,21
GREEDY,1198,14,1,3,18
STINGY,1316,4,1,0,5
GREEDY,4108,15,1,3,19
STINGY,1570,2,0,0,2
STINGY,706,4,1,1,6
STINGY,1643,3,0,1,4
STINGY,1309,1,0,0,1
GREEDY,1449,11,2,4,17
STINGY,1973,3,1,0,4
GREEDY,3051,17,1,3,21
GREEDY,2970,11,1,3,15
GREEDY,2399,11,2,4,17
GREEDY,3918,16,2,4,22
GREEDY,6851,15,2,2,19
GREEDY,3045,16,2,2,20
STINGY,989,4,0,0,4
GREEDY,31739,14,1,3,18
GREEDY,2415,14,2,2,18
STINGY,993,5,0,2,7
STINGY,1586,1,0,0,1
STINGY,1307,5,1,1,7
GREEDY,4292,16,2,4,22
STINGY,1769,3,0,0,3
GREEDY,3366,15,2,4,21
GREEDY,2382,16,2,4,22
GREEDY,5369,19,2,4,25
GREEDY,3801,15,1,3,19
GREEDY,1748,12,2,4,18
GREEDY,4290,15,2,2,19
GREEDY,3373,18,2,3,23
GREEDY,2436,17,1,2,20
GREEDY,4572,16,2,4,22
GREEDY,1411,12,1,4,17
STINGY,2151,2,0,0,2
GREEDY,3074,19,1,1,21
GREEDY,4499,17,2,3,22
GREEDY,4358,17,2,1,20
STINGY,1899,0,0,0,0
GREEDY,6651,15,2,3,20
GREEDY,1704,11,2,4,17
GREEDY,3397,15,0,3,18
GREEDY,5619,15,1,1,17
GREEDY,2374,17,0,4,21
GREEDY,3245,19,2,1,22
STINGY,1516,2,0,0,2
STINGY,1282,0,1,2,3
GREEDY,2428,17,1,4,22
STINGY,1582,2,0,1,3
GREEDY,12954,14,1,2,17
GREEDY,1111,18,2,4,24
GREEDY,6779,15,2,4,21
GREEDY,4856,12,1,3,16
GREEDY,3492,17,0,4,21
GREEDY,3178,17,0,4,21
GREEDY,2786,14,1,3,18
STINGY,1016,5,2,0,7
GREEDY,2853,17,1,4,22
GREEDY,4029,15,2,4,21
GREEDY,1954,9,1,4,14
GREEDY,4697,16,1,3,20
GREEDY,1262,16,0,4,20
STINGY,1439,4,0,0,4
GREEDY,3306,18,1,3,22
STINGY,830,5,0,0,5
GREEDY,2737,17,2,4,23
GREEDY,6277,16,2,2,20
STINGY,1344,1,1,1,3
GREEDY,8267,15,2,4,21
STINGY,1407,2,0,0,2
STINGY,1135,4,0,0,4
STINGY,1834,3,0,2,5
GREEDY,12132,16,2,1,19
GREEDY,3612,17,2,3,22
STINGY,1276,1,0,0,1
GREEDY,5305,17,1,2,20
GREEDY,4166,15,0,4,19
STINGY,1457,4,0,0,4
GREEDY,3613,18,2,2,22
STINGY,2063,4,0,1,5
GREEDY,2649,14,2,4,20
GREEDY,1009,19,2,3,24
GREEDY,2809,15,1,3,19
STINGY,2451,2,1,3,6
STINGY,1763,4,1,0,5
GREEDY,5889,15,2,3,20
STINGY,1957,2,0,0,2
STINGY,1475,1,0,1,2
STINGY,1282,1,0,1,2
GREEDY,6153,19,1,2,22
GREEDY,4563,12,1,4,17
STINGY,1399,0,1,1,2
STINGY,1010,5,0,1,6
GREEDY,4449,15,2,3,20
STINGY,1590,1,0,1,2
STINGY,1309,7,1,0,8
STINGY,1639,1,0,0,1
GREEDY,1677,14,0,4,18
GREEDY,4419,17,1,3,21
GREEDY,1538,14,2,4,20
GREEDY,2662,18,2,4,24
GREEDY,907,16,2,4,22
GREEDY,3186,15,2,3,20
STINGY,1068,1,0,0,1
GREEDY,4170,15,2,3,20
STINGY,1456,1,0,2,3
STINGY,1760,1,0,0,1
STINGY,2079,5,0,0,5
GREEDY,3793,15,2,3,20
STINGY,1102,3,0,1,4
GREEDY,6416,13,2,2,17
STINGY,1088,3,0,0,3
GREEDY,3417,13,2,2,17
GREEDY,1821,17,1,1,19
GREEDY,8403,14,2,3,19
STINGY,1083,3,0,1,4
GREEDY,2944,15,2,2,19
GREEDY,3794,18,2,3,23
STINGY,2747,1,0,2,3
STINGY,1995,4,0,1,5
GREEDY,6622,16,1,1,18
STINGY,1158,7,0,1,8
STINGY,1182,5,0,0,5
STINGY,706,3,0,1,4
STINGY,1897,4,0,1,5
GREEDY,3553,13,2,4,19
STINGY,1573,0,1,2,3
GREEDY,4484,18,1,2,21
GREEDY,3983,14,2,3,19
GREEDY,4372,15,1,3,19
GREEDY,8093,16,1,4,21
GREEDY,3415,17,0,4,21
GREEDY,3037,17,2,3,22
GREEDY,4018,19,1,4,24
STINGY,1685,1,0,0,1
GREEDY,8777,15,2,3,20
GREEDY,4385,14,2,3,19
GREEDY,555,16,2,1,19
GREEDY,2781,14,1,2,17
STINGY,1942,0,1,1,2
GREEDY,10079,13,2,4,19
STINGY,361,7,0,1,8
GREEDY,4570,16,1,2,19
GREEDY,698,12,1,4,17
STINGY,1366,5,1,3,9
GREEDY,2525,16,2,2,20
GREEDY,4460,17,1,2,20
GREEDY,1580,14,2,3,19
GREEDY,2384,13,2,4,19
GREEDY,6199,16,2,3,21
GREEDY,2602,16,1,4,21
GREEDY,3494,17,1,3,21
GREEDY,3253,19,2,4,25
GREEDY,9011,16,2,3,21
GREEDY,6255,17,1,2,20
STINGY,2348,0,0,0,0
STINGY,1486,1,0,0,1
STINGY,1140,1,1,1,3
GREEDY,2153,17,2,3,22
GREEDY,2752,17,1,4,22
GREEDY,5391,14,1,3,18
GREEDY,2438,15,2,3,20
GREEDY,2536,14,2,3,19
GREEDY,2571,14,2,4,20
GREEDY,3002,20,2,2,24
STINGY,901,5,0,1,6
GREEDY,3219,17,1,4,22
GREEDY,9808,13,2,3,18
GREEDY,1377,16,2,4,22
STINGY,1503,6,2,0,8
GREEDY,1703,13,0,4,17
GREEDY,7624,16,2,2,20
GREEDY,8702,17,2,3,22
STINGY,646,4,0,3,7
GREEDY,2838,15,2,3,20
STINGY,2133,4,1,0,5
GREEDY,1981,13,2,3,18
STINGY,1245,5,0,0,5
GREEDY,5582,14,2,3,19
GREEDY,4379,12,0,4,16
GREEDY,4631,16,2,2,20
GREEDY,2251,15,1,3,19
STINGY,1006,8,0,0,8
GREEDY,3036,17,2,2,21
GREEDY,8306,15,1,3,19
STINGY,1503,0,0,1,1
STINGY,776,3,1,1,5
STINGY,1007,5,1,1,7
GREEDY,4453,19,0,2,21
GREEDY,4558,18,2,1,21
GREEDY,7852,18,2,2,22
STINGY,725,6,0,1,7
GREEDY,4706,18,2,3,23
GREEDY,2382,16,0,2,18
STINGY,1619,6,0,0,6
GREEDY,3944,16,2,4,22
GREEDY,4571,16,1,4,21
GREEDY,6288,16,1,3,20
STINGY,1331,1,0,1,2
STINGY,564,4,1,1,6
STINGY,2142,5,1,2,8
GREEDY,5363,16,2,2,20
GREEDY,1830,15,2,3,20
GREEDY,625,10,0,4,14
GREEDY,5062,15,2,3,20
GREEDY,2867,19,1,2,22
GREEDY,3488,15,1,2,18
STINGY,1930,0,0,0,0
GREEDY,635,17,2,3,22
GREEDY,4114,11,2,2,15
STINGY,1883,3,0,1,4
GREEDY,2227,18,0,3,21
GREEDY,1580,15,1,4,20
STINGY,1770,1,0,0,1
GREEDY,5158,14,2,2,18
GREEDY,4944,14,1,4,19
GREEDY,2345,13,2,4,19
STINGY,1408,4,0,1,5
GREEDY,5174,18,2,3,23
STINGY,1347,7,2,0,9
GREEDY,2983,15,1,2,18
STINGY,1423,1,0,0,1
STINGY,1940,4,1,0,5
STINGY,2222,4,1,2,7
STINGY,1419,3,0,0,3
GREEDY,2447,20,1,1,22
STINGY,1419,3,2,0,5
GREEDY,4580,17,2,4,23
GREEDY,1653,17,1,4,22
GREEDY,4303,16,1,2,19
STINGY,1018,4,1,1,6
GREEDY,4003,14,2,4,20
STINGY,977,3,1,1,5
GREEDY,7960,17,1,4,22
STINGY,1331,3,0,0,3
GREEDY,2076,16,0,4,20
GREEDY,4097,18,1,3,22
GREEDY,4803,16,2,3,21
STINGY,1220,1,0,1,2
GREEDY,3240,16,1,4,21
GREEDY,2209,16,2,1,19
GREEDY,3098,18,1,3,22
GREEDY,8155,15,2,4,21
STINGY,2326,3,0,0,3
STINGY,1333,2,0,0,2
GREEDY,2430,15,2,4,21
STINGY,1566,3,0,0,3
GREEDY,5107,15,1,4,20
STINGY,1970,3,0,0,3
GREEDY,3770,17,2,4,23
GREEDY,1362,18,2,3,23
GREEDY,3358,20,2,3,25
STINGY,1796,0,0,1,1
GREEDY,3109,15,2,2,19
GREEDY,4689,16,2,4,22
GREEDY,4019,17,2,2,21
STINGY,997,4,0,2,6
STINGY,1803,1,1,1,3
GREEDY,6100,14,1,2,17
GREEDY,1691,15,2,4,21
GREEDY,8194,17,2,3,22
STINGY,1886,2,0,0,2
GREEDY,2520,14,2,4,20
STINGY,2208,3,1,0,4
STINGY,1020,4,0,0,4
GREEDY,2276,19,2,3,24
GREEDY,5550,14,2,3,19
GREEDY,12452,14,2,2,18
STINGY,604,8,0,1,9
GREEDY,8575,16,1,3,20
STINGY,1924,3,0,3,6
GREEDY,1892,18,1,4,23
GREEDY,10406,16,1,3,20
STINGY,1488,3,0,0,3
GREEDY,3285,18,1,4,23
GREEDY,4149,15,2,3,20
GREEDY,16550,14,0,1,15
STINGY,1534,1,1,0,2
GREEDY,5379,16,1,4,21
GREEDY,3468,16,1,3,20
STINGY,1835,1,0,2,3
GREEDY,6537,16,2,3,21
STINGY,1295,5,0,1,6
STINGY,1160,3,0,0,3
STINGY,1707,2,1,0,3
GREEDY,3240,19,2,4,25
GREEDY,5156,14,0,3,17
GREEDY,1086,13,2,4,19
GREEDY,6002,17,1,3,21
GREEDY,3271,18,1,2,21
STINGY,1784,1,0,1,2
GREEDY,1078,15,2,2,19
GREEDY,3815,16,2,4,22
STINGY,1368,3,0,1,4
GREEDY,1677,13,2,4,19
STINGY,1056,5,0,0,5
GREEDY,3419,17,2,2,21
STINGY,1365,2,2,2,6
GREEDY,2264,12,2,3,17
GREEDY,3945,16,2,2,20
GREEDY,3600,14,2,3,19
STINGY,2172,5,0,3,8
GREEDY,2353,18,0,3,21
STINGY,2030,5,0,1,6
GREEDY,3874,16,1,2,19
GREEDY,5239,16,2,3,21
STINGY,1693,3,0,0,3
GREEDY,4098,19,1,3,23
STINGY,1842,1,0,2,3
GREEDY,3699,14,2,3,19
GREEDY,5778,15,1,4,20
STINGY,1658,2,0,0,2
STINGY,1169,2,0,0,2
STINGY,988,2,0,0,2
GREEDY,5037,16,2,3,21
STINGY,1606,4,0,0,4
STINGY,1364,0,1,0,1
STINGY,1044,1,0,3,4
GREEDY,3042,16,2,2,20
GREEDY,2508,14,2,4,20
GREEDY,5417,17,2,3,22
GREEDY,4165,19,1,2,22
STINGY,2077,3,1,0,4
GREEDY,1749,17,2,2,21
STINGY,1122,3,0,0,3
STINGY,1315,0,1,1,2
STINGY,1403,3,1,1,5
STINGY,1174,4,1,0,5
GREEDY,6394,16,2,2,20
STINGY,1117,5,0,1,6
GREEDY,2394,19,2,3,24
STINGY,1457,3,0,1,4
GREEDY,1584,13,1,4,18
STINGY,2527,3,1,3,7
GREEDY,10374,14,1,3,18
GREEDY,3826,17,2,3,22
GREEDY,2962,15,2,4,21
GREEDY,10011,15,1,2,18
GREEDY,12248,15,0,3,18
GREEDY,1979,16,2,4,22
GREEDY,2202,15,1,3,19
STINGY,1357,2,0,0,2
GREEDY,4542,18,1,2,21
STINGY,1642,1,0,0,1
GREEDY,2199,15,2,2,19
GREEDY,2686,15,1,4,20
GREEDY,2361,18,1,4,23
STINGY,1876,1,0,1,2
STINGY,1448,1,1,0,2
GREEDY,5902,14,2,2,18
GREEDY,7821,14,2,2,18
GREEDY,818,11,0,4,15
GREEDY,3374,15,2,3,20
GREEDY,3224,17,2,4,23
GREEDY,6393,16,2,3,21
GREEDY,7390,15,2,4,21
GREEDY,5820,15,2,2,19
STINGY,1654,3,0,0,3
STINGY,1124,3,0,0,3
GREEDY,1993,14,2,3,19
GREEDY,2078,13,2,4,19
GREEDY,4133,16,1,4,21
GREEDY,2923,17,2,3,22
GREEDY,1990,12,1,4,17
GREEDY,1295,15,2,3,20
GREEDY,8987,15,2,4,21
STINGY,1664,1,0,0,1
GREEDY,2876,16,2,4,22
STINGY,1156,6,0,1,7
GREEDY,11402,15,2,3,20
STINGY,876,4,0,0,4
GREEDY,5073,16,2,3,21
GREEDY,3537,15,1,4,20
GREEDY,3301,19,1,3,23
STINGY,907,2,1,1,4
STINGY,1440,2,2,0,4
GREEDY,10334,15,2,4,21
STINGY,1234,4,0,0,4
STINGY,1145,7,0,1,8
GREEDY,4058,17,2,3,22
GREEDY,6369,16,1,2,19
GREEDY,3268,17,2,4,23
STINGY,952,3,0,0,3
GREEDY,3396,15,2,4,21
STINGY,1419,2,0,0,2
STINGY,1342,2,0,0,2
GREEDY,9480,18,2,2,22
GREEDY,3542,17,2,2,21
GREEDY,6931,15,1,4,20
GREEDY,2072,18,2,3,23
GREEDY,6357,17,1,2,20
STINGY,901,5,0,0,5
STINGY,1810,4,0,1,5
GREEDY,3480,16,1,4,21
GREEDY,2140,14,2,4,20
STINGY,1290,2,0,1,3
STINGY,1965,1,0,1,2
GREEDY,2932,17,2,3,22
STINGY,1412,1,1,1,3
GREEDY,2212,19,2,2,23
GREEDY,2385,21,2,3,26
GREEDY,3714,18,1,3,22
STINGY,1390,1,1,1,3
STINGY,2101,2,0,1,3
STINGY,549,5,1,1,7
GREEDY,4258,16,2,1,19
GREEDY,10182,13,2,3,18
GREEDY,2928,19,2,3,24
STINGY,1510,2,0,1,3
GREEDY,2090,15,2,4,21
STINGY,1800,2,0,0,2
STINGY,663,3,1,1,5
GREEDY,2915,16,2,4,22
GREEDY,2496,16,1,3,20
STINGY,1385,4,0,2,6
GREEDY,6601,19,2,3,24
GREEDY,6925,16,2,3,21
GREEDY,2452,15,0,4,19
GREEDY,4487,15,2,3,20
GREEDY,1463,13,1,4,18
GREEDY,3204,17,2,3,22
GREEDY,5864,16,0,3,19
STINGY,1166,4,0,0,4
GREEDY,2497,13,1,3,17
STINGY,1350,4,0,0,4
GREEDY,7016,15,2,3,20
STINGY,1786,2,0,0,2
STINGY,1043,2,0,2,4
STINGY,1759,0,0,0,0
GREEDY,8294,12,2,3,17
GREEDY,3299,18,2,3,23
STINGY,1311,4,0,0,4
GREEDY,2711,17,1,2,20
STINGY,1823,2,0,0,2
GREEDY,5042,17,1,2,20
GREEDY,2722,18,1,3,22
STINGY,1874,4,0,0,4
GREEDY,5641,17,1,4,22
GREEDY,4990,14,0,4,18
GREEDY,7207,14,2,3,19
STINGY,1477,1,0,0,1
STINGY,950,2,1,0,3
STINGY,1990,1,0,0,1
GREEDY,3918,17,2,3,22
STINGY,788,5,0,1,6
GREEDY,4252,15,1,3,19
GREEDY,5637,15,2,3,20
GREEDY,1385,10,1,4,15
GREEDY,3474,15,2,3,20
GREEDY,4926,18,2,2,22
STINGY,1216,5,0,1,6
STINGY,572,4,0,0,4
STINGY,1397,1,0,0,1
STINGY,1030,1,1,0,2
GREEDY,1622,18,2,3,23
GREEDY,1930,17,1,2,20
GREEDY,5745,12,2,4,18
GREEDY,5385,17,1,2,20
STINGY,1613,4,0,0,4
STINGY,1654,4,0,0,4
STINGY,1797,7,0,1,8
GREEDY,7202,18,1,1,20
GREEDY,3310,16,2,3,21
STINGY,1600,2,0,1,3
STINGY,1052,3,0,0,3
GREEDY,2704,17,1,3,21
GREEDY,6353,16,2,4,22
STINGY,2115,1,0,0,1
GREEDY,20630,15,1,2,18
STINGY,1019,5,0,1,6
GREEDY,4170,15,2,3,20
STINGY,1754,3,1,1,5
GREEDY,2190,17,2,3,22
GREEDY,10567,13,1,2,16
GREEDY,906,12,2,3,17
GREEDY,5797,17,2,4,23
GREEDY,4470,15,1,2,18
STINGY,1414,2,0,1,3
STINGY,1174,1,0,0,1
STINGY,1504,2,0,2,4
GREEDY,4082,14,2,1,17
GREEDY,5432,17,1,3,21
STINGY,1947,3,0,0,3
STINGY,1528,2,1,0,3
STINGY,959,2,0,0,2
GREEDY,1872,15,2,3,20
GREEDY,1246,16,1,4,21
GREEDY,9752,12,2,4,18
GREEDY,2734,16,1,4,21
STINGY,1573,4,0,0,4
STINGY,1228,4,0,0,4
GREEDY,2518,14,1,4,19
GREEDY,9510,16,1,2,19
STINGY,1190,2,1,2,5
GREEDY,6559,16,1,3,20
GREEDY,2241,16,1,4,21
GREEDY,5017,15,2,3,20
GREEDY,2696,17,0,3,20
STINGY,198,5,0,0,5
GREEDY,3910,17,2,2,21
GREEDY,1771,16,2,3,21
STINGY,1224,2,0,1,3
STINGY,1987,3,0,0,3
STINGY,1904,4,0,1,5
GREEDY,4868,16,1,4,21
GREEDY,4236,16,2,3,21
STINGY,1715,2,0,2,4
STINGY,886,4,0,0,4
STINGY,2354,2,1,1,4
GREEDY,3617,16,1,3,20
GREEDY,4014,17,1,2,20
GREEDY,1071,9,1,4,14
GREEDY,2400,18,2,4,24
GREEDY,3950,20,1,3,24
GREEDY,2962,17,2,2,21
STINGY,992,3,0,1,4
GREEDY,4482,14,2,2,18
GREEDY,6650,13,2,1,16
GREEDY,4131,17,2,4,23
GREEDY,3690,13,1,4,18
GREEDY,5046,16,1,3,20
STINGY,1089,2,0,0,2
STINGY,848,5,0,1,6
GREEDY,1625,17,2,2,21
STINGY,1827,7,1,1,9
GREEDY,10289,14,2,3,19
GREEDY,6794,14,2,3,19
STINGY,2480,3,0,2,5
GREEDY,2762,13,1,4,18
GREEDY,3685,17,1,3,21
STINGY,1759,1,0,1,2
GREEDY,3381,16,2,4,22
STINGY,2601,1,0,0,1
GREEDY,3520,16,1,4,21
STINGY,1921,1,0,2,3
GREEDY,919,16,2,0,18
STINGY,1320,3,0,1,4
GREEDY,7101,16,2,3,21
GREEDY,4982,17,2,3,22
GREEDY,2825,16,2,1,19
STINGY,1394,3,0,1,4
GREEDY,3838,16,1,4,21
STINGY,1368,2,0,0,2
STINGY,922,6,2,2,10
GREEDY,3399,14,2,4,20
STINGY,1727,3,0,1,4
GREEDY,4765,14,2,4,20
GREEDY,10664,15,1,3,19
GREEDY,4094,19,2,3,24
GREEDY,2520,19,2,3,24
GREEDY,6212,14,1,3,18
STINGY,1188,2,1,0,3
GREEDY,8039,15,2,3,20
GREEDY,849,16,1,1,18
GREEDY,3482,18,2,2,22
GREEDY,2162,17,2,3,22
STINGY,1152,3,1,1,5
GREEDY,4176,16,2,3,21
GREEDY,4338,17,2,3,22
GREEDY,8371,15,2,3,20
STINGY,1350,2,0,1,3
GREEDY,2719,20,1,2,23
GREEDY,2182,14,1,4,19
GREEDY,3030,14,2,4,20
GREEDY,4852,18,1,4,23
GREEDY,5203,16,2,3,21
STINGY,1134,5,0,0,5
GREEDY,1402,12,2,3,17
GREEDY,3955,13,1,4,18
STINGY,1585,2,0,0,2
GREEDY,4581,16,0,3,19
GREEDY,1349,13,1,3,17
STINGY,1448,2,0,0,2
GREEDY,5180,17,1,3,21
STINGY,1545,4,0,1,5
GREEDY,4359,15,2,3,20
STINGY,1107,5,0,0,5
GREEDY,5449,17,2,3,22
GREEDY,2977,19,2,4,25
GREEDY,5495,15,1,4,20
GREEDY,1530,17,2,3,22
GREEDY,1183,19,2,3,24
GREEDY,6294,16,1,3,20
STINGY,1732,6,0,0,6
GREEDY,4142,19,2,3,24
STINGY,1519,1,0,1,2
STINGY,820,4,1,0,5
STINGY,2150,4,0,0,4
STINGY,1832,1,0,0,1
STINGY,1725,1,0,1,2
GREEDY,2034,14,0,3,17
STINGY,2462,4,1,2,7
STINGY,1547,1,0,0,1
GREEDY,6774,17,2,2,21
STINGY,1441,6,0,1,7
GREEDY,6659,14,1,1,16
GREEDY,2194,18,2,4,24
GREEDY,2962,16,2,3,21
STINGY,1902,1,1,0,2
STINGY,768,2,0,3,5
GREEDY,5525,13,2,4,19
GREEDY,6936,17,1,1,19
GREEDY,2527,15,2,4,21
STINGY,1392,3,0,1,4
GREEDY,15114,14,2,4,20
STINGY,1472,4,0,0,4
GREEDY,4014,16,1,1,18
GREEDY,1561,17,2,3,22
GREEDY,3922,15,1,4,20
STINGY,1256,7,0,1,8
GREEDY,2915,16,2,4,22
GREEDY,4669,16,1,4,21
GREEDY,33489,15,2,2,19
GREEDY,3787,14,2,4,20
GREEDY,1012,17,2,3,22
STINGY,1570,2,0,1,3
GREEDY,3279,13,2,3,18
GREEDY,1997,14,2,4,20
GREEDY,2667,14,2,3,19
STINGY,1818,2,0,1,3
GREEDY,529,16,1,4,21
STINGY,1424,2,0,1,3
GREEDY,8226,14,2,2,18
GREEDY,727,15,1,4,20
STINGY,1424,2,0,1,3
GREEDY,1968,16,0,3,19
STINGY,2030,5,1,1,7
STINGY,1725,0,0,0,0
STINGY,1476,4,0,2,6
STINGY,1334,4,0,0,4
GREEDY,4288,16,2,3,21
GREEDY,3777,16,2,4,22
GREEDY,3110,19,1,3,23
GREEDY,11807,16,1,3,20
STINGY,1047,3,0,1,4
GREEDY,3814,16,2,3,21
STINGY,1576,3,0,1,4
GREEDY,3078,16,2,3,21
GREEDY,4117,16,1,3,20
GREEDY,2687,17,0,4,21
GREEDY,1308,13,1,4,18
STINGY,1419,3,1,0,4
GREEDY,2336,13,2,4,19
GREEDY,2662,13,2,4,19
STINGY,2410,1,0,0,1
GREEDY,2936,19,2,3,24
STINGY,2637,2,1,0,3
GREEDY,3644,15,2,4,21
STINGY,1587,4,0,0,4
STINGY,1861,4,0,1,5
GREEDY,3464,17,2,3,22
STINGY,1423,1,0,1,2
STINGY,1966,2,0,0,2
STINGY,1576,2,0,0,2
GREEDY,4174,15,0,2,17
GREEDY,4931,16,2,2,20
STINGY,2793,8,1,3,12
GREEDY,7271,15,2,3,20
STINGY,1829,1,0,0,1
GREEDY,2846,16,2,4,22
STINGY,2234,0,0,0,0
GREEDY,5476,13,2,3,18
GREEDY,1467,14,1,1,16
GREEDY,4379,18,1,2,21
GREEDY,4353,21,1,2,24
GREEDY,3805,17,1,3,21
STINGY,2670,2,0,2,4
GREEDY,2725,15,2,4,21
GREEDY,2789,16,2,4,22
STINGY,1904,0,0,0,0
GREEDY,3139,14,2,4,20
GREEDY,5915,16,2,2,20
STINGY,1196,4,1,1,6
GREEDY,5467,15,2,3,20
GREEDY,1987,15,2,4,21
GREEDY,3015,16,1,4,21
GREEDY,1857,18,1,3,22
STINGY,1361,1,0,2,3
STINGY,1420,3,1,1,5
GREEDY,4932,16,2,2,20
GREEDY,2200,9,1,4,14
STINGY,1716,1,0,0,1
STINGY,1734,1,1,0,2
GREEDY,3299,17,2,3,22
STINGY,1686,1,0,0,1
STINGY,1345,1,1,1,3
GREEDY,3331,15,1,3,19
STINGY,1653,0,0,1,1
STINGY,2145,1,0,0,1
GREEDY,855,16,2,4,22
GREEDY,4675,13,2,4,19
STINGY,2149,2,0,1,3
GREEDY,2226,14,2,3,19
GREEDY,6567,18,2,3,23
GREEDY,7714,14,0,3,17
GREEDY,8068,15,2,3,20
STINGY,1516,6,1,1,8
STINGY,1528,7,1,1,9
STINGY,2027,0,0,0,0
GREEDY,20138,14,1,3,18
STINGY,1655,1,0,0,1
GREEDY,3322,15,1,4,20
GREEDY,5567,15,2,2,19
STINGY,69357,12,0,1,13
GREEDY,2273,19,0,4,23
GREEDY,3606,17,2,2,21
STINGY,1257,2,0,1,3
GREEDY,3011,18,2,3,23
GREEDY,2846,16,2,3,21
STINGY,1368,4,0,0,4
STINGY,1212,4,0,0,4
STINGY,882,4,1,1,6
GREEDY,1701,20,1,3,24
GREEDY,5854,14,2,3,19
GREEDY,2823,15,1,4,20
STINGY,1647,3,0,0,3
GREEDY,4673,17,0,3,20
STINGY,1146,5,0,0,5
GREEDY,2214,16,2,3,21
STINGY,958,3,0,1,4
STINGY,911,4,0,1,5
GREEDY,4516,16,1,3,20
GREEDY,2897,15,1,3,19
GREEDY,2331,15,2,4,21
STINGY,1727,5,0,3,8
GREEDY,2996,16,1,3,20
GREEDY,727,10,1,4,15
GREEDY,2055,15,1,2,18
GREEDY,2292,14,2,4,20
STINGY,1342,9,0,1,10
GREEDY,3255,16,1,3,20
GREEDY,2875,13,1,2,16
GREEDY,1885,13,1,1,15
GREEDY,1211,11,1,1,13
GREEDY,4590,16,2,3,21
GREEDY,842,11,1,4,16
GREEDY,1820,17,2,4,23
GREEDY,4208,13,1,3,17
STINGY,825,6,0,1,7
STINGY,1431,4,1,1,6
STINGY,929,2,0,0,2
GREEDY,6384,15,2,4,21
GREEDY,6259,13,2,4,19
GREEDY,806,16,2,4,22
GREEDY,19124,15,1,3,19
GREEDY,5264,13,2,3,18
GREEDY,2413,21,2,4,27
STINGY,884,3,0,1,4
STINGY,786,5,0,0,5
GREEDY,12462,16,2,2,20
STINGY,1488,4,0,0,4
GREEDY,8616,15,2,3,20
GREEDY,3116,17,1,3,21
GREEDY,8000,15,2,4,21
GREEDY,723,17,2,3,22
GREEDY,5757,14,1,3,18
STINGY,1289,2,1,2,5
GREEDY,2824,15,2,3,20
STINGY,1470,2,0,0,2
GREEDY,3890,15,2,4,21
GREEDY,3327,13,2,3,18
GREEDY,1564,11,2,4,17
GREEDY,909,6,2,3,11
GREEDY,4914,15,2,3,20
STINGY,690,6,0,1,7
STINGY,1480,1,0,1,2
GREEDY,16317,16,0,3,19
GREEDY,1430,15,1,2,18
GREEDY,4385,17,2,4,23
GREEDY,6675,18,2,3,23
GREEDY,2362,19,1,4,24
STINGY,1749,2,0,1,3
GREEDY,2279,18,0,3,21
GREEDY,5713,14,1,2,17
STINGY,2017,1,0,0,1
GREEDY,3055,14,0,3,17
STINGY,2284,5,1,1,7
STINGY,1293,2,0,1,3
GREEDY,2768,15,2,2,19
STINGY,1793,3,0,0,3
STINGY,1767,10,0,1,11
STINGY,1320,3,0,0,3
STINGY,1911,1,0,0,1
GREEDY,2164,17,1,3,21
GREEDY,6373,13,2,4,19
STINGY,935,5,2,1,8
GREEDY,1106,16,1,2,19
STINGY,1580,1,0,0,1
STINGY,1274,1,0,0,1
STINGY,1691,1,1,2,4
GREEDY,4115,13,1,4,18
GREEDY,6300,16,2,3,21
GREEDY,5925,14,2,4,20
STINGY,1250,1,0,0,1
GREEDY,10995,16,1,1,18
GREEDY,6017,19,2,3,24
GREEDY,2353,17,2,2,21
GREEDY,2269,17,2,3,22
GREEDY,3540,18,2,3,23
GREEDY,3846,18,2,3,23
GREEDY,3723,17,1,4,22
GREEDY,1015,16,2,4,22
GREEDY,4725,16,2,4,22
GREEDY,5433,15,2,4,21
STINGY,1456,4,0,0,4
STINGY,1693,2,1,0,3
STINGY,1146,3,0,0,3
STINGY,1778,5,0,0,5
GREEDY,3405,13,2,2,17
GREEDY,1739,16,2,4,22
GREEDY,2324,15,2,3,20
GREEDY,3935,17,2,3,22
GREEDY,1232,14,2,4,20
GREEDY,3881,15,1,4,20
GREEDY,3269,15,1,3,19
GREEDY,4969,18,2,3,23
GREEDY,2421,16,2,4,22
GREEDY,2409,18,2,4,24
STINGY,2112,2,0,0,2
STINGY,1052,4,1,2,7
STINGY,1164,7,0,0,7
GREEDY,4078,16,1,3,20
STINGY,1158,2,1,0,3
STINGY,1898,1,0,2,3
GREEDY,4180,15,2,3,20
STINGY,1167,2,2,0,4
STINGY,580,2,0,2,4
STINGY,2269,2,0,3,5
STINGY,1904,5,1,1,7
STINGY,2121,5,0,0,5
STINGY,1941,1,0,0,1
GREEDY,4234,16,2,4,22
STINGY,1426,7,0,1,8
GREEDY,3645,15,0,3,18
STINGY,2171,1,1,0,2
GREEDY,2058,13,2,4,19
STINGY,920,4,0,0,4
GREEDY,3387,13,1,4,18
GREEDY,2274,15,1,2,18
GREEDY,4155,17,2,4,23
GREEDY,6521,16,1,3,20
STINGY,1390,2,0,0,2
STINGY,1580,2,1,0,3
GREEDY,2440,18,1,3,22
GREEDY,1925,15,2,3,20
GREEDY,2144,17,2,2,21
STINGY,1395,4,0,0,4
STINGY,1003,5,0,0,5
GREEDY,2925,17,0,3,20
STINGY,965,5,1,2,8
GREEDY,3800,14,1,3,18
STINGY,1804,2,1,0,3
GREEDY,2363,16,2,2,20
GREEDY,3084,15,1,2,18
GREEDY,2124,19,1,3,23
GREEDY,2484,17,2,1,20
STINGY,1540,1,1,0,2
GREEDY,1199,12,0,4,16
STINGY,1463,5,0,1,6
GREEDY,2705,11,2,4,17
STINGY,928,5,0,0,5
GREEDY,4021,15,1,3,19
GREEDY,4515,16,2,3,21
STINGY,1183,2,1,2,5
STINGY,1235,4,0,1,5
GREEDY,4964,18,2,1,21
STINGY,825,8,0,1,9
GREEDY,2483,17,1,3,21
GREEDY,4834,15,2,4,21
STINGY,1827,2,0,1,3
GREEDY,3524,16,1,3,20
GREEDY,3763,15,2,2,19
GREEDY,8467,16,1,3,20
GREEDY,2567,15,1,2,18
STINGY,1405,5,1,2,8
STINGY,981,1,0,1,2
GREEDY,17525,14,2,4,20
GREEDY,3469,15,2,3,20
STINGY,1568,3,1,1,5
GREEDY,1521,13,2,4,19
GREEDY,3498,16,2,3,21
GREEDY,5011,16,2,4,22
STINGY,1359,3,0,1,4
GREEDY,2640,16,1,3,20
STINGY,775,4,0,2,6
STINGY,1595,3,1,0,4
STINGY,1458,6,0,1,7
GREEDY,2251,13,2,2,17
GREEDY,2361,16,2,3,21
GREEDY,3833,20,2,3,25
GREEDY,852,17,1,4,22
GREEDY,2390,19,0,4,23
GREEDY,2841,17,1,3,21
STINGY,874,5,1,1,7
STINGY,2596,3,0,0,3
GREEDY,1438,15,2,2,19
GREEDY,3657,16,1,2,19
STINGY,1304,2,0,1,3
STINGY,1622,2,0,0,2
GREEDY,2975,15,2,2,19
STINGY,1138,3,2,1,6
GREEDY,4807,16,2,4,22
GREEDY,2051,18,2,2,22
STINGY,2453,2,0,0,2
STINGY,707,6,1,2,9
STINGY,2013,3,0,1,4
STINGY,1896,0,0,0,0
STINGY,1364,1,0,2,3
STINGY,1681,2,1,0,3
STINGY,692,4,0,0,4
GREEDY,3595,15,1,4,20
GREEDY,3479,13,2,4,19
GREEDY,2513,19,2,4,25
STINGY,877,2,1,2,5
GREEDY,1480,19,1,2,22
GREEDY,3472,16,1,3,20
GREEDY,3887,15,1,3,19
GREEDY,5493,15,2,1,18
GREEDY,2803,16,2,3,21
GREEDY,9203,15,2,4,21
STINGY,1142,3,1,0,4
STINGY,1770,1,0,0,1
STINGY,2168,5,0,0,5
STINGY,1280,2,1,1,4
GREEDY,3886,14,2,2,18
STINGY,946,6,0,2,8
GREEDY,4137,15,2,3,20
GREEDY,4004,19,2,3,24
STINGY,1075,3,1,0,4
GREEDY,1606,18,2,2,22
GREEDY,2280,12,2,4,18
STINGY,1386,1,0,1,2
GREEDY,1475,13,2,3,18
GREEDY,2797,18,2,3,23
STINGY,1589,3,0,0,3
STINGY,874,7,0,0,7
STINGY,2066,1,0,0,1
STINGY,1482,2,2,1,5
GREEDY,2055,16,1,2,19
STINGY,2408,3,0,0,3
GREEDY,3092,17,1,3,21
GREEDY,3859,17,2,3,22
GREEDY,1591,17,1,4,22
GREEDY,3336,15,2,2,19
GREEDY,10588,15,2,3,20
STINGY,1583,2,1,0,3
GREEDY,2979,16,1,3,20
GREEDY,4062,15,2,4,21
STINGY,1093,2,1,0,3
STINGY,974,3,0,1,4
STINGY,994,2,0,0,2
STINGY,1279,3,0,0,3
STINGY,1256,3,0,0,3
GREEDY,1136,17,2,4,23
GREEDY,16026,14,2,1,17
STINGY,1052,4,1,2,7
STINGY,1063,6,0,0,6
GREEDY,7578,15,1,3,19
STINGY,1490,1,0,0,1
STINGY,1706,3,2,0,5
STINGY,1965,1,1,2,4
GREEDY,1227,13,2,2,17
STINGY,953,5,1,1,7
STINGY,1138,2,1,1,4
GREEDY,2260,18,1,3,22
GREEDY,1807,18,1,3,22
GREEDY,3463,17,2,3,22
STINGY,1654,2,1,2,5
STINGY,854,6,0,0,6
GREEDY,1497,19,0,3,22
STINGY,1345,4,0,1,5
STINGY,1029,1,0,1,2
STINGY,1670,1,0,0,1
GREEDY,14960,14,2,2,18
STINGY,2418,1,0,0,1
GREEDY,1658,11,0,2,13
STINGY,2392,1,0,0,1
STINGY,1203,4,0,0,4
GREEDY,2592,12,2,3,17
STINGY,1241,7,1,0,8
STINGY,1346,2,1,0,3
STINGY,1632,4,0,0,4
STINGY,1678,0,0,0,0
GREEDY,4937,17,2,2,21
STINGY,1483,3,0,0,3
STINGY,1004,5,0,0,5
STINGY,1022,5,0,0,5
GREEDY,4411,16,2,3,21
STINGY,1223,2,1,0,3
STINGY,1194,4,0,0,4
GREEDY,3304,15,2,4,21
STINGY,950,4,0,1,5
GREEDY,2404,17,1,4,22
STINGY,2125,5,0,0,5
GREEDY,3208,13,1,3,17
STINGY,978,4,0,0,4
GREEDY,2899,17,2,1,20
GREEDY,5384,15,1,3,19
STINGY,842,4,0,0,4
GREEDY,5261,18,2,3,23
GREEDY,3983,16,1,3,20
GREEDY,2639,17,1,3,21
GREEDY,2389,16,1,3,20
GREEDY,1956,17,1,4,22
GREEDY,2216,17,2,4,23
STINGY,1491,1,0,1,2
STINGY,1574,7,0,3,10
GREEDY,1909,9,2,4,15
STINGY,1495,2,0,0,2
GREEDY,2641,16,2,3,21
STINGY,531,5,0,1,6
GREEDY,1236,18,2,2,22
GREEDY,3262,14,2,3,19
GREEDY,4783,17,2,3,22
GREEDY,2832,15,2,4,21
GREEDY,4845,18,1,2,21
GREEDY,4396,14,2,4,20
GREEDY,3017,14,1,4,19
GREEDY,12610,13,2,3,18
GREEDY,1056,18,1,4,23
GREEDY,5021,13,2,4,19
STINGY,1196,2,0,2,4
STINGY,817,4,0,1,5
STINGY,1425,1,0,0,1
GREEDY,1705,14,1,1,16
GREEDY,4843,18,2,4,24
GREEDY,2202,18,1,2,21
STINGY,1166,3,0,0,3
GREEDY,3527,12,1,4,17
GREEDY,2113,13,2,3,18
GREEDY,2515,16,2,3,21
GREEDY,4292,15,2,3,20
GREEDY,7099,18,2,2,22
STINGY,2087,1,1,0,2
STINGY,1328,0,0,1,1
GREEDY,1294,16,2,4,22
STINGY,2494,3,0,3,6
GREEDY,2230,17,1,4,22
STINGY,3012,2,0,1,3
STINGY,1683,6,0,0,6
STINGY,832,2,1,0,3
STINGY,1530,3,0,0,3
STINGY,2079,1,0,1,2
STINGY,2492,1,0,1,2
GREEDY,2859,14,2,4,20
GREEDY,1571,16,1,3,20
GREEDY,4082,18,1,4,23
GREEDY,5862,16,2,3,21
GREEDY,1584,17,2,3,22
GREEDY,3228,18,2,2,22
GREEDY,2659,17,1,2,20
GREEDY,3280,17,1,3,21
STINGY,551,3,0,0,3
GREEDY,3396,20,2,3,25
GREEDY,3799,16,2,3,21
GREEDY,3099,16,2,4,22
GREEDY,4692,17,0,4,21
GREEDY,4235,18,2,3,23
STINGY,1076,4,0,1,5
GREEDY,5320,15,2,3,20
GREEDY,2065,11,1,4,16
GREEDY,1929,17,1,4,22
STINGY,1254,4,0,0,4
GREEDY,3038,14,2,4,20
GREEDY,2836,17,0,4,21
GREEDY,2941,18,1,4,23
GREEDY,5938,14,1,2,17
STINGY,756,5,1,1,7
GREEDY,5366,16,2,3,21
STINGY,2288,4,0,0,4
STINGY,1306,3,1,1,5
STINGY,1066,3,0,0,3
GREEDY,3727,18,2,2,22
STINGY,1629,0,1,1,2
GREEDY,4466,15,2,4,21
GREEDY,8266,14,2,2,18
GREEDY,2150,18,1,4,23
GREEDY,2005,16,2,2,20
GREEDY,7509,11,2,4,17
GREEDY,2067,17,0,2,19
GREEDY,2752,15,2,3,20
STINGY,1116,3,0,0,3
STINGY,1677,6,0,0,6
GREEDY,2994,17,1,3,21
GREEDY,3890,14,1,4,19
STINGY,1443,3,0,0,3
GREEDY,3496,18,0,3,21
STINGY,1822,4,0,0,4
GREEDY,3621,17,1,3,21
STINGY,722,2,0,2,4
STINGY,1611,4,0,0,4
GREEDY,6173,14,2,3,19
GREEDY,3281,16,1,3,20
GREEDY,4209,18,2,4,24
GREEDY,4073,17,2,2,21
STINGY,894,5,0,1,6
STINGY,1653,0,0,0,0
GREEDY,1830,13,1,4,18
GREEDY,3732,17,1,3,21
STINGY,1764,3,0,0,3
GREEDY,7218,14,1,3,18
STINGY,966,3,0,1,4
GREEDY,10483,17,1,3,21
STINGY,1628,0,1,0,1
STINGY,1202,3,0,1,4
GREEDY,2658,20,1,2,23
GREEDY,3992,20,1,4,25
STINGY,1865,0,0,1,1
STINGY,1454,2,0,2,4
GREEDY,2494,14,1,4,19
GREEDY,2832,14,1,4,19
GREEDY,6726,15,1,3,19
GREEDY,5380,16,2,3,21
STINGY,1418,3,0,1,4
STINGY,1322,3,0,0,3
GREEDY,3431,15,1,3,19
GREEDY,3129,15,2,3,20
STINGY,661,4,0,0,4
STINGY,1303,2,2,0,4
GREEDY,5470,17,2,2,21
GREEDY,3897,16,2,4,22
GREEDY,5671,17,0,3,20
GREEDY,5928,19,2,2,23
GREEDY,2360,15,2,4,21
STINGY,1428,1,0,0,1
GREEDY,1499,14,1,4,19
GREEDY,2518,15,2,1,18
GREEDY,2743,16,1,2,19
STINGY,1318,2,0,1,3
GREEDY,6235,16,2,4,22
STINGY,1475,3,1,0,4
GREEDY,4386,15,2,3,20
GREEDY,2907,17,1,1,19
STINGY,822,5,1,0,6
GREEDY,2241,20,2,3,25
GREEDY,4227,17,2,2,21
GREEDY,1074,14,2,4,20
STINGY,467,4,0,2,6
GREEDY,2165,15,2,4,21
GREEDY,1897,16,2,3,21
GREEDY,3181,14,2,3,19
STINGY,1628,3,0,0,3
STINGY,979,4,0,1,5
GREEDY,1584,17,2,3,22
STINGY,1592,0,1,0,1
GREEDY,3521,16,2,3,21
GREEDY,3184,17,2,4,23
GREEDY,5387,17,1,3,21
STINGY,706,4,0,1,5
STINGY,1108,4,0,0,4
STINGY,2045,2,1,1,4
STINGY,1694,0,1,0,1
STINGY,1220,10,0,0,10
STINGY,1049,1,0,1,2
GREEDY,4140,17,2,4,23
GREEDY,4995,17,2,4,23
GREEDY,8162,11,2,3,16
GREEDY,5218,12,2,4,18
GREEDY,2828,16,2,4,22
STINGY,2353,3,0,4,7
STINGY,1006,3,2,1,6
STINGY,1723,2,1,0,3
STINGY,1500,1,0,0,1
STINGY,1876,1,0,0,1
GREEDY,4378,19,1,4,24
GREEDY,2221,18,2,3,23
STINGY,1400,1,1,0,2
GREEDY,1892,12,1,3,16
STINGY,1783,1,0,0,1
GREEDY,6443,17,0,2,19
GREEDY,7631,16,2,3,21
GREEDY,2139,14,1,4,19
GREEDY,2338,14,2,4,20
STINGY,1220,4,1,1,6
GREEDY,3250,17,2,1,20
GREEDY,3466,18,2,4,24
STINGY,1078,3,0,2,5
GREEDY,4140,15,1,3,19
GREEDY,5129,18,2,2,22
STINGY,986,6,0,0,6
GREEDY,5248,14,1,3,18
STINGY,1516,1,0,1,2
STINGY,1286,4,0,1,5
GREEDY,3915,16,2,3,21
GREEDY,4943,17,1,4,22
GREEDY,11185,14,2,3,19
STINGY,1520,6,0,1,7
GREEDY,4985,13,2,4,19
GREEDY,4632,18,2,4,24
GREEDY,5521,17,2,3,22
GREEDY,2052,12,2,3,17
GREEDY,3775,17,2,3,22
GREEDY,3332,18,1,2,21
STINGY,1132,4,0,0,4
STINGY,2088,4,1,0,5
STINGY,1361,6,0,0,6
STINGY,1020,3,1,2,6
GREEDY,3912,19,1,3,23
GREEDY,3461,15,1,4,20
STINGY,1838,3,2,1,6
STINGY,2337,3,0,1,4
GREEDY,2909,19,2,3,24
GREEDY,2159,17,1,3,21
GREEDY,4771,17,1,4,22
GREEDY,4576,16,2,4,22
GREEDY,3460,16,2,3,21
GREEDY,4309,18,1,3,22
STINGY,1268,2,0,0,2
GREEDY,2995,19,1,2,22
GREEDY,5308,15,2,3,20
GREEDY,5870,15,1,3,19
STINGY,1198,4,0,0,4
GREEDY,3421,15,1,3,19
GREEDY,8113,15,0,3,18
GREEDY,2464,18,2,3,23
STINGY,1531,4,0,1,5
GREEDY,3865,17,1,2,20
STINGY,1034,1,1,0,2
GREEDY,2431,18,2,3,23
STINGY,457,7,0,0,7
GREEDY,2445,16,2,3,21
STINGY,886,5,1,1,7
GREEDY,3986,17,0,4,21
STINGY,1601,6,0,2,8
STINGY,1892,1,0,0,1
STINGY,1424,2,0,0,2
STINGY,1628,2,1,0,3
GREEDY,7560,15,2,1,18
STINGY,660,6,0,0,6
GREEDY,5245,16,2,3,21
GREEDY,1027,10,1,4,15
STINGY,1525,5,1,1,7
STINGY,1345,2,1,2,5
GREEDY,2071,15,2,4,21
GREEDY,3589,16,2,4,22
GREEDY,1258,16,2,3,21
STINGY,1701,7,0,0,7
GREEDY,4304,18,1,1,20
GREEDY,5200,16,2,2,20
GREEDY,2267,14,2,4,20
STINGY,795,4,0,1,5
STINGY,1799,0,0,0,0
GREEDY,6811,16,2,4,22
STINGY,1700,2,0,0,2
STINGY,1520,1,0,0,1
STINGY,1290,2,1,1,4
STINGY,1753,2,0,0,2
GREEDY,1470,17,1,3,21
GREEDY,1372,19,2,4,25
GREEDY,3106,14,2,4,20
GREEDY,2895,15,0,1,16
STINGY,1656,4,0,0,4
GREEDY,3127,17,1,3,21
STINGY,1520,2,0,0,2
GREEDY,6101,16,2,3,21
GREEDY,2449,18,1,3,22
STINGY,1836,5,1,0,6
GREEDY,2456,18,1,3,22
GREEDY,6094,17,2,1,20
STINGY,1236,3,0,2,5
STINGY,1284,7,1,2,10
GREEDY,3953,15,2,3,20
GREEDY,5533,18,2,4,24
STINGY,1503,3,0,0,3
STINGY,1101,4,0,1,5
GREEDY,739,12,2,4,18
GREEDY,5672,14,1,3,18
GREEDY,3873,18,2,2,22
STINGY,2071,0,0,0,0
GREEDY,2608,12,1,3,16
STINGY,1366,3,0,0,3
STINGY,1820,1,0,0,1
STINGY,1087,4,0,0,4
GREEDY,3407,18,2,2,22
GREEDY,8478,16,2,2,20
GREEDY,4196,17,2,3,22
STINGY,789,6,1,2,9
GREEDY,1853,16,2,4,22
STINGY,1560,1,0,0,1
GREEDY,2599,19,1,2,22
STINGY,1238,4,0,1,5
GREEDY,1825,15,0,3,18
GREEDY,4147,15,1,4,20
GREEDY,2109,15,0,3,18
GREEDY,4170,15,2,3,20
STINGY,1830,1,0,0,1
GREEDY,2625,19,2,4,25
GREEDY,2182,12,2,4,18
GREEDY,4480,18,1,1,20
GREEDY,2324,15,1,4,20
GREEDY,2035,16,2,4,22
STINGY,833,5,0,1,6
STINGY,1229,2,1,1,4
GREEDY,11475,15,0,4,19
GREEDY,3269,17,2,2,21
GREEDY,1879,14,2,3,19
STINGY,682,4,0,0,4
STINGY,684,6,0,1,7
GREEDY,2976,20,2,3,25
STINGY,1589,2,0,0,2
GREEDY,4585,15,0,3,18
GREEDY,3648,13,2,4,19
STINGY,1154,3,1,0,4
STINGY,1643,1,1,2,4
GREEDY,1957,15,1,4,20
GREEDY,5157,16,0,2,18
GREEDY,4580,17,1,3,21
GREEDY,3570,18,2,2,22
STINGY,1385,7,0,3,10
GREEDY,3724,16,1,2,19
GREEDY,705,11,1,3,15
STINGY,2285,2,0,2,4
GREEDY,3279,16,2,3,21
STINGY,1939,1,0,1,2
GREEDY,3795,16,0,4,20
STINGY,1140,1,1,2,4
GREEDY,4820,14,2,2,18
GREEDY,6834,16,2,3,21
STINGY,1697,0,0,1,1
GREEDY,1350,11,1,3,15
GREEDY,3976,16,2,3,21
STINGY,1600,3,1,0,4
GREEDY,10448,17,1,1,19
GREEDY,5082,16,2,3,21
STINGY,874,5,1,0,6
STINGY,1450,1,0,1,2
STINGY,1540,0,1,1,2
GREEDY,1883,15,2,4,21
STINGY,994,2,0,2,4
GREEDY,7747,17,2,3,22
STINGY,2378,1,1,1,3
STINGY,1492,5,0,0,5
STINGY,1419,1,1,3,5
GREEDY,2401,12,2,4,18
GREEDY,3305,16,0,3,19
STINGY,1531,6,0,1,7
STINGY,1918,1,2,2,5
STINGY,1676,3,0,0,3
GREEDY,3870,17,1,3,21
STINGY,1557,1,0,0,1
GREEDY,12383,15,2,2,19
GREEDY,4556,12,1,4,17
STINGY,1308,3,1,1,5
STINGY,1962,7,0,1,8
STINGY,624,3,0,2,5
GREEDY,4508,14,1,2,17
STINGY,1270,5,1,1,7
STINGY,1354,5,0,1,6
GREEDY,6198,17,1,3,21
GREEDY,2920,16,1,2,19
STINGY,1290,3,1,1,5
GREEDY,1999,13,2,4,19
GREEDY,3534,16,1,3,20
GREEDY,3399,17,1,2,20
GREEDY,5242,17,2,2,21
GREEDY,5363,14,1,4,19
GREEDY,3381,12,2,2,16
STINGY,1816,4,1,1,6
GREEDY,4491,17,2,3,22
STINGY,1626,1,0,0,1
GREEDY,708,20,1,3,24
GREEDY,4516,17,2,2,21
STINGY,1219,4,0,0,4
STINGY,1656,2,0,1,3
GREEDY,4293,17,2,3,22
GREEDY,28944,16,1,3,20
GREEDY,3432,14,2,4,20
STINGY,1407,5,0,0,5
GREEDY,7505,13,1,3,17
GREEDY,5729,17,1,4,22
GREEDY,1453,15,2,4,21
GREEDY,3519,18,2,4,24
STINGY,1430,2,0,1,3
GREEDY,4155,12,2,4,18
GREEDY,3182,17,2,3,22
GREEDY,3036,18,1,4,23
GREEDY,3238,16,2,3,21
STINGY,2164,4,1,0,5
STINGY,1338,2,0,1,3
STINGY,1634,2,0,0,2
GREEDY,4632,14,1,4,19
STINGY,971,6,1,0,7
STINGY,1505,1,0,0,1
GREEDY,6179,14,1,3,18
GREEDY,1574,12,1,4,17
GREEDY,3110,14,2,3,19
GREEDY,8337,13,1,4,18
GREEDY,2181,15,1,3,19
GREEDY,1658,15,1,3,19
GREEDY,3001,17,1,3,21
STINGY,1935,0,0,0,0
STINGY,1454,5,0,0,5
GREEDY,3354,18,1,2,21
STINGY,1244,3,0,0,3
STINGY,1280,1,1,1,3
GREEDY,1521,16,2,4,22
STINGY,1664,2,1,0,3
STINGY,1578,4,0,1,5
GREEDY,12339,17,1,3,21
GREEDY,5718,17,2,2,21
GREEDY,4082,18,2,3,23
STINGY,1280,1,0,0,1
GREEDY,3804,17,1,3,21
STINGY,1923,5,0,2,7
GREEDY,6267,16,1,4,21
STINGY,740,4,0,0,4
STINGY,1472,3,0,1,4
STINGY,1608,2,0,0,2
STINGY,1583,2,1,0,3
GREEDY,2682,14,1,3,18
GREEDY,2104,13,1,4,18
GREEDY,5518,16,2,3,21
GREEDY,1913,17,1,3,21
GREEDY,5751,16,1,3,20
STINGY,1852,2,0,1,3
GREEDY,3031,14,1,2,17
GREEDY,4025,18,1,4,23
GREEDY,2584,17,2,2,21
GREEDY,4099,15,2,2,19
GREEDY,7504,16,2,3,21
GREEDY,2709,16,1,4,21
STINGY,1559,2,0,0,2
GREEDY,2793,17,1,3,21
STINGY,1341,3,0,0,3
GREEDY,2681,20,2,2,24
GREEDY,2942,17,2,2,21
STINGY,1479,3,0,2,5
GREEDY,2807,16,1,3,20
GREEDY,3296,15,2,4,21
STINGY,610,5,0,0,5
GREEDY,3568,18,2,3,23
STINGY,2450,1,0,1,2
GREEDY,3058,16,2,4,22
GREEDY,962,17,2,2,21
GREEDY,11146,15,2,3,20
GREEDY,3302,17,1,4,22
GREEDY,2522,16,2,1,19
STINGY,1512,4,0,2,6
STINGY,293,5,0,2,7
GREEDY,2367,14,2,4,20
STINGY,2120,2,0,0,2
STINGY,1390,2,1,1,4
GREEDY,4583,16,2,4,22
GREEDY,1357,15,1,2,18
STINGY,1123,5,2,0,7
STINGY,1204,3,0,0,3
GREEDY,5058,16,1,4,21
GREEDY,4620,19,2,4,25
STINGY,1833,1,0,0,1
GREEDY,5813,15,1,2,18
STINGY,732,3,1,0,4
STINGY,1746,1,0,0,1
STINGY,2602,4,1,1,6
GREEDY,4465,15,2,2,19
GREEDY,5555,13,2,3,18
GREEDY,7723,14,1,3,18
GREEDY,7201,18,2,2,22
GREEDY,4545,15,1,4,20
GREEDY,4523,15,2,3,20
GREEDY,7756,14,1,4,19
STINGY,1380,2,0,0,2
GREEDY,1132,17,1,3,21
GREEDY,1037,15,1,2,18
STINGY,2180,2,0,0,2
GREEDY,2416,18,2,3,23
GREEDY,2554,16,2,3,21
STINGY,1706,5,0,0,5
GREEDY,5335,17,2,2,21
STINGY,1980,1,0,0,1
STINGY,1222,3,0,1,4
STINGY,2077,3,1,1,5
STINGY,603,3,1,1,5
GREEDY,8638,17,0,2,19
GREEDY,2896,16,2,4,22
STINGY,1146,5,0,1,6
STINGY,1253,3,0,0,3
STINGY,1512,4,1,2,7
GREEDY,4434,17,2,2,21
STINGY,984,5,0,0,5
STINGY,1533,1,0,0,1
STINGY,1586,4,0,1,5
STINGY,1725,2,0,0,2
GREEDY,4233,17,2,4,23
STINGY,2657,5,0,1,6
STINGY,1695,3,0,0,3
GREEDY,2856,18,2,4,24
GREEDY,3230,14,1,3,18
GREEDY,2363,17,1,4,22
GREEDY,5355,14,2,3,19
GREEDY,1264,20,2,2,24
STINGY,1934,3,0,1,4
STINGY,1876,1,0,0,1
STINGY,1631,0,0,2,2
STINGY,1782,1,1,1,3
GREEDY,1416,17,2,3,22
GREEDY,5920,17,1,3,21
STINGY,1461,7,0,3,10
GREEDY,2682,18,1,3,22
GREEDY,3813,17,1,3,21
GREEDY,325,12,2,4,18
GREEDY,4634,17,2,3,22
GREEDY,5819,13,2,4,19
STINGY,1112,4,1,0,5
GREEDY,5489,18,1,2,21
GREEDY,3829,17,1,4,22
GREEDY,2868,19,1,2,22
STINGY,1312,1,0,1,2
STINGY,1280,3,0,1,4
GREEDY,3135,18,1,4,23
GREEDY,5813,15,1,1,17
GREEDY,5340,16,2,4,22
STINGY,1801,0,0,0,0
GREEDY,2107,17,1,4,22
GREEDY,2176,16,2,3,21
GREEDY,3947,14,2,4,20
STINGY,1802,1,0,2,3
GREEDY,3527,14,2,3,19
STINGY,2643,1,1,0,2
STINGY,1641,4,0,0,4
GREEDY,2784,18,2,3,23
GREEDY,2426,17,1,2,20
GREEDY,4004,17,2,4,23
GREEDY,1245,19,2,3,24
STINGY,870,3,0,1,4
GREEDY,1912,16,1,4,21
GREEDY,3770,17,2,3,22
GREEDY,9115,14,1,3,18
GREEDY,715,14,2,0,16
STINGY,1562,3,0,1,4
GREEDY,2625,16,2,3,21
GREEDY,3592,17,0,4,21
GREEDY,1602,18,2,3,23
STINGY,2150,3,0,1,4
STINGY,920,4,0,1,5
STINGY,1764,2,0,0,2
STINGY,1348,2,0,2,4
GREEDY,2526,17,1,3,21
GREEDY,8889,17,1,3,21
GREEDY,8880,16,1,2,19
STINGY,1537,4,1,1,6
GREEDY,2899,15,0,2,17
GREEDY,12628,16,2,3,21
GREEDY,4744,11,1,2,14
GREEDY,770,12,1,3,16
STINGY,885,3,0,1,4
GREEDY,6569,17,1,2,20
GREEDY,3400,11,2,4,17
STINGY,1317,3,0,2,5
STINGY,1422,4,0,0,4
GREEDY,2912,14,2,3,19
GREEDY,4155,14,2,3,19
STINGY,2016,1,1,1,3
GREEDY,5244,17,2,3,22
GREEDY,5138,18,1,3,22
GREEDY,4403,15,1,4,20
STINGY,990,4,0,0,4
STINGY,1564,5,1,0,6
STINGY,1673,1,0,1,2
GREEDY,2626,15,1,4,20
GREEDY,13584,13,2,2,17
STINGY,2145,3,0,0,3
GREEDY,1944,17,1,3,21
GREEDY,2299,18,1,4,23
GREEDY,14089,15,2,3,20
GREEDY,2245,17,2,2,21
STINGY,1489,5,1,1,7
GREEDY,4451,13,1,3,17
GREEDY,4238,17,1,4,22
GREEDY,3529,15,1,3,19
GREEDY,2247,15,1,3,19
GREEDY,2472,19,0,3,22
GREEDY,4060,16,1,3,20
STINGY,1021,4,2,2,8
GREEDY,1580,17,1,3,21
GREEDY,2836,15,2,4,21
STINGY,2404,1,1,0,2
STINGY,678,4,0,0,4
GREEDY,5531,15,2,3,20
GREEDY,5591,18,2,3,23
STINGY,1780,7,0,0,7
STINGY,1428,0,0,1,1
GREEDY,5676,16,2,3,21
STINGY,1180,3,0,1,4
GREEDY,1473,13,1,3,17
GREEDY,3100,16,0,3,19
STINGY,1738,1,0,0,1
GREEDY,2246,13,2,4,19
STINGY,1359,2,0,0,2
GREEDY,2829,18,2,3,23
GREEDY,3292,15,2,3,20
GREEDY,2612,14,1,4,19
GREEDY,2056,17,0,1,18
GREEDY,4698,18,2,3,23
GREEDY,3281,11,2,4,17
STINGY,968,3,0,0,3
STINGY,1404,4,0,1,5
STINGY,1976,3,0,0,3
STINGY,1450,4,0,0,4
STINGY,1298,6,0,0,6
GREEDY,8740,15,2,2,19
STINGY,1648,3,0,0,3
GREEDY,4506,16,0,2,18
STINGY,1352,2,1,1,4
STINGY,1635,5,0,0,5
STINGY,795,5,0,0,5
GREEDY,3026,13,2,4,19
STINGY,1868,4,0,1,5
STINGY,1193,4,0,1,5
STINGY,1870,5,0,1,6
GREEDY,3003,14,2,4,20
STINGY,2189,3,1,0,4
GREEDY,2007,14,0,4,18
GREEDY,6289,17,2,3,22
STINGY,1654,1,0,0,1
GREEDY,1649,16,2,4,22
STINGY,1653,2,1,0,3
GREEDY,1690,16,2,2,20
STINGY,1511,3,0,0,3
GREEDY,3197,14,1,2,17
STINGY,1310,6,0,1,7
STINGY,1306,1,1,1,3
GREEDY,2022,15,1,4,20
STINGY,1623,0,0,1,1
GREEDY,2873,15,2,4,21
GREEDY,2674,14,2,4,20
GREEDY,1064,12,2,4,18
STINGY,1218,5,0,0,5
STINGY,2415,1,0,2,3
STINGY,1562,5,1,0,6
GREEDY,4059,18,1,3,22
STINGY,1239,3,0,2,5
GREEDY,2941,17,1,4,22
STINGY,1368,4,0,0,4
STINGY,1336,3,0,0,3
GREEDY,1695,18,2,2,22
STINGY,1030,2,1,1,4
GREEDY,7570,16,2,2,20
GREEDY,2325,16,2,3,21
STINGY,1422,1,0,0,1
GREEDY,4816,17,1,2,20
STINGY,1894,0,0,0,0
GREEDY,3073,18,1,3,22
GREEDY,4911,17,2,3,22
GREEDY,7436,16,2,3,21
STINGY,2152,4,0,0,4
GREEDY,4105,17,2,3,22
GREEDY,4838,15,1,3,19
GREEDY,1931,11,2,4,17
GREEDY,1775,17,0,3,20
STINGY,1264,4,0,1,5
STINGY,1975,2,0,2,4
GREEDY,2571,18,1,3,22
GREEDY,3409,17,2,3,22
STINGY,1406,3,0,1,4
GREEDY,4762,16,2,3,21
GREEDY,407,15,2,4,21
GREEDY,3421,18,1,2,21
STINGY,1572,2,0,0,2
STINGY,1323,1,1,1,3
STINGY,1012,2,0,0,2
GREEDY,3008,17,2,2,21
GREEDY,2223,18,2,3,23
STINGY,810,3,0,0,3
STINGY,1014,4,0,3,7
GREEDY,2086,20,2,2,24
GREEDY,4523,20,2,2,24
STINGY,1213,5,0,0,5
STINGY,2110,3,0,0,3
GREEDY,1693,18,2,3,23
GREEDY,2853,19,2,3,24
GREEDY,975,15,1,4,20
GREEDY,1798,8,2,4,14
STINGY,1292,4,0,0,4
STINGY,1689,2,0,0,2
GREEDY,2097,16,1,3,20
GREEDY,5090,16,2,4,22
GREEDY,2149,18,2,3,23
STINGY,1749,0,0,0,0
STINGY,1805,4,1,1,6
STINGY,992,1,0,1,2
GREEDY,4011,18,2,2,22
GREEDY,5094,17,1,4,22
STINGY,1787,6,0,0,6
GREEDY,7114,17,2,2,21
GREEDY,3674,11,2,3,16
STINGY,1235,2,0,0,2
GREEDY,3308,17,1,1,19
STINGY,1105,3,0,1,4
GREEDY,2246,18,2,3,23
STINGY,1278,2,0,0,2
STINGY,2348,7,0,1,8
STINGY,1490,4,0,0,4
STINGY,1408,2,0,0,2
STINGY,1791,2,0,2,4
GREEDY,6145,15,2,3,20
STINGY,746,3,2,1,6
GREEDY,4618,16,2,3,21
GREEDY,2421,15,2,3,20
STINGY,2418,3,0,0,3
STINGY,640,3,1,0,4
GREEDY,2520,14,2,3,19
GREEDY,3779,14,2,4,20
STINGY,1782,4,1,1,6
GREEDY,5653,15,1,3,19
GREEDY,1518,16,2,4,22
GREEDY,1829,14,1,1,16
GREEDY,3375,19,1,4,24
STINGY,1452,4,0,1,5
STINGY,1822,3,0,0,3
STINGY,1499,4,1,2,7
GREEDY,3973,16,2,1,19
STINGY,1802,2,1,0,3
GREEDY,2548,17,0,2,19
STINGY,2322,0,0,0,0
STINGY,1241,1,0,1,2
STINGY,564,4,1,0,5
STINGY,1396,3,0,0,3
STINGY,2022,1,0,0,1
STINGY,1910,2,0,2,4
GREEDY,5740,16,1,2,19
GREEDY,1452,14,0,3,17
GREEDY,2632,17,1,3,21
GREEDY,877,13,1,3,17
GREEDY,2465,14,2,4,20
GREEDY,1573,13,2,4,19
GREEDY,3575,18,2,3,23
STINGY,1505,2,1,1,4
STINGY,1324,3,1,0,4
GREEDY,3405,15,1,4,20
GREEDY,2317,18,2,4,24
STINGY,2433,0,1,0,1
GREEDY,3084,17,2,3,22
STINGY,1478,6,0,0,6
STINGY,1502,2,0,2,4
STINGY,2360,2,0,0,2
GREEDY,1724,17,1,3,21
STINGY,985,3,0,0,3
GREEDY,7930,14,2,1,17
STINGY,1271,3,0,0,3
STINGY,686,4,0,0,4
GREEDY,2959,17,2,3,22
STINGY,1957,4,1,1,6
GREEDY,2855,17,2,3,22
STINGY,1290,3,0,1,4
GREEDY,4424,15,1,3,19
STINGY,2502,1,0,1,2
GREEDY,2754,16,2,3,21
GREEDY,11500,14,2,4,20
GREEDY,5442,15,2,3,20
GREEDY,2669,15,1,4,20
GREEDY,2678,18,2,2,22
GREEDY,3214,16,2,4,22
STINGY,1014,3,0,0,3
GREEDY,6614,15,1,2,18
GREEDY,14722,13,1,4,18
STINGY,1278,4,0,0,4
GREEDY,3382,16,2,4,22
STINGY,632,4,0,0,4
GREEDY,4160,15,0,3,18
GREEDY,5119,18,1,2,21
GREEDY,4513,14,1,2,17
GREEDY,5478,16,2,4,22
STINGY,1192,2,0,1,3
GREEDY,1473,16,2,4,22
STINGY,1341,3,0,0,3
GREEDY,3364,17,2,4,23
STINGY,1516,2,1,0,3
STINGY,1869,4,1,0,5
GREEDY,3299,18,2,3,23
GREEDY,2352,14,1,3,18
STINGY,1976,5,0,2,7
GREEDY,5480,18,2,4,24
STINGY,1238,3,1,0,4
STINGY,1678,3,0,0,3
STINGY,2275,7,1,3,11
STINGY,1558,7,0,2,9
GREEDY,4776,16,1,2,19
STINGY,1972,0,0,0,0
GREEDY,3315,15,2,4,21
GREEDY,3639,20,1,2,23
STINGY,1758,1,1,2,4
STINGY,1586,1,0,2,3
STINGY,1069,4,0,2,6
GREEDY,6314,16,2,3,21
GREEDY,2751,18,1,4,23
GREEDY,3243,16,2,4,22
STINGY,1121,1,1,3,5
STINGY,1720,3,0,1,4
STINGY,1462,4,1,1,6
GREEDY,3344,19,1,4,24
STINGY,1831,3,0,0,3
STINGY,1348,4,0,0,4
STINGY,23449,9,2,1,12
STINGY,2125,3,0,0,3
STINGY,1131,4,0,2,6
GREEDY,3513,19,2,4,25
GREEDY,5020,14,2,4,20
GREEDY,3570,17,1,4,22
GREEDY,7081,13,2,2,17
STINGY,1430,3,0,1,4
GREEDY,3223,16,2,3,21
GREEDY,4911,17,2,3,22
GREEDY,6893,14,2,4,20
GREEDY,3346,17,2,4,23
GREEDY,2969,15,2,3,20
GREEDY,2009,14,2,4,20
STINGY,1128,6,0,0,6
STINGY,1459,2,0,1,3
GREEDY,9346,15,1,3,19
STINGY,1761,1,0,0,1
GREEDY,14768,16,2,3,21
GREEDY,3623,16,2,4,22
STINGY,1081,6,0,1,7
GREEDY,5678,16,2,3,21
STINGY,1657,2,1,0,3
GREEDY,4801,18,2,3,23
GREEDY,2848,14,2,3,19
STINGY,1706,4,1,3,8
STINGY,1394,2,0,0,2
STINGY,1630,2,0,1,3
STINGY,2445,1,0,0,1
GREEDY,2394,17,2,4,23
STINGY,2065,0,0,0,0
GREEDY,5583,15,0,3,18
GREEDY,3208,15,1,4,20
STINGY,1380,3,1,0,4
GREEDY,3859,18,1,3,22
GREEDY,3312,13,2,4,19
STINGY,1300,2,0,1,3
GREEDY,2373,17,1,3,21
STINGY,1625,4,0,2,6
GREEDY,2288,17,1,4,22
STINGY,1682,0,1,0,1
GREEDY,6986,16,2,2,20
GREEDY,2941,12,1,4,17
GREEDY,1170,15,1,3,19
STINGY,1251,2,0,1,3
GREEDY,4319,16,2,2,20
STINGY,2131,2,0,1,3
GREEDY,5368,17,2,3,22
GREEDY,5026,13,1,3,17
GREEDY,3262,15,1,3,19
GREEDY,1498,15,2,4,21
GREEDY,2498,17,1,4,22
STINGY,1501,2,0,0,2
GREEDY,2518,16,2,4,22
GREEDY,5749,16,2,2,20
GREEDY,10804,14,1,3,18
GREEDY,3803,19,2,4,25
STINGY,2073,1,0,0,1
STINGY,1840,3,0,0,3
STINGY,2579,3,0,1,4
GREEDY,3597,17,2,2,21
STINGY,1487,4,0,2,6
GREEDY,5437,17,2,0,19
GREEDY,1987,13,1,4,18
GREEDY,1852,14,0,4,18
GREEDY,6023,16,2,3,21
GREEDY,5784,16,2,2,20
STINGY,1081,6,0,3,9
GREEDY,3469,17,2,4,23
GREEDY,13271,14,2,3,19
GREEDY,1359,9,2,4,15
GREEDY,2246,15,2,3,20
STINGY,1281,3,0,1,4
GREEDY,3307,19,2,3,24
GREEDY,5131,15,2,3,20
STINGY,1562,1,0,0,1
GREEDY,3066,18,2,4,24
STINGY,1892,2,0,1,3
STINGY,2112,1,1,0,2
GREEDY,3024,14,1,2,17
GREEDY,3859,13,1,3,17
GREEDY,4346,16,1,4,21
STINGY,2163,3,0,1,4
STINGY,919,4,0,1,5
STINGY,1525,1,0,0,1
STINGY,1571,3,0,0,3
STINGY,1254,2,1,0,3
GREEDY,3712,13,2,3,18
GREEDY,2545,12,0,4,16
GREEDY,1951,15,1,3,19
GREEDY,7598,16,1,4,21
STINGY,1512,1,0,1,2
GREEDY,10080,15,1,3,19
GREEDY,5442,19,1,3,23
STINGY,1350,2,0,1,3
STINGY,1464,5,1,0,6
STINGY,993,7,0,0,7
GREEDY,4313,17,2,2,21
GREEDY,3420,17,2,3,22
STINGY,718,3,0,2,5
GREEDY,3074,13,2,4,19
GREEDY,2758,16,1,4,21
STINGY,1115,4,2,0,6
STINGY,1655,3,0,1,4
GREEDY,9794,16,2,4,22
STINGY,1745,5,1,0,6
STINGY,2932,3,1,1,5
STINGY,1495,1,0,1,2
GREEDY,3491,14,1,4,19
STINGY,1281,1,0,1,2
GREEDY,1313,16,2,4,22
STINGY,1832,1,0,0,1
GREEDY,3818,16,1,4,21
STINGY,1295,3,0,0,3
STINGY,1336,3,1,1,5
GREEDY,1028,16,2,3,21
GREEDY,4075,13,2,4,19
STINGY,1770,2,0,0,2
GREEDY,3748,15,1,3,19
GREEDY,4557,17,2,2,21
STINGY,1706,1,0,0,1
GREEDY,3174,17,2,3,22
STINGY,1190,6,1,0,7
GREEDY,4947,17,1,3,21
STINGY,1220,3,0,0,3
STINGY,1395,2,1,3,6
GREEDY,2058,12,0,2,14
STINGY,2101,1,1,0,2
GREEDY,2789,16,2,3,21
STINGY,663,4,2,1,7
STINGY,1826,6,1,0,7
GREEDY,2589,20,2,3,25
STINGY,1039,3,0,0,3
STINGY,1735,5,1,1,7
STINGY,1998,1,0,0,1
GREEDY,10553,16,1,3,20
STINGY,1685,4,0,0,4
STINGY,1007,3,0,1,4
GREEDY,4484,19,2,0,21
STINGY,1827,0,0,1,1
GREEDY,2575,17,2,4,23
STINGY,1410,2,1,1,4
GREEDY,4909,17,2,3,22
GREEDY,2113,15,2,3,20
GREEDY,1912,13,2,3,18
GREEDY,1895,14,2,3,19
GREEDY,3139,15,1,4,20
GREEDY,8972,11,2,2,15
GREEDY,1689,14,2,3,19
STINGY,1170,8,0,3,11
GREEDY,3542,17,1,2,20
GREEDY,4031,17,1,3,21
STINGY,1375,2,0,1,3
GREEDY,3921,17,1,3,21
STINGY,1724,1,0,1,2
STINGY,1367,4,1,0,5
GREEDY,2114,12,2,2,16
STINGY,1664,2,0,0,2
GREEDY,4452,18,2,3,23
GREEDY,3402,16,1,4,21
STINGY,1044,5,0,0,5
STINGY,1750,3,2,0,5
GREEDY,2887,17,2,3,22
GREEDY,19153,16,1,3,20
GREEDY,2824,15,2,4,21
STINGY,1913,0,0,1,1
GREEDY,5000,17,2,3,22
GREEDY,6057,14,2,3,19
STINGY,2123,1,0,2,3
STINGY,1404,2,0,0,2
GREEDY,10094,15,2,3,20
STINGY,1039,2,0,2,4
STINGY,1852,1,0,0,1
STINGY,1556,3,0,2,5
STINGY,1813,3,0,0,3
STINGY,1445,3,0,0,3
STINGY,1066,4,1,0,5
GREEDY,6974,16,2,2,20
STINGY,1408,3,0,0,3
STINGY,1308,4,1,2,7
STINGY,1325,0,0,0,0
GREEDY,2625,16,2,2,20
GREEDY,1268,18,2,2,22
GREEDY,598,20,1,2,23
GREEDY,2483,16,2,4,22
GREEDY,3190,16,1,4,21
STINGY,1628,7,0,0,7
GREEDY,6916,14,2,3,19
GREEDY,3154,12,1,3,16
GREEDY,1911,19,2,2,23
GREEDY,7387,15,2,4,21
GREEDY,3169,17,1,3,21
STINGY,1837,3,0,3,6
STINGY,1500,2,0,0,2
STINGY,1502,2,0,0,2
STINGY,2045,3,1,1,5
GREEDY,9073,14,2,2,18
STINGY,1209,5,0,0,5
GREEDY,5443,17,2,2,21
GREEDY,2322,16,2,2,20
GREEDY,3916,19,2,3,24
GREEDY,2951,16,2,2,20
GREEDY,11696,14,1,3,18
STINGY,1445,5,0,2,7
GREEDY,3510,17,2,2,21
GREEDY,8570,14,2,4,20
STINGY,1526,3,0,0,3
STINGY,1793,3,0,1,4
STINGY,2086,4,0,0,4
GREEDY,8920,15,2,3,20
GREEDY,650,14,1,4,19
GREEDY,4902,17,2,3,22
GREEDY,2940,15,2,4,21
GREEDY,18695,13,2,3,18
GREEDY,5135,17,1,3,21
GREEDY,9269,14,2,2,18
GREEDY,3071,16,2,3,21
STINGY,1496,2,1,1,4
GREEDY,7144,14,2,2,18
STINGY,1973,5,0,1,6
STINGY,906,5,0,0,5
GREEDY,886,8,0,4,12
GREEDY,5922,15,1,3,19
GREEDY,2592,19,2,3,24
STINGY,1686,2,0,0,2
STINGY,1387,5,0,1,6
GREEDY,6332,16,1,3,20
GREEDY,2018,13,2,3,18
GREEDY,3975,16,1,1,18
GREEDY,4307,18,1,3,22
STINGY,1363,1,0,1,2
GREEDY,5800,16,2,3,21
STINGY,1310,5,0,1,6
GREEDY,1202,15,2,4,21
GREEDY,2809,19,1,4,24
STINGY,1208,3,1,1,5
GREEDY,3049,17,2,3,22
GREEDY,2455,16,1,4,21
STINGY,1772,4,0,1,5
GREEDY,2231,13,2,3,18
STINGY,1899,2,1,0,3
GREEDY,4092,17,2,2,21
GREEDY,3457,10,2,4,16
STINGY,804,4,1,0,5
GREEDY,4634,17,1,3,21
STINGY,1192,5,0,0,5
GREEDY,2585,13,0,3,16
GREEDY,13210,14,1,3,18
STINGY,1081,3,0,1,4
GREEDY,4213,16,2,3,21
STINGY,1844,3,0,4,7
STINGY,2016,2,0,2,4
GREEDY,2113,12,2,3,17
GREEDY,5334,15,1,3,19
GREEDY,4534,15,2,1,18
GREEDY,2833,16,1,2,19
STINGY,1779,2,1,0,3
STINGY,988,3,1,1,5
STINGY,1987,5,1,0,6
STINGY,669,2,1,1,4
STINGY,1579,6,0,0,6
GREEDY,3257,15,2,2,19
GREEDY,3183,13,1,4,18
GREEDY,4183,15,2,4,21
GREEDY,2541,17,2,3,22
GREEDY,1802,14,2,3,19
STINGY,1543,1,0,0,1
STINGY,1264,5,0,0,5
GREEDY,2424,15,2,4,21
GREEDY,1912,17,2,2,21
STINGY,989,6,0,0,6
STINGY,1923,2,1,2,5
GREEDY,1415,18,1,3,22
GREEDY,1723,13,2,2,17
STINGY,1613,0,0,0,0
GREEDY,7374,14,2,3,19
STINGY,1368,4,1,0,5
GREEDY,2720,15,2,1,18
GREEDY,3857,16,2,3,21
STINGY,1256,1,0,0,1
STINGY,1116,3,0,0,3
GREEDY,3242,18,2,4,24
STINGY,1328,1,0,1,2
STINGY,1167,2,0,0,2
STINGY,796,5,0,0,5
GREEDY,4157,16,2,3,21
GREEDY,4614,14,1,2,17
STINGY,1330,1,0,0,1
GREEDY,1677,18,0,1,19
GREEDY,4323,17,1,2,20
GREEDY,9995,15,2,2,19
STINGY,1571,7,1,1,9
GREEDY,3792,16,0,3,19
STINGY,1146,3,0,2,5
GREEDY,3346,17,1,3,21
STINGY,1567,1,1,2,4
STINGY,2002,2,1,2,5
STINGY,1070,5,0,0,5
STINGY,897,4,1,2,7
GREEDY,879,13,1,2,16
GREEDY,8651,16,2,3,21
GREEDY,3840,15,1,4,20
STINGY,3824,3,0,1,4
GREEDY,3724,15,1,4,20
GREEDY,3762,11,2,2,15
GREEDY,1534,15,2,4,21
STINGY,1052,2,0,0,2
GREEDY,1182,14,0,4,18
GREEDY,4097,16,1,3,20
STINGY,1056,4,0,1,5
STINGY,2586,2,0,2,4
GREEDY,4682,17,1,2,20
STINGY,1345,1,0,0,1
GREEDY,6219,18,1,3,22
GREEDY,1232,12,1,4,17
GREEDY,3150,13,2,4,19
STINGY,1534,1,0,1,2
STINGY,1637,3,0,2,5
GREEDY,8267,15,2,4,21
STINGY,2485,3,0,1,4
GREEDY,1082,14,2,4,20
STINGY,2332,1,0,0,1
GREEDY,2742,16,2,4,22
STINGY,1758,4,0,0,4
STINGY,2153,1,1,2,4
GREEDY,6178,17,2,3,22
GREEDY,5487,14,2,2,18
STINGY,2239,5,0,1,6
STINGY,2247,6,1,2,9
GREEDY,3496,15,0,4,19
GREEDY,934,13,1,3,17
GREEDY,16518,14,2,2,18
GREEDY,4187,16,2,4,22
GREEDY,10641,14,1,2,17
GREEDY,3428,18,2,4,24
GREEDY,6231,18,2,4,24
GREEDY,4219,12,1,4,17
GREEDY,5140,17,2,4,23
GREEDY,2094,18,1,4,23
STINGY,1622,1,0,0,1
STINGY,1491,6,0,0,6
GREEDY,1299,19,1,2,22
STINGY,948,2,0,1,3
GREEDY,5507,16,1,4,21
STINGY,1504,3,0,0,3
STINGY,1520,3,0,0,3
GREEDY,2719,17,2,4,23
GREEDY,9055,14,1,3,18
STINGY,1490,3,1,1,5
GREEDY,2266,16,2,4,22
GREEDY,3299,16,2,3,21
STINGY,806,3,0,0,3
GREEDY,4570,15,2,3,20
STINGY,1466,2,0,0,2
GREEDY,4636,15,2,4,21
GREEDY,862,12,1,4,17
GREEDY,2564,16,2,4,22
STINGY,1324,2,0,0,2
GREEDY,3628,17,2,3,22
GREEDY,3155,15,2,3,20
GREEDY,938,18,1,3,22
GREEDY,2505,16,2,4,22
STINGY,1343,4,0,2,6
GREEDY,2546,17,1,4,22
GREEDY,1317,18,2,4,24
STINGY,2087,1,0,1,2
GREEDY,2045,17,1,4,22
STINGY,1984,2,1,2,5
STINGY,1858,5,0,1,6
STINGY,1526,2,0,1,3
STINGY,1705,2,0,0,2
STINGY,423,5,0,0,5
GREEDY,3950,16,2,3,21
GREEDY,8651,16,2,2,20
GREEDY,3770,17,2,2,21
GREEDY,5020,14,2,3,19
STINGY,1200,1,0,0,1
GREEDY,4868,17,2,3,22
STINGY,1491,1,0,0,1
STINGY,1300,1,0,1,2
STINGY,1084,4,0,0,4
STINGY,1602,4,0,1,5
GREEDY,4068,14,2,4,20
GREEDY,5943,15,1,4,20
GREEDY,1144,8,2,4,14
GREEDY,4894,17,1,3,21
STINGY,1284,2,0,1,3
STINGY,1272,1,0,0,1
GREEDY,3108,19,1,3,23
GREEDY,28140,13,2,3,18
STINGY,1405,2,1,0,3
GREEDY,10084,13,2,4,19
STINGY,2147,1,2,0,3
GREEDY,3322,13,1,3,17
STINGY,1456,2,0,0,2
GREEDY,3821,14,2,4,20
GREEDY,9119,14,1,2,17
STINGY,1755,2,0,2,4
STINGY,653,5,0,0,5
GREEDY,3823,17,1,4,22
GREEDY,11947,11,0,3,14
GREEDY,4098,16,2,4,22
STINGY,2363,1,1,1,3
STINGY,1250,3,0,0,3
STINGY,1358,4,0,2,6
STINGY,1780,1,0,1,2
GREEDY,1313,13,2,4,19
STINGY,677,5,1,2,8
GREEDY,3828,16,2,3,21
GREEDY,3003,11,0,3,14
GREEDY,3410,13,1,4,18
STINGY,1011,2,0,1,3
GREEDY,10690,16,1,2,19
GREEDY,4846,12,2,3,17
GREEDY,10005,14,2,3,19
GREEDY,3961,16,2,3,21
GREEDY,2355,12,2,4,18
STINGY,1820,2,0,0,2
GREEDY,2916,15,1,4,20
GREEDY,6060,17,1,3,21
GREEDY,2614,12,2,4,18
STINGY,1669,1,0,0,1
STINGY,1720,2,0,0,2
GREEDY,2432,18,2,2,22
GREEDY,3340,14,0,4,18
STINGY,2592,4,0,1,5
STINGY,1216,3,0,1,4
GREEDY,3248,19,2,3,24
GREEDY,1466,19,2,4,25
GREEDY,3933,16,2,3,21
STINGY,2708,5,1,3,9
STINGY,1562,2,0,0,2
STINGY,647,4,0,0,4
GREEDY,6012,17,2,3,22
GREEDY,2972,18,2,3,23
GREEDY,3097,11,1,3,15
STINGY,1793,2,0,1,3
STINGY,1672,1,0,0,1
GREEDY,5688,15,2,2,19
GREEDY,3111,14,2,4,20
STINGY,1304,3,0,1,4
GREEDY,4258,15,2,4,21
GREEDY,1908,17,2,3,22
GREEDY,1932,19,2,2,23
GREEDY,644,14,2,3,19
GREEDY,1522,10,2,4,16
STINGY,735,4,1,1,6
STINGY,1310,2,0,0,2
GREEDY,3018,15,2,3,20
GREEDY,7624,16,1,3,20
GREEDY,3439,15,1,2,18
GREEDY,4401,16,0,2,18
GREEDY,1367,11,2,4,17
STINGY,1545,2,0,0,2
GREEDY,7742,14,2,3,19
GREEDY,1743,15,2,3,20
GREEDY,3829,15,1,4,20
GREEDY,3622,16,2,4,22
STINGY,2906,2,0,3,5
STINGY,1753,5,0,0,5
STINGY,1384,3,0,0,3
GREEDY,4207,17,2,3,22
GREEDY,3212,14,1,4,19
GREEDY,5358,16,2,4,22
STINGY,836,4,0,2,6
GREEDY,3808,12,2,4,18
GREEDY,7519,14,2,4,20
STINGY,1608,5,0,0,5
STINGY,1881,0,0,1,1
GREEDY,6247,15,1,2,18
STINGY,3086,0,0,0,0
GREEDY,1655,13,1,3,17
GREEDY,2212,15,0,2,17
GREEDY,2763,15,2,2,19
GREEDY,4333,15,2,2,19
STINGY,824,5,0,1,6
GREEDY,2966,15,1,3,19
GREEDY,3300,17,2,3,22
STINGY,1604,3,0,1,4
STINGY,1310,3,1,2,6
GREEDY,3571,15,2,3,20
GREEDY,3203,13,2,3,18
STINGY,2210,2,0,0,2
GREEDY,3888,16,1,3,20
STINGY,1134,5,0,0,5
GREEDY,2734,14,1,3,18
STINGY,1469,3,0,1,4
STINGY,1678,3,0,0,3
STINGY,1239,4,0,1,5
GREEDY,3822,15,2,3,20
STINGY,2320,0,1,1,2
STINGY,1114,5,2,1,8
GREEDY,4825,15,2,2,19
GREEDY,5150,14,2,2,18
GREEDY,4619,14,2,4,20
STINGY,881,6,0,0,6
GREEDY,5399,15,1,3,19
STINGY,1352,3,0,0,3
GREEDY,3919,15,0,4,19
GREEDY,4058,16,2,3,21
STINGY,1549,2,1,1,4
GREEDY,3076,15,2,3,20
STINGY,931,6,0,0,6
GREEDY,4488,16,2,4,22
GREEDY,7439,15,2,3,20
STINGY,1697,1,0,0,1
GREEDY,2324,14,2,2,18
GREEDY,3602,19,2,2,23
GREEDY,2488,16,2,4,22
STINGY,1885,2,0,0,2
GREEDY,3496,16,1,2,19
STINGY,813,4,0,0,4
STINGY,1903,2,2,1,5
GREEDY,2594,15,1,4,20
GREEDY,2582,18,2,2,22
STINGY,2277,4,1,1,6
GREEDY,2350,15,2,4,21
GREEDY,25597,14,1,3,18
GREEDY,2231,14,1,3,18
GREEDY,1884,15,2,3,20
STINGY,2865,1,0,0,1
GREEDY,2077,14,2,3,19
STINGY,1630,2,0,0,2
STINGY,1880,5,1,0,6
GREEDY,989,17,2,2,21
STINGY,1783,1,0,1,2
STINGY,1695,2,0,1,3
GREEDY,2006,13,2,4,19
GREEDY,3650,15,2,3,20
GREEDY,2427,12,2,0,14
STINGY,1327,3,0,0,3
GREEDY,4821,17,1,3,21
GREEDY,10385,16,1,3,20
GREEDY,2876,13,1,3,17
GREEDY,3934,18,2,4,24
STINGY,757,6,0,1,7
STINGY,1472,1,1,0,2
GREEDY,3094,16,2,2,20
GREEDY,1048,18,1,3,22
GREEDY,1553,16,1,4,21
STINGY,1548,3,1,1,5
STINGY,558,4,0,0,4
GREEDY,1444,15,1,4,20
STINGY,1735,0,1,0,1
STINGY,1648,5,0,1,6
GREEDY,5351,15,1,4,20
GREEDY,3231,15,2,4,21
GREEDY,4748,15,1,4,20
GREEDY,4338,17,1,3,21
STINGY,737,4,0,1,5
STINGY,1241,2,0,0,2
GREEDY,1190,15,2,3,20
STINGY,1589,2,0,0,2
GREEDY,7421,16,2,3,21
GREEDY,7592,14,2,3,19
GREEDY,2090,15,1,3,19
GREEDY,4418,17,2,1,20
GREEDY,4939,18,1,1,20
STINGY,1506,3,0,0,3
STINGY,1063,3,0,0,3
STINGY,1400,2,0,0,2
STINGY,833,5,1,1,7
GREEDY,2419,15,2,3,20
GREEDY,3175,14,2,3,19
STINGY,1067,5,0,0,5
GREEDY,4661,17,2,3,22
GREEDY,2856,17,1,4,22
GREEDY,3456,14,1,1,16
GREEDY,1385,15,2,4,21
GREEDY,5139,18,2,4,24
STINGY,1442,2,1,1,4
GREEDY,2370,19,1,4,24
GREEDY,2030,17,2,3,22
GREEDY,2732,16,1,4,21
STINGY,1238,7,0,1,8
STINGY,1802,3,0,0,3
GREEDY,20756,15,2,3,20
STINGY,808,5,0,1,6
STINGY,1335,2,0,0,2
STINGY,1613,2,0,0,2
STINGY,1445,1,1,1,3
STINGY,2450,3,1,1,5
GREEDY,5683,17,2,4,23
GREEDY,2298,18,1,3,22
GREEDY,3306,16,1,4,21
GREEDY,4503,18,2,4,24
GREEDY,2928,19,2,3,24
STINGY,1434,4,1,0,5
STINGY,1045,5,0,1,6
GREEDY,1905,17,1,3,21
GREEDY,9831,17,2,2,21
STINGY,936,5,0,1,6
GREEDY,2977,12,2,3,17
STINGY,2301,2,0,0,2
STINGY,1451,1,0,1,2
GREEDY,6709,19,2,3,24
GREEDY,3008,13,2,4,19
STINGY,912,1,0,2,3
GREEDY,3676,16,1,3,20
GREEDY,2543,16,2,3,21
GREEDY,2557,19,2,3,24
GREEDY,1654,19,1,3,23
STINGY,1847,5,2,1,8
GREEDY,3386,18,2,3,23
STINGY,1810,3,1,0,4
STINGY,1368,1,0,0,1
STINGY,1447,6,0,0,6
STINGY,1807,1,1,1,3
STINGY,893,2,0,1,3
STINGY,1048,2,0,0,2
STINGY,915,3,0,1,4
GREEDY,4579,13,2,3,18
GREEDY,820,18,1,4,23
STINGY,1808,1,2,1,4
GREEDY,4352,18,2,3,23
GREEDY,1840,13,1,4,18
GREEDY,2333,11,2,3,16
GREEDY,2634,18,2,3,23
GREEDY,5623,18,2,2,22
GREEDY,4238,17,1,3,21
GREEDY,833,11,1,4,16
GREEDY,3796,14,1,4,19
STINGY,1324,2,1,2,5
STINGY,1839,3,0,0,3
GREEDY,4372,15,1,3,19
GREEDY,3203,17,1,2,20
STINGY,1703,2,0,2,4
GREEDY,2991,13,1,3,17
GREEDY,4043,14,1,3,18
GREEDY,9699,14,1,3,18
STINGY,1233,5,0,0,5
GREEDY,2705,14,2,4,20
STINGY,1683,2,0,0,2
STINGY,3098,2,1,2,5
GREEDY,3367,15,2,2,19
STINGY,1126,4,1,2,7
STINGY,1365,8,0,1,9
STINGY,1529,3,1,0,4
GREEDY,3461,14,1,4,19
GREEDY,6300,16,2,4,22
STINGY,1526,2,0,0,2
GREEDY,3081,18,2,3,23
GREEDY,1705,15,2,2,19
STINGY,1218,5,0,0,5
GREEDY,2709,18,1,1,20
STINGY,1898,3,0,0,3
STINGY,1792,1,0,1,2
STINGY,1590,4,0,0,4
GREEDY,4838,17,1,3,21
GREEDY,3447,18,1,3,22
GREEDY,4453,16,1,3,20
GREEDY,5051,13,2,4,19
GREEDY,3062,16,1,2,19
GREEDY,2831,13,2,3,18
GREEDY,3285,16,2,4,22
STINGY,1370,4,0,0,4
GREEDY,777,17,1,3,21
STINGY,1170,2,0,0,2
STINGY,2697,3,0,2,5
STINGY,1473,3,0,0,3
GREEDY,4340,18,2,3,23
GREEDY,702,14,2,3,19
STINGY,2160,4,0,1,5
GREEDY,6656,11,1,4,16
STINGY,1136,5,1,0,6
GREEDY,1169,12,0,4,16
GREEDY,2056,11,2,4,17
GREEDY,5113,16,2,2,20
GREEDY,1212,16,1,4,21
GREEDY,2142,15,2,4,21
STINGY,2169,4,0,2,6
STINGY,2200,4,0,0,4
STINGY,1736,2,0,2,4
STINGY,1673,2,0,0,2
STINGY,1588,4,0,2,6
STINGY,1262,3,0,2,5
GREEDY,1951,18,2,3,23
GREEDY,2662,12,2,1,15
GREEDY,2688,17,2,4,23
STINGY,1483,2,0,1,3
STINGY,1630,1,0,1,2
GREEDY,1945,12,2,4,18
STINGY,720,5,0,1,6
STINGY,1053,6,1,0,7
GREEDY,1639,16,2,3,21
GREEDY,1956,15,2,3,20
STINGY,1703,1,0,0,1
GREEDY,3059,13,1,2,16
GREEDY,5361,15,1,3,19
STINGY,1693,2,1,0,3
GREEDY,6503,16,1,3,20
GREEDY,3458,16,0,4,20
STINGY,1485,1,0,0,1
STINGY,2385,3,0,0,3
STINGY,2019,4,0,0,4
GREEDY,2043,17,2,3,22
STINGY,2230,0,0,0,0
STINGY,2196,1,0,0,1
GREEDY,5910,16,2,3,21
STINGY,1829,4,0,0,4
GREEDY,8482,15,1,3,19
GREEDY,4137,17,2,2,21
STINGY,1351,4,0,0,4
GREEDY,5492,16,2,4,22
GREEDY,5366,16,2,4,22
STINGY,1723,2,1,1,4
GREEDY,20051,14,2,2,18
GREEDY,4736,17,0,4,21
GREEDY,2241,15,2,4,21
GREEDY,2473,16,2,2,20
GREEDY,3074,14,2,3,19
GREEDY,4394,17,2,3,22
GREEDY,6889,16,1,3,20
STINGY,1434,1,2,0,3
GREEDY,3777,17,1,2,20
STINGY,1852,1,0,1,2
STINGY,1676,3,0,3,6
STINGY,1482,2,1,1,4
GREEDY,3427,17,1,3,21
GREEDY,2293,16,1,2,19
STINGY,657,5,0,0,5
STINGY,1635,4,1,0,5
GREEDY,1366,13,1,3,17
GREEDY,5463,17,2,2,21
STINGY,1057,6,0,2,8
GREEDY,8904,16,2,2,20
GREEDY,3849,13,1,3,17
STINGY,1548,1,0,0,1
STINGY,1146,6,1,1,8
GREEDY,1507,16,2,1,19
GREEDY,3025,15,1,4,20
STINGY,1840,2,0,0,2
GREEDY,2770,15,2,4,21
STINGY,1466,4,1,0,5
GREEDY,4137,18,2,4,24
STINGY,1350,3,0,3,6
STINGY,1453,3,0,0,3
GREEDY,1835,18,0,4,22
GREEDY,3386,17,1,3,21
GREEDY,3562,12,2,3,17
GREEDY,4746,14,1,4,19
STINGY,1548,4,0,0,4
GREEDY,1445,15,2,4,21
GREEDY,4548,17,2,3,22
STINGY,1558,3,0,1,4
GREEDY,427,17,1,4,22
GREEDY,2509,16,2,3,21
STINGY,837,7,0,2,9
GREEDY,4675,16,2,2,20
STINGY,748,6,1,2,9
GREEDY,2056,13,0,4,17
GREEDY,3403,14,2,3,19
GREEDY,5289,14,1,4,19
GREEDY,2300,13,2,4,19
GREEDY,2905,14,1,3,18
GREEDY,4865,16,1,4,21
GREEDY,3405,15,2,2,19
GREEDY,9708,14,2,2,18
STINGY,1034,4,1,0,5
STINGY,1063,3,0,1,4
STINGY,1313,5,0,0,5
STINGY,2086,2,0,2,4
STINGY,1286,2,0,1,3
STINGY,1265,2,0,0,2
GREEDY,2679,13,1,1,15
GREEDY,3298,18,0,2,20
GREEDY,5209,18,2,2,22
STINGY,1125,5,0,0,5
STINGY,935,4,0,1,5
GREEDY,4108,18,1,4,23
GREEDY,5187,16,2,3,21
STINGY,2303,4,1,2,7
GREEDY,5057,15,2,3,20
GREEDY,2932,15,1,4,20
STINGY,1595,1,1,0,2
STINGY,1999,1,0,0,1
GREEDY,3502,15,2,3,20
GREEDY,1178,19,2,4,25
STINGY,1243,6,0,0,6
GREEDY,3906,17,2,2,21
GREEDY,4706,18,2,3,23
GREEDY,3381,18,2,4,24
STINGY,1063,6,0,0,6
STINGY,891,5,0,2,7
GREEDY,6440,14,2,2,18
GREEDY,2535,17,2,3,22
STINGY,1841,2,0,0,2
STINGY,1343,3,0,1,4
GREEDY,2810,17,2,2,21
GREEDY,4670,17,2,3,22
STINGY,1395,3,2,3,8
STINGY,2276,0,0,0,0
STINGY,1240,1,0,1,2
GREEDY,2627,15,0,4,19
GREEDY,1892,15,0,4,19
GREEDY,5983,14,1,3,18
GREEDY,790,9,2,4,15
STINGY,1182,1,0,1,2
GREEDY,2138,16,2,4,22
STINGY,1348,5,1,0,6
GREEDY,2661,18,2,2,22
GREEDY,3423,17,2,2,21
STINGY,1073,3,0,3,6
STINGY,1999,0,0,2,2
STINGY,1766,1,0,0,1
GREEDY,4549,15,1,3,19
STINGY,2407,2,2,0,4
STINGY,704,4,0,0,4
STINGY,1365,4,0,0,4
STINGY,1335,2,1,1,4
GREEDY,2148,15,1,3,19
GREEDY,2338,16,1,3,20
GREEDY,3120,16,2,3,21
GREEDY,1492,11,1,3,15
STINGY,1221,5,0,1,6
GREEDY,3416,19,1,4,24
STINGY,1000,5,0,0,5
STINGY,2347,2,0,1,3
GREEDY,2660,18,2,3,23
GREEDY,4517,15,1,3,19
STINGY,1296,7,1,1,9
STINGY,1398,0,0,3,3
GREEDY,3140,17,2,3,22
STINGY,1349,0,0,0,0
GREEDY,5067,17,1,2,20
GREEDY,4223,16,2,3,21
GREEDY,10807,12,1,4,17
GREEDY,1796,15,2,3,20
GREEDY,3383,13,2,4,19
STINGY,1083,1,1,1,3
STINGY,807,4,0,1,5
GREEDY,3937,16,2,2,20
STINGY,1462,1,0,0,1
GREEDY,4072,15,2,2,19
GREEDY,2204,15,2,3,20
GREEDY,2746,17,0,3,20
STINGY,1226,3,0,1,4
STINGY,810,8,1,1,10
STINGY,1460,2,0,0,2
STINGY,700,2,1,1,4
GREEDY,2560,16,1,4,21
STINGY,1355,5,0,2,7
GREEDY,2124,16,2,3,21
GREEDY,2393,16,2,3,21
GREEDY,2563,14,2,3,19
GREEDY,4978,15,2,3,20
GREEDY,6001,13,2,4,19
STINGY,1189,2,1,1,4
STINGY,1769,3,0,1,4
GREEDY,2328,14,0,4,18
STINGY,1922,3,0,0,3
STINGY,924,4,1,1,6
GREEDY,3083,20,2,3,25
GREEDY,3649,14,1,3,18
GREEDY,5751,13,1,3,17
STINGY,1584,2,0,1,3
STINGY,2122,2,1,2,5
GREEDY,1054,17,1,2,20
GREEDY,6449,16,2,3,21
GREEDY,4837,14,1,4,19
STINGY,972,11,0,0,11
GREEDY,7256,18,2,3,23
GREEDY,5033,14,1,4,19
GREEDY,1603,14,1,3,18
STINGY,1276,4,1,1,6
STINGY,1848,1,0,0,1
GREEDY,2977,17,2,3,22
GREEDY,2951,14,2,3,19
STINGY,1475,2,0,0,2
STINGY,2040,4,1,1,6
STINGY,1608,2,0,0,2
GREEDY,1803,15,2,2,19
GREEDY,2568,15,1,1,17
GREEDY,5838,15,1,2,18
GREEDY,3279,17,0,4,21
GREEDY,2100,16,2,3,21
GREEDY,2134,15,1,4,20
GREEDY,2720,17,1,2,20
GREEDY,3265,14,2,3,19
GREEDY,4665,15,2,3,20
STINGY,1134,4,0,0,4
GREEDY,3128,18,2,3,23
GREEDY,3090,13,2,4,19
GREEDY,5600,16,1,3,20
GREEDY,4337,13,1,2,16
GREEDY,8072,15,2,3,20
GREEDY,3553,14,2,3,19
GREEDY,16623,13,2,3,18
STINGY,2225,1,0,1,2
GREEDY,2247,16,1,3,20
GREEDY,4576,17,2,3,22
STINGY,1716,1,0,0,1
GREEDY,5983,12,1,3,16
STINGY,1428,2,0,2,4
GREEDY,4461,16,2,3,21
GREEDY,7266,19,2,4,25
STINGY,1424,3,1,0,4
GREEDY,3653,14,1,3,18
GREEDY,2401,16,2,3,21
STINGY,1348,3,0,2,5
GREEDY,9196,16,2,3,21
STINGY,1120,4,0,0,4
GREEDY,2504,16,2,3,21
GREEDY,3789,17,2,2,21
GREEDY,3463,16,2,3,21
GREEDY,311,10,2,2,14
GREEDY,2760,18,2,2,22
GREEDY,3441,18,2,3,23
STINGY,1015,5,0,0,5
STINGY,726,8,0,0,8
GREEDY,5443,13,2,4,19
STINGY,1779,3,0,1,4
STINGY,1564,3,0,0,3
GREEDY,2504,18,1,3,22
GREEDY,5361,16,0,3,19
GREEDY,4599,15,1,4,20
GREEDY,2041,15,2,2,19
GREEDY,1898,19,1,4,24
STINGY,1581,7,0,3,10
STINGY,768,4,0,0,4
STINGY,577,5,0,0,5
GREEDY,2492,14,1,4,19
GREEDY,3936,17,1,2,20
STINGY,1442,1,0,2,3
GREEDY,3983,17,1,2,20
GREEDY,5979,13,0,3,16
GREEDY,2939,18,2,3,23
GREEDY,5258,18,1,3,22
STINGY,1607,6,1,2,9
GREEDY,3614,18,2,4,24
GREEDY,889,13,1,3,17
GREEDY,7139,12,2,4,18
STINGY,1655,1,0,1,2
GREEDY,5119,19,2,3,24
GREEDY,3048,16,2,3,21
GREEDY,2963,21,1,4,26
STINGY,1325,4,0,1,5
STINGY,1514,1,0,2,3
GREEDY,3126,18,1,3,22
GREEDY,3530,14,1,2,17
GREEDY,3655,11,2,4,17
STINGY,2080,2,1,0,3
STINGY,1431,6,0,0,6
GREEDY,3311,16,2,4,22
GREEDY,3833,19,1,4,24
STINGY,865,3,1,1,5
STINGY,778,5,1,0,6
GREEDY,4735,14,1,4,19
GREEDY,5535,17,2,3,22
GREEDY,2060,18,2,2,22
STINGY,1485,1,0,2,3
GREEDY,4166,17,2,3,22
STINGY,1716,0,0,0,0
STINGY,1573,2,0,0,2
STINGY,1827,1,0,1,2
STINGY,1024,4,1,2,7
STINGY,2232,2,0,0,2
STINGY,1921,1,0,1,2
GREEDY,8293,16,1,2,19
GREEDY,5693,16,2,1,19
GREEDY,11642,14,2,3,19
GREEDY,7200,17,2,4,23
GREEDY,3768,13,2,3,18
GREEDY,5074,15,2,2,19
GREEDY,2570,17,1,3,21
STINGY,1250,3,0,1,4
STINGY,1622,4,0,2,6
GREEDY,5004,16,1,4,21
GREEDY,4354,15,1,3,19
STINGY,2438,2,1,2,5
GREEDY,1556,15,1,4,20
GREEDY,9744,15,2,3,20
STINGY,1444,4,0,0,4
GREEDY,3472,18,2,3,23
STINGY,1693,3,0,0,3
GREEDY,3190,12,1,3,16
GREEDY,1647,15,2,2,19
STINGY,1477,4,0,1,5
STINGY,1311,4,0,0,4
STINGY,1725,3,0,0,3
GREEDY,2203,14,2,4,20
GREEDY,3362,16,1,1,18
GREEDY,2664,19,0,3,22
GREEDY,3608,19,1,3,23
GREEDY,1021,18,2,3,23
GREEDY,4201,15,2,3,20
STINGY,1268,5,0,3,8
STINGY,1592,6,0,0,6
GREEDY,4026,16,2,2,20
GREEDY,2831,17,2,2,21
STINGY,1461,4,1,1,6
GREEDY,3459,20,1,4,25
STINGY,679,3,1,1,5
STINGY,1742,5,0,2,7
GREEDY,2182,13,1,3,17
GREEDY,16096,15,2,2,19
GREEDY,2264,12,1,4,17
STINGY,1083,4,0,0,4
STINGY,999,6,0,1,7
GREEDY,2210,19,1,4,24
STINGY,1514,2,0,0,2
GREEDY,6008,16,1,4,21
STINGY,1640,1,0,0,1
STINGY,1717,3,0,2,5
STINGY,1238,2,0,1,3
STINGY,1455,2,0,2,4
GREEDY,1632,10,1,4,15
STINGY,1223,2,0,2,4
GREEDY,2775,18,2,4,24
GREEDY,2076,15,2,4,21
GREEDY,21711,14,2,2,18
STINGY,1175,2,0,0,2
GREEDY,3572,15,1,4,20
STINGY,470,8,0,0,8
STINGY,1726,1,0,2,3
STINGY,1527,0,0,0,0
GREEDY,2586,18,1,3,22
GREEDY,2311,12,0,4,16
GREEDY,1955,13,1,2,16
STINGY,1467,1,0,0,1
GREEDY,4379,12,2,4,18
STINGY,1438,2,0,0,2
GREEDY,10011,15,2,3,20
STINGY,1582,4,1,0,5
GREEDY,5287,17,1,3,21
GREEDY,4650,15,2,4,21
GREEDY,10166,14,1,3,18
GREEDY,1398,8,0,4,12
GREEDY,3761,17,2,4,23
GREEDY,3430,15,1,4,20
GREEDY,3748,16,2,2,20
STINGY,1531,4,0,1,5
STINGY,1865,3,0,1,4
GREEDY,1885,16,2,4,22
GREEDY,4308,15,1,4,20
GREEDY,4756,18,2,3,23
STINGY,2405,5,0,0,5
GREEDY,3088,17,2,4,23
GREEDY,18308,13,1,3,17
GREEDY,2356,17,1,3,21
GREEDY,1530,14,1,4,19
GREEDY,3295,14,1,4,19
GREEDY,8527,14,1,3,18
STINGY,735,6,1,2,9
GREEDY,3402,15,1,3,19
STINGY,1924,5,1,2,8
GREEDY,4515,13,2,4,19
GREEDY,8312,14,2,4,20
GREEDY,6630,16,2,2,20
STINGY,1215,3,0,2,5
GREEDY,3879,15,1,4,20
GREEDY,3568,15,2,3,20
GREEDY,1367,15,0,4,19
STINGY,921,4,0,1,5
GREEDY,3325,17,1,4,22
GREEDY,2829,14,1,4,19
GREEDY,1720,17,2,4,23
GREEDY,4487,17,1,3,21
STINGY,1054,4,0,2,6
STINGY,845,7,0,1,8
GREEDY,2647,16,2,3,21
STINGY,457,4,0,1,5
STINGY,871,3,1,0,4
GREEDY,2353,17,2,2,21
GREEDY,4390,15,1,2,18
STINGY,1196,4,0,1,5
STINGY,1390,1,1,0,2
STINGY,1211,4,1,0,5
GREEDY,3863,15,1,3,19
STINGY,1850,3,1,0,4
GREEDY,6695,15,1,3,19
GREEDY,3616,15,1,4,20
GREEDY,2540,16,2,3,21
GREEDY,2124,17,1,4,22
STINGY,1874,0,0,0,0
GREEDY,2866,13,1,4,18
GREEDY,3526,16,1,2,19
STINGY,1235,1,0,0,1
STINGY,1900,0,0,0,0
GREEDY,2647,17,1,3,21
GREEDY,3778,16,2,4,22
STINGY,701,6,0,0,6
GREEDY,5857,16,1,3,20
STINGY,1400,1,0,0,1
STINGY,1190,4,0,2,6
GREEDY,5252,17,2,3,22
GREEDY,4436,16,2,3,21
STINGY,1684,2,0,1,3
GREEDY,6868,16,1,4,21
GREEDY,7020,15,2,3,20
GREEDY,2680,14,2,2,18
STINGY,2332,3,1,0,4
GREEDY,5624,17,0,2,19
GREEDY,4858,17,2,3,22
GREEDY,2675,17,2,2,21
GREEDY,3854,15,1,3,19
GREEDY,2920,14,1,2,17
GREEDY,10313,16,2,3,21
STINGY,1557,1,0,1,2
GREEDY,3257,19,2,3,24
GREEDY,2223,18,2,4,24
STINGY,1234,3,0,0,3
GREEDY,2663,15,1,4,20
GREEDY,2440,18,2,2,22
STINGY,1580,4,1,1,6
GREEDY,2818,13,2,3,18
GREEDY,4696,17,1,3,21
GREEDY,3695,15,2,2,19
STINGY,1450,2,0,0,2
STINGY,1170,3,0,0,3
GREEDY,5203,17,2,3,22
GREEDY,6279,17,1,3,21
GREEDY,5385,15,1,3,19
STINGY,1201,2,1,0,3
GREEDY,5414,16,2,2,20
STINGY,1542,0,0,0,0
STINGY,1211,4,0,0,4
STINGY,1764,1,0,1,2
STINGY,1268,0,1,1,2
STINGY,1582,4,0,0,4
GREEDY,6363,17,0,4,21
GREEDY,4162,15,2,3,20
GREEDY,5569,17,2,3,22
GREEDY,2536,10,0,4,14
GREEDY,2485,16,1,3,20
STINGY,1412,2,0,0,2
GREEDY,4634,14,2,3,19
STINGY,1783,1,1,2,4
STINGY,1570,1,0,0,1
STINGY,1789,2,0,0,2
GREEDY,3963,18,1,3,22
GREEDY,6613,16,2,3,21
GREEDY,2392,16,2,4,22
STINGY,1253,7,0,2,9
STINGY,486,4,0,1,5
GREEDY,1133,17,2,4,23
GREEDY,2319,15,1,3,19
STINGY,1951,2,0,0,2
STINGY,1701,2,1,1,4
GREEDY,4003,12,2,3,17
STINGY,1627,3,1,3,7
STINGY,1038,6,0,1,7
STINGY,2129,4,0,1,5
GREEDY,5013,16,2,2,20
GREEDY,2799,20,1,3,24
GREEDY,1691,17,1,4,22
GREEDY,4683,16,2,4,22
GREEDY,8349,18,1,3,22
GREEDY,3981,19,2,3,24
STINGY,1195,4,0,1,5
GREEDY,3638,16,2,4,22
STINGY,659,5,0,1,6
GREEDY,3358,17,2,3,22
STINGY,1976,5,0,1,6
STINGY,1366,5,0,0,5
STINGY,1782,5,0,0,5
GREEDY,3559,17,2,3,22
STINGY,1326,7,0,0,7
GREEDY,2102,16,2,1,19
STINGY,1393,4,0,1,5
STINGY,1600,5,0,0,5
GREEDY,1651,15,2,3,20
GREEDY,2891,15,1,3,19
STINGY,2413,3,0,0,3
GREEDY,4943,18,1,3,22
STINGY,1589,2,0,0,2
GREEDY,2344,17,2,4,23
GREEDY,3882,14,1,3,18
STINGY,1350,2,0,1,3
STINGY,1448,1,1,0,2
GREEDY,1975,15,2,4,21
STINGY,1220,5,0,0,5
STINGY,1235,4,1,1,6
GREEDY,3574,15,2,3,20
STINGY,1468,3,0,0,3
STINGY,1850,5,1,1,7
GREEDY,2186,16,1,2,19
STINGY,1572,6,1,1,8
STINGY,2078,1,0,0,1
GREEDY,2097,13,2,3,18
GREEDY,520,13,1,3,17
GREEDY,3172,19,1,4,24
GREEDY,4251,19,1,4,24
GREEDY,5301,17,2,2,21
STINGY,1167,4,1,1,6
STINGY,1014,2,0,0,2
STINGY,1602,2,0,0,2
STINGY,1529,0,1,0,1
STINGY,1175,4,1,1,6
GREEDY,4166,14,2,2,18
STINGY,1846,1,0,0,1
GREEDY,3169,16,2,2,20
GREEDY,2606,18,2,4,24
STINGY,2127,3,1,1,5
STINGY,3001,5,0,1,6
GREEDY,4303,17,1,3,21
GREEDY,2267,19,2,2,23
GREEDY,3358,17,2,2,21
GREEDY,6289,16,2,4,22
GREEDY,680,14,2,4,20
GREEDY,1748,13,0,4,17
GREEDY,9663,13,2,2,17
STINGY,1016,5,0,0,5
GREEDY,4934,14,1,3,18
GREEDY,12415,16,2,2,20
STINGY,779,3,1,1,5
STINGY,1499,6,0,1,7
GREEDY,2255,15,1,4,20
GREEDY,3055,17,1,3,21
GREEDY,5325,15,2,4,21
STINGY,712,3,0,2,5
GREEDY,4222,18,2,3,23
GREEDY,3634,14,2,3,19
STINGY,2526,1,0,1,2
GREEDY,3527,16,2,4,22
GREEDY,2703,15,2,3,20
GREEDY,3864,18,1,3,22
STINGY,1621,4,0,0,4
STINGY,1018,0,1,1,2
STINGY,1912,0,0,0,0
STINGY,1797,1,0,0,1
STINGY,1890,4,0,0,4
GREEDY,1365,11,1,3,15
GREEDY,2547,19,1,3,23
GREEDY,5056,13,2,4,19
GREEDY,2199,14,2,4,20
GREEDY,1696,16,1,2,19
STINGY,838,5,0,0,5
GREEDY,3102,16,2,3,21
STINGY,1894,1,1,0,2
STINGY,1460,0,0,0,0
STINGY,1595,6,0,0,6
STINGY,1087,4,1,0,5
GREEDY,5062,15,2,2,19
GREEDY,4519,15,2,4,21
GREEDY,6643,15,2,2,19
GREEDY,3764,18,1,2,21
GREEDY,1088,16,2,4,22
STINGY,1468,3,0,0,3
STINGY,2632,3,0,2,5
GREEDY,1658,16,2,2,20
GREEDY,2451,14,2,3,19
GREEDY,5101,16,2,3,21
GREEDY,4856,15,1,4,20
STINGY,1141,2,0,1,3
STINGY,2153,4,1,0,5
GREEDY,3209,14,2,3,19
GREEDY,3444,15,2,3,20
GREEDY,2569,18,2,4,24
STINGY,1475,4,0,1,5
STINGY,2383,4,0,0,4
GREEDY,3446,19,2,2,23
GREEDY,2668,16,2,3,21
GREEDY,3639,17,2,4,23
STINGY,1399,1,1,1,3
GREEDY,1655,19,2,3,24
GREEDY,4521,17,1,2,20
GREEDY,4153,14,1,3,18
GREEDY,2265,17,2,1,20
STINGY,1133,1,0,1,2
STINGY,1185,1,0,1,2
GREEDY,2288,17,1,2,20
GREEDY,6171,15,1,3,19
GREEDY,2870,17,1,4,22
GREEDY,2147,18,2,3,23
GREEDY,3037,14,1,4,19
STINGY,1016,5,0,3,8
GREEDY,1179,14,1,4,19
GREEDY,5372,15,2,3,20
STINGY,1392,1,0,1,2
GREEDY,4902,17,2,2,21
GREEDY,1959,18,2,4,24
GREEDY,2709,16,1,2,19
STINGY,1413,1,2,0,3
GREEDY,3398,16,1,4,21
STINGY,1751,1,0,2,3
GREEDY,11184,15,1,2,18
GREEDY,3923,16,2,3,21
STINGY,1426,1,0,2,3
STINGY,1667,2,0,0,2
STINGY,1640,1,0,1,2
GREEDY,11435,16,2,2,20
GREEDY,3398,18,0,3,21
STINGY,1695,2,1,1,4
GREEDY,3664,13,2,3,18
STINGY,520,7,1,0,8
GREEDY,2461,18,1,3,22
GREEDY,3530,15,2,3,20
STINGY,1722,4,1,0,5
GREEDY,5101,18,1,2,21
GREEDY,2095,17,1,3,21
GREEDY,5203,17,2,3,22
GREEDY,1030,18,1,3,22
GREEDY,5742,16,2,4,22
GREEDY,1855,15,1,3,19
STINGY,1228,3,1,0,4
GREEDY,4797,17,1,2,20
STINGY,1469,3,1,1,5
GREEDY,1382,13,2,2,17
STINGY,1170,6,0,2,8
GREEDY,2720,15,2,4,21
GREEDY,6675,16,2,2,20
GREEDY,2852,17,2,3,22
GREEDY,4240,18,1,3,22
GREEDY,2533,18,0,3,21
GREEDY,1446,19,2,4,25
GREEDY,2068,16,2,4,22
STINGY,880,4,0,0,4
GREEDY,1585,16,2,3,21
STINGY,1374,3,0,0,3
STINGY,1322,5,0,2,7
GREEDY,3674,18,1,3,22
STINGY,1967,4,0,2,6
STINGY,1197,2,0,1,3
STINGY,2284,5,0,3,8
GREEDY,5510,15,2,3,20
GREEDY,2690,16,2,3,21
STINGY,938,6,0,1,7
STINGY,1479,6,0,1,7
GREEDY,2826,18,2,3,23
STINGY,1563,2,1,2,5
STINGY,1203,3,1,1,5
GREEDY,3001,16,2,2,20
STINGY,1422,3,0,1,4
GREEDY,1833,13,1,4,18
STINGY,1839,3,0,0,3
GREEDY,1155,9,2,4,15
STINGY,1363,1,1,1,3
GREEDY,2355,15,1,3,19
STINGY,1699,1,0,0,1
GREEDY,7320,17,1,3,21
STINGY,1345,2,1,0,3
STINGY,1868,2,0,0,2
STINGY,1470,0,0,1,1
STINGY,964,3,0,2,5
GREEDY,2756,17,1,2,20
STINGY,1497,3,0,2,5
STINGY,1475,5,0,1,6
STINGY,2169,0,0,0,0
GREEDY,2649,16,2,1,19
GREEDY,1402,16,1,4,21
GREEDY,2515,13,1,3,17
GREEDY,7066,16,1,3,20
GREEDY,1905,16,2,2,20
GREEDY,2875,15,1,4,20
GREEDY,6961,16,1,4,21
GREEDY,1459,13,1,2,16
GREEDY,3586,14,1,3,18
STINGY,1195,3,2,0,5
GREEDY,2808,16,1,3,20
GREEDY,2698,19,2,3,24
STINGY,1022,5,1,0,6
STINGY,2378,1,0,0,1
STINGY,1098,4,0,1,5
GREEDY,6479,15,2,2,19
GREEDY,6290,15,2,4,21
GREEDY,6610,17,2,3,22
STINGY,1416,1,0,2,3
GREEDY,3657,13,2,4,19
GREEDY,2559,14,2,3,19
GREEDY,4021,16,1,3,20
GREEDY,17534,13,2,3,18
STINGY,1374,2,0,1,3
GREEDY,18707,15,2,3,20
GREEDY,3169,15,1,3,19
GREEDY,2029,17,1,2,20
STINGY,1400,4,0,0,4
GREEDY,4226,16,1,3,20
GREEDY,3229,16,2,4,22
STINGY,1606,3,1,1,5
GREEDY,612,15,1,4,20
GREEDY,1596,12,2,4,18
GREEDY,5639,15,2,4,21
GREEDY,1395,14,1,3,18
GREEDY,3579,16,1,4,21
GREEDY,1330,15,2,3,20
STINGY,2304,3,0,0,3
GREEDY,3378,16,2,2,20
GREEDY,5668,18,2,3,23
GREEDY,1709,16,1,3,20
STINGY,1469,2,0,0,2
STINGY,1213,3,0,1,4
STINGY,1888,0,0,1,1
GREEDY,4104,15,2,3,20
GREEDY,1635,18,2,2,22
STINGY,1043,3,0,0,3
GREEDY,1991,12,2,2,16
GREEDY,1180,15,2,4,21
STINGY,1015,4,0,3,7
STINGY,1673,4,1,1,6
GREEDY,2942,14,2,4,20
STINGY,71070,8,0,0,8
GREEDY,2408,13,2,4,19
STINGY,1114,7,1,1,9
GREEDY,3435,19,1,2,22
GREEDY,6891,16,2,3,21
GREEDY,2251,14,2,3,19
GREEDY,7954,16,2,3,21
STINGY,1720,1,1,1,3
GREEDY,1950,15,1,0,16
STINGY,1681,2,1,1,4
STINGY,1647,5,1,2,8
GREEDY,3390,13,2,4,19
GREEDY,3436,15,1,4,20
GREEDY,5401,18,2,1,21
STINGY,2241,3,0,1,4
GREEDY,5026,15,1,4,20
STINGY,1964,2,1,2,5
GREEDY,3503,17,1,2,20
STINGY,494,3,0,0,3
GREEDY,5453,19,2,1,22
STINGY,1439,4,0,1,5
STINGY,1699,0,0,2,2
GREEDY,1646,16,2,2,20
STINGY,1703,3,1,3,7
GREEDY,2822,17,0,3,20
GREEDY,2509,14,2,2,18
GREEDY,4846,18,2,3,23
GREEDY,4521,15,2,3,20
GREEDY,7796,15,1,4,20
STINGY,1129,6,0,0,6
GREEDY,5955,16,0,3,19
GREEDY,1653,15,0,4,19
STINGY,761,4,0,0,4
GREEDY,4450,14,2,3,19
GREEDY,4047,17,1,4,22
STINGY,1174,3,0,0,3
GREEDY,1630,13,2,4,19
GREEDY,3779,14,2,3,19
GREEDY,7959,15,2,2,19
GREEDY,3539,15,2,4,21
STINGY,2049,2,0,0,2
GREEDY,4923,17,2,3,22
STINGY,1457,0,2,2,4
GREEDY,2578,16,2,4,22
STINGY,1270,1,0,0,1
GREEDY,7077,16,1,3,20
STINGY,1602,2,0,0,2
GREEDY,3364,14,2,4,20
GREEDY,4201,17,1,2,20
GREEDY,2582,15,1,4,20
STINGY,2013,1,0,1,2
STINGY,2157,1,1,0,2
GREEDY,9271,15,2,2,19
STINGY,1129,5,0,0,5
STINGY,1565,0,0,1,1
STINGY,1471,3,0,0,3
STINGY,1369,5,0,0,5
STINGY,44799,10,0,2,12
GREEDY,5951,15,1,2,18
STINGY,1522,1,0,0,1
STINGY,1538,1,0,0,1
GREEDY,4977,15,2,3,20
GREEDY,5424,16,1,3,20
GREEDY,2253,19,1,3,23
STINGY,1320,2,1,0,3
GREEDY,7139,15,2,3,20
STINGY,1671,1,0,2,3
GREEDY,2505,16,2,3,21
GREEDY,2392,14,2,3,19
GREEDY,2434,19,1,4,24
GREEDY,8307,14,2,3,19
STINGY,634,5,0,1,6
GREEDY,3513,18,1,4,23
GREEDY,3494,14,2,2,18
GREEDY,3564,16,2,4,22
STINGY,1210,5,0,0,5
STINGY,1796,1,0,1,2
GREEDY,1338,16,1,2,19
GREEDY,3573,17,1,3,21
STINGY,2137,1,1,1,3
GREEDY,1845,17,0,3,20
GREEDY,3867,14,1,4,19
STINGY,2229,2,1,1,4
GREEDY,8252,16,2,3,21
STINGY,586,5,0,0,5
STINGY,1931,4,1,1,6
GREEDY,3955,18,1,4,23
GREEDY,2389,17,2,4,23
GREEDY,2383,17,1,4,22
STINGY,1716,4,1,3,8
STINGY,1626,6,1,1,8
GREEDY,2357,16,2,3,21
GREEDY,2864,18,1,3,22
STINGY,872,4,0,1,5
STINGY,1743,1,0,0,1
GREEDY,6066,16,2,3,21
STINGY,1775,5,1,2,8
GREEDY,3302,16,1,3,20
STINGY,1627,4,0,1,5
GREEDY,4434,13,1,3,17
STINGY,1492,3,0,1,4
STINGY,1326,3,0,0,3
GREEDY,2993,14,2,3,19
GREEDY,6011,16,2,1,19
GREEDY,4120,17,2,1,20
GREEDY,3223,13,2,4,19
GREEDY,2016,14,1,1,16
STINGY,935,5,0,1,6
GREEDY,7805,14,1,2,17
GREEDY,2907,15,2,2,19
STINGY,2275,1,0,0,1
GREEDY,5530,15,1,4,20
STINGY,2396,4,0,1,5
GREEDY,2421,11,1,3,15
GREEDY,7041,13,2,4,19
STINGY,1534,1,0,1,2
GREEDY,3709,17,1,4,22
GREEDY,2250,18,2,3,23
STINGY,640,4,1,2,7
STINGY,1398,4,0,0,4
GREEDY,3611,18,2,4,24
GREEDY,4066,16,2,3,21
GREEDY,2873,18,2,2,22
GREEDY,3751,18,2,2,22
STINGY,1394,1,0,0,1
STINGY,1374,1,0,1,2
GREEDY,3419,12,2,4,18
GREEDY,1852,15,1,3,19
GREEDY,1625,14,2,2,18
GREEDY,2256,17,2,4,23
STINGY,1605,2,0,1,3
STINGY,856,4,0,0,4
GREEDY,2635,16,1,3,20
STINGY,3140,9,0,1,10
GREEDY,775,11,1,4,16
STINGY,2078,2,0,0,2
GREEDY,724,15,2,2,19
STINGY,1465,0,1,0,1
GREEDY,7101,15,2,3,20
GREEDY,4828,17,2,4,23
STINGY,1955,2,0,0,2
STINGY,1771,2,0,0,2
STINGY,1133,3,0,1,4
GREEDY,1870,8,2,4,14
GREEDY,2028,14,2,3,19
STINGY,1646,3,0,0,3
GREEDY,4374,15,2,3,20
GREEDY,3784,13,1,3,17
GREEDY,2302,14,2,4,20
GREEDY,5490,14,2,3,19
STINGY,455,5,0,0,5
GREEDY,2323,15,0,4,19
GREEDY,2528,17,1,4,22
GREEDY,4102,15,2,3,20
STINGY,967,8,0,1,9
GREEDY,5135,16,2,4,22
STINGY,1530,1,0,0,1
GREEDY,7848,14,2,3,19
GREEDY,5618,14,2,4,20
GREEDY,5024,15,2,4,21
STINGY,2051,5,0,1,6
GREEDY,1265,17,2,2,21
GREEDY,758,17,2,3,22
GREEDY,3605,11,1,4,16
STINGY,941,4,0,1,5
GREEDY,2965,13,2,3,18
STINGY,1312,5,0,0,5
STINGY,1907,2,0,0,2
GREEDY,3358,15,1,4,20
STINGY,1437,3,0,0,3
STINGY,1391,5,1,0,6
GREEDY,4035,15,1,4,20
GREEDY,5837,17,2,2,21
STINGY,1135,7,0,0,7
GREEDY,3329,18,1,3,22
GREEDY,18389,15,1,2,18
STINGY,949,2,0,1,3
GREEDY,11939,12,0,4,16
GREEDY,6606,16,1,3,20
STINGY,1379,3,1,0,4
GREEDY,2014,12,1,4,17
STINGY,1916,3,0,1,4
STINGY,636,4,0,1,5
GREEDY,4828,17,2,3,22
GREEDY,3079,16,0,4,20
GREEDY,3851,18,1,3,22
STINGY,1658,2,0,0,2
GREEDY,4387,16,2,3,21
GREEDY,4169,19,2,2,23
STINGY,1325,2,0,1,3
STINGY,1109,5,0,1,6
GREEDY,3008,19,2,3,24
GREEDY,2088,17,1,4,22
STINGY,1269,3,0,0,3
STINGY,1982,2,0,0,2
STINGY,1298,2,0,0,2
GREEDY,2680,16,2,2,20
STINGY,2167,1,2,0,3
GREEDY,5808,14,2,3,19
GREEDY,2593,17,2,3,22
GREEDY,2031,18,2,3,23
STINGY,940,5,1,0,6
STINGY,2169,2,0,0,2
GREEDY,3986,16,2,3,21
STINGY,1900,4,0,1,5
STINGY,1228,4,0,1,5
STINGY,1609,5,0,2,7
GREEDY,3560,19,0,4,23
GREEDY,8064,15,0,4,19
GREEDY,5668,18,1,2,21
STINGY,2990,0,1,2,3
STINGY,1384,2,0,2,4
STINGY,872,4,0,0,4
GREEDY,11533,12,0,4,16
GREEDY,3462,17,1,4,22
STINGY,1668,4,0,1,5
STINGY,1028,2,0,1,3
GREEDY,2775,17,2,3,22
GREEDY,3975,15,2,2,19
STINGY,2738,0,0,0,0
STINGY,1264,3,0,0,3
GREEDY,4833,16,2,3,21
GREEDY,5724,15,2,2,19
GREEDY,2815,17,1,3,21
GREEDY,2624,17,2,3,22
STINGY,1122,4,0,1,5
STINGY,778,6,0,1,7
GREEDY,2611,18,2,3,23
STINGY,1019,5,1,1,7
GREEDY,2403,16,2,2,20
GREEDY,567,11,1,3,15
STINGY,2076,3,0,1,4
STINGY,1662,4,0,0,4
GREEDY,7084,15,2,1,18
STINGY,2016,2,0,0,2
GREEDY,2136,19,1,4,24
GREEDY,4660,14,1,3,18
STINGY,1213,3,0,2,5
GREEDY,4405,16,2,4,22
GREEDY,3150,17,2,2,21
GREEDY,4103,17,1,3,21
GREEDY,3515,16,1,3,20
GREEDY,2369,16,2,3,21
GREEDY,2928,16,2,3,21
STINGY,1951,0,0,2,2
GREEDY,4561,16,2,2,20
GREEDY,2568,15,2,3,20
STINGY,1714,4,1,0,5
GREEDY,1480,14,1,3,18
STINGY,1882,4,0,0,4
STINGY,936,4,0,1,5
STINGY,1913,1,0,2,3
STINGY,565,2,1,1,4
GREEDY,1032,15,1,3,19
GREEDY,2330,17,2,1,20
STINGY,771,8,0,0,8
STINGY,599,7,0,1,8
GREEDY,2993,18,0,3,21
GREEDY,2563,15,1,4,20
GREEDY,7406,17,1,3,21
GREEDY,5351,16,2,3,21
STINGY,3278,1,0,0,1
STINGY,1624,2,0,0,2
STINGY,1832,0,0,1,1
GREEDY,3904,17,2,3,22
GREEDY,3094,14,2,3,19
STINGY,1319,3,0,1,4
GREEDY,3992,16,2,3,21
STINGY,1624,2,1,1,4
GREEDY,5134,15,2,3,20
GREEDY,635,17,2,4,23
STINGY,802,6,1,2,9
GREEDY,1423,10,1,3,14
STINGY,1884,3,0,1,4
STINGY,1579,2,0,1,3
GREEDY,3534,17,1,3,21
GREEDY,1851,9,2,4,15
GREEDY,4834,16,1,4,21
GREEDY,2109,14,1,3,18
STINGY,1707,0,1,1,2
GREEDY,4788,18,1,3,22
GREEDY,2341,18,1,2,21
GREEDY,2700,12,1,2,15
GREEDY,6210,15,1,4,20
GREEDY,5432,16,2,3,21
STINGY,1543,1,0,0,1
GREEDY,9863,13,1,1,15
STINGY,1040,1,1,1,3
GREEDY,1482,9,2,4,15
GREEDY,2749,13,2,3,18
GREEDY,6320,17,2,3,22
STINGY,1554,2,0,0,2
GREEDY,7230,15,2,2,19
STINGY,1887,2,1,0,3
GREEDY,3070,16,2,2,20
STINGY,988,1,0,2,3
GREEDY,3835,18,1,3,22
STINGY,1648,3,2,2,7
STINGY,2373,1,1,0,2
STINGY,1551,4,0,0,4
STINGY,2121,3,0,1,4
STINGY,1945,3,0,1,4
GREEDY,2637,17,2,2,21
STINGY,1539,2,0,1,3
STINGY,1937,1,1,0,2
GREEDY,4328,15,2,3,20
STINGY,1238,5,1,1,7
GREEDY,8667,17,1,3,21
GREEDY,3227,17,0,2,19
STINGY,1481,3,1,0,4
GREEDY,1827,17,0,4,21
GREEDY,3549,17,2,4,23
GREEDY,1255,14,1,4,19
GREEDY,3099,18,2,4,24
STINGY,2443,3,0,2,5
STINGY,1449,2,0,1,3
GREEDY,4537,16,2,3,21
GREEDY,3376,16,2,2,20
GREEDY,4085,16,1,4,21
STINGY,1514,2,0,0,2
GREEDY,4097,17,2,3,22
GREEDY,3490,17,1,4,22
GREEDY,1744,15,0,4,19
STINGY,1522,0,0,0,0
STINGY,2296,5,0,1,6
GREEDY,3424,14,2,4,20
STINGY,2421,2,0,0,2
STINGY,1909,2,0,1,3
STINGY,1685,3,0,0,3
GREEDY,1490,14,2,2,18
STINGY,66603,9,0,1,10
GREEDY,4151,16,1,3,20
STINGY,1558,4,0,1,5
STINGY,994,6,0,0,6
STINGY,1786,4,0,1,5
GREEDY,3564,15,2,3,20
GREEDY,4156,13,0,3,16
GREEDY,3019,16,1,3,20
STINGY,1834,1,1,0,2
GREEDY,2789,21,1,2,24
GREEDY,1726,15,2,3,20
GREEDY,3110,16,2,3,21
GREEDY,1246,16,2,4,22
GREEDY,1870,16,1,3,20
GREEDY,1276,14,2,4,20
GREEDY,5971,17,2,2,21
STINGY,1120,5,1,0,6
GREEDY,2673,16,2,4,22
GREEDY,3760,15,2,4,21
STINGY,1362,3,0,0,3
STINGY,1493,2,0,0,2
STINGY,1344,5,0,0,5
STINGY,1378,3,0,0,3
GREEDY,2486,20,2,3,25
STINGY,2232,1,0,1,2
GREEDY,3710,16,2,2,20
GREEDY,2921,19,2,2,23
STINGY,1768,2,1,0,3
STINGY,1131,5,0,1,6
STINGY,1054,4,1,0,5
STINGY,2500,6,0,1,7
STINGY,1435,1,0,0,1
GREEDY,4452,13,2,4,19
GREEDY,2934,17,2,2,21
STINGY,1531,4,0,0,4
STINGY,1130,3,0,0,3
STINGY,1721,2,0,0,2
GREEDY,3842,16,2,3,21
GREEDY,1933,17,1,3,21
GREEDY,4276,17,1,3,21
GREEDY,7307,18,1,3,22
STINGY,731,4,1,0,5
STINGY,1659,4,0,1,5
GREEDY,2498,19,0,3,22
GREEDY,1791,12,2,3,17
STINGY,1659,1,0,0,1
GREEDY,2311,15,0,4,19
GREEDY,6748,15,1,4,20
STINGY,340,8,1,1,10
GREEDY,1084,9,1,2,12
GREEDY,4857,17,2,2,21
GREEDY,4970,17,2,4,23
STINGY,1117,4,1,1,6
GREEDY,2784,18,2,2,22
GREEDY,2957,16,2,3,21
STINGY,1392,5,0,0,5
GREEDY,1217,18,1,4,23
GREEDY,3142,18,1,2,21
STINGY,1857,8,0,2,10
GREEDY,5235,16,2,4,22
STINGY,1955,6,1,2,9
STINGY,1839,6,1,1,8
GREEDY,2471,15,2,2,19
GREEDY,945,17,2,4,23
GREEDY,3985,16,1,4,21
STINGY,1438,2,0,0,2
STINGY,1760,8,0,0,8
GREEDY,2892,16,2,2,20
STINGY,2166,1,0,1,2
STINGY,963,4,2,1,7
STINGY,1546,4,0,0,4
GREEDY,3700,16,2,3,21
STINGY,1627,0,0,1,1
GREEDY,2582,15,2,2,19
GREEDY,970,13,2,4,19
STINGY,1685,4,0,1,5
GREEDY,9999,14,2,4,20
STINGY,1728,2,1,1,4
GREEDY,4238,15,1,3,19
STINGY,1419,2,1,0,3
GREEDY,1553,15,1,4,20
GREEDY,2620,15,2,3,20
GREEDY,8257,14,1,3,18
STINGY,1650,1,0,0,1
GREEDY,2204,12,2,4,18
GREEDY,6223,17,1,3,21
GREEDY,2904,15,1,4,20
STINGY,1121,6,0,1,7
GREEDY,2920,17,2,3,22
GREEDY,6733,13,2,3,18
STINGY,1432,3,0,1,4
GREEDY,2778,15,2,2,19
GREEDY,3309,16,2,1,19
GREEDY,6025,17,1,3,21
STINGY,1713,0,0,1,1
STINGY,1688,2,0,1,3
STINGY,1120,3,0,0,3
STINGY,2106,2,0,1,3
STINGY,1636,0,0,0,0
GREEDY,12830,14,2,3,19
GREEDY,2800,16,2,4,22
GREEDY,2086,17,2,4,23
STINGY,1291,3,0,0,3
STINGY,1462,3,0,0,3
STINGY,1249,3,0,2,5
GREEDY,2790,14,1,3,18
STINGY,1330,2,0,1,3
GREEDY,3704,14,2,3,19
GREEDY,1197,17,1,3,21
GREEDY,7623,17,2,2,21
STINGY,1124,3,0,2,5
STINGY,1285,3,0,1,4
STINGY,1372,1,0,1,2
STINGY,1294,2,0,0,2
GREEDY,4425,17,2,3,22
STINGY,1530,1,0,0,1
GREEDY,4506,15,1,2,18
STINGY,1450,2,0,1,3
GREEDY,530,15,1,4,20
STINGY,1539,5,0,1,6
STINGY,1710,3,0,3,6
GREEDY,1738,15,0,3,18
GREEDY,3049,17,2,3,22
GREEDY,3968,15,1,4,20
STINGY,1274,2,0,0,2
GREEDY,3017,17,1,3,21
GREEDY,1764,11,2,4,17
STINGY,1521,3,1,1,5
GREEDY,7716,15,2,1,18
GREEDY,3513,14,1,3,18
GREEDY,13370,14,1,3,18
GREEDY,4251,14,1,2,17
GREEDY,2628,17,2,1,20
GREEDY,4817,16,2,3,21
STINGY,1780,0,0,1,1
GREEDY,4026,15,0,4,19
GREEDY,3392,16,2,3,21
GREEDY,4147,15,1,4,20
GREEDY,2801,19,1,2,22
STINGY,1468,1,0,0,1
GREEDY,3361,16,1,1,18
STINGY,1032,3,0,2,5
GREEDY,2215,19,2,3,24
GREEDY,3679,14,1,4,19
GREEDY,1901,18,1,2,21
GREEDY,4389,15,2,4,21
GREEDY,3754,16,2,3,21
GREEDY,3807,19,2,2,23
GREEDY,7577,14,2,3,19
STINGY,1186,5,0,1,6
STINGY,860,3,0,0,3
STINGY,1110,3,0,1,4
GREEDY,3553,19,2,3,24
STINGY,2200,3,0,1,4
GREEDY,5402,18,2,3,23
STINGY,1606,1,0,0,1
GREEDY,5233,18,1,3,22
STINGY,1359,0,0,1,1
STINGY,1666,4,2,0,6
STINGY,1350,0,0,1,1
GREEDY,4565,14,2,4,20
GREEDY,1119,20,2,3,25
STINGY,1507,1,0,0,1
STINGY,2010,4,1,0,5
STINGY,376,3,0,2,5
GREEDY,3654,17,1,4,22
STINGY,1118,5,0,0,5
STINGY,1474,2,0,1,3
STINGY,1967,4,1,0,5
STINGY,1216,7,0,0,7
GREEDY,4268,16,2,2,20
GREEDY,2840,15,2,2,19
GREEDY,1277,11,0,3,14
GREEDY,760,11,2,2,15
GREEDY,3281,16,2,2,20
GREEDY,4106,17,0,4,21
STINGY,1634,1,0,1,2
STINGY,1710,2,0,0,2
GREEDY,3061,18,0,3,21
GREEDY,2460,16,2,3,21
STINGY,1214,2,0,2,4
GREEDY,2865,18,1,3,22
STINGY,1907,1,1,1,3
GREEDY,5343,16,2,3,21
GREEDY,5488,20,1,3,24
STINGY,1249,5,1,2,8
GREEDY,4737,16,2,4,22
GREEDY,2921,14,2,4,20
STINGY,1905,6,0,0,6
STINGY,995,5,1,2,8
STINGY,1801,3,1,2,6
GREEDY,7471,15,2,3,20
STINGY,1603,2,2,0,4
GREEDY,1825,14,2,2,18
STINGY,1022,4,0,3,7
GREEDY,1574,16,0,4,20
GREEDY,635,14,1,3,18
GREEDY,4525,15,2,3,20
STINGY,2072,0,0,0,0
GREEDY,2186,17,2,4,23
GREEDY,2842,17,1,3,21
GREEDY,1742,18,2,3,23
STINGY,1196,3,1,0,4
GREEDY,5478,18,1,3,22
GREEDY,4408,17,2,2,21
GREEDY,5933,15,1,2,18
STINGY,1749,2,0,0,2
GREEDY,1396,16,2,3,21
STINGY,82096,10,0,1,11
GREEDY,4658,17,1,2,20
STINGY,1259,6,0,1,7
GREEDY,5883,15,1,3,19
STINGY,1913,3,0,0,3
STINGY,1561,1,0,1,2
GREEDY,3360,18,2,3,23
STINGY,1774,4,0,0,4
GREEDY,3142,15,2,3,20
GREEDY,8385,17,1,2,20
STINGY,1104,3,0,2,5
STINGY,1925,4,1,0,5
GREEDY,8467,19,1,2,22
STINGY,1522,3,0,0,3
STINGY,2034,2,0,0,2
GREEDY,2999,17,2,4,23
STINGY,1085,1,0,2,3
STINGY,1281,5,0,1,6
GREEDY,4631,15,2,4,21
GREEDY,4081,16,2,2,20
STINGY,1683,4,1,0,5
STINGY,843,6,2,0,8
GREEDY,3927,15,2,3,20
STINGY,1805,2,0,0,2
STINGY,1036,5,0,0,5
GREEDY,3352,15,1,3,19
STINGY,958,5,0,1,6
GREEDY,3186,14,2,4,20
GREEDY,8023,15,1,2,18
STINGY,2068,2,0,0,2
GREEDY,4374,13,1,2,16
STINGY,1708,2,0,0,2
STINGY,1500,3,1,1,5
STINGY,1421,2,0,2,4
STINGY,807,4,0,0,4
STINGY,1668,5,1,2,8
GREEDY,3869,22,1,4,27
GREEDY,3698,15,1,3,19
STINGY,1524,0,0,1,1
GREEDY,2514,17,1,2,20
STINGY,1325,2,0,0,2
GREEDY,2794,18,2,3,23
STINGY,1855,1,0,0,1
GREEDY,4689,14,1,4,19
STINGY,1160,3,0,1,4
STINGY,930,3,0,0,3
STINGY,1557,3,0,0,3
STINGY,1330,2,1,1,4
GREEDY,5071,16,2,3,21
STINGY,1478,1,0,0,1
GREEDY,1357,11,2,4,17
GREEDY,8183,16,1,3,20
STINGY,2274,5,0,2,7
STINGY,1135,4,0,0,4
GREEDY,2541,17,1,4,22
STINGY,1271,6,1,1,8
GREEDY,3222,17,2,3,22
STINGY,1080,2,0,0,2
STINGY,1356,3,0,2,5
GREEDY,5540,15,1,4,20
GREEDY,4011,17,2,2,21
GREEDY,3419,17,1,2,20
GREEDY,7990,15,0,3,18
GREEDY,2428,15,1,3,19
STINGY,1619,1,0,1,2
GREEDY,11396,12,1,2,15
GREEDY,4792,17,2,2,21
STINGY,510,6,1,0,7
STINGY,1517,1,1,0,2
STINGY,1612,3,0,0,3
GREEDY,3483,17,2,4,23
GREEDY,2191,14,2,2,18
GREEDY,2115,16,1,4,21
GREEDY,3475,17,2,2,21
GREEDY,1460,19,1,4,24
GREEDY,5901,15,2,3,20
GREEDY,4024,17,1,4,22
GREEDY,1569,17,2,3,22
STINGY,2602,5,1,2,8
GREEDY,10289,18,1,1,20
GREEDY,5862,15,2,2,19
GREEDY,1260,12,2,4,18
STINGY,278,5,1,1,7
STINGY,1030,3,2,0,5
GREEDY,12782,15,2,3,20
STINGY,1780,1,0,0,1
GREEDY,3631,14,1,4,19
STINGY,1879,2,0,1,3
STINGY,1354,3,0,1,4
STINGY,1562,2,0,1,3
STINGY,995,5,0,3,8
GREEDY,2566,18,1,3,22
GREEDY,3581,15,1,3,19
GREEDY,2654,16,2,3,21
STINGY,1240,4,1,1,6
STINGY,876,4,0,1,5
GREEDY,1842,18,2,3,23
GREEDY,10365,17,2,2,21
GREEDY,3168,17,2,4,23
STINGY,1784,2,1,1,4
GREEDY,3306,19,1,4,24
GREEDY,2732,19,2,3,24
GREEDY,2575,14,1,4,19
STINGY,1559,2,0,0,2
STINGY,1612,2,1,1,4
STINGY,1114,3,0,0,3
STINGY,1418,4,0,1,5
GREEDY,4510,16,1,3,20
STINGY,1556,6,0,1,7
GREEDY,2186,14,1,4,19
GREEDY,2660,15,2,3,20
STINGY,1241,3,0,0,3
GREEDY,1221,13,2,3,18
GREEDY,5628,16,1,2,19
STINGY,2004,4,0,0,4
STINGY,1648,1,0,1,2
STINGY,570,5,1,0,6
GREEDY,5148,17,2,2,21
GREEDY,2368,17,2,3,22
GREEDY,4719,14,2,2,18
STINGY,1946,3,0,1,4
GREEDY,2961,19,2,3,24
STINGY,616,6,0,0,6
GREEDY,2730,15,2,3,20
GREEDY,3633,15,1,3,19
GREEDY,9331,15,2,3,20
STINGY,1248,1,1,1,3
STINGY,2633,4,1,3,8
STINGY,1599,1,0,0,1
GREEDY,3236,16,2,3,21
STINGY,1434,2,1,0,3
GREEDY,3374,16,2,4,22
GREEDY,2379,15,2,4,21
GREEDY,2572,14,2,3,19
STINGY,1158,2,0,2,4
GREEDY,7519,14,0,4,18
GREEDY,3895,19,1,3,23
STINGY,1060,8,0,1,9
STINGY,1169,3,1,1,5
STINGY,1445,0,0,1,1
STINGY,1810,1,0,0,1
STINGY,2081,4,2,2,8
GREEDY,2670,16,2,3,21
GREEDY,1962,15,1,3,19
STINGY,1713,0,1,0,1
STINGY,2027,4,0,0,4
GREEDY,5319,13,1,3,17
STINGY,1624,1,0,1,2
GREEDY,1509,17,2,4,23
GREEDY,1655,13,0,4,17
GREEDY,1654,14,2,3,19
STINGY,1650,1,1,0,2
GREEDY,1408,17,1,4,22
STINGY,1446,1,0,1,2
GREEDY,4066,18,2,3,23
STINGY,1122,4,0,1,5
GREEDY,2078,13,2,4,19
GREEDY,3224,19,2,3,24
GREEDY,3498,18,1,2,21
GREEDY,2270,16,1,4,21
GREEDY,5403,15,2,3,20
GREEDY,3092,16,2,2,20
GREEDY,10744,16,1,2,19
STINGY,1864,3,0,0,3
GREEDY,2054,17,2,3,22
GREEDY,1862,14,2,1,17
GREEDY,2272,19,2,2,23
GREEDY,3538,16,2,4,22
GREEDY,5567,16,1,4,21
GREEDY,15191,16,2,3,21
GREEDY,5008,14,1,4,19
GREEDY,5137,16,2,3,21
GREEDY,3446,18,2,2,22
STINGY,1903,2,0,1,3
GREEDY,4697,17,2,3,22
GREEDY,1207,16,2,4,22
GREEDY,2063,18,2,4,24
GREEDY,4455,12,2,4,18
GREEDY,3102,15,2,2,19
STINGY,1770,1,0,0,1
GREEDY,3134,17,2,4,23
GREEDY,4377,17,2,3,22
STINGY,1231,5,0,1,6
GREEDY,6456,15,2,3,20
GREEDY,7018,19,1,3,23
GREEDY,1859,19,2,3,24
STINGY,1236,5,0,1,6
GREEDY,1913,18,1,2,21
STINGY,1684,1,2,1,4
STINGY,2437,4,0,1,5
GREEDY,3681,17,2,2,21
STINGY,1494,2,1,1,4
GREEDY,4274,16,2,4,22
GREEDY,2887,18,2,4,24
GREEDY,2683,20,2,3,25
GREEDY,9100,15,2,2,19
GREEDY,3320,18,2,4,24
GREEDY,7428,16,1,3,20
STINGY,1052,2,0,0,2
GREEDY,2914,19,2,4,25
GREEDY,3742,15,2,3,20
GREEDY,6331,15,1,3,19
STINGY,1474,1,0,0,1
GREEDY,4695,15,2,4,21
STINGY,2049,2,0,0,2
STINGY,1032,3,0,4,7
GREEDY,1440,14,2,3,19
STINGY,888,6,0,0,6
GREEDY,5132,14,2,4,20
GREEDY,6457,15,2,1,18
STINGY,1038,2,1,1,4
STINGY,2486,4,1,0,5
STINGY,1574,1,0,0,1
STINGY,1960,2,0,0,2
GREEDY,4454,15,2,4,21
GREEDY,1951,15,1,4,20
GREEDY,3098,15,1,3,19
GREEDY,3373,15,2,3,20
STINGY,1794,0,0,0,0
STINGY,1376,2,1,0,3
GREEDY,2891,15,2,4,21
STINGY,1318,1,0,0,1
STINGY,1805,2,0,0,2
GREEDY,1185,13,2,4,19
GREEDY,4209,16,2,4,22
GREEDY,329,10,1,4,15
GREEDY,4821,17,2,4,23
STINGY,1852,2,1,1,4
GREEDY,4875,15,2,2,19
STINGY,1214,1,1,0,2
STINGY,1040,4,0,0,4
GREEDY,6004,16,2,3,21
GREEDY,4330,13,2,3,18
STINGY,1646,1,0,1,2
STINGY,1667,2,0,2,4
STINGY,822,5,0,1,6
GREEDY,5337,16,1,2,19
STINGY,1923,3,0,0,3
GREEDY,3614,14,2,3,19
GREEDY,2836,16,2,3,21
GREEDY,6687,16,1,2,19
GREEDY,3013,16,0,4,20
GREEDY,1834,18,0,3,21
GREEDY,5295,18,2,3,23
STINGY,1139,4,0,1,5
STINGY,1809,1,0,2,3
GREEDY,1631,14,1,3,18
STINGY,2296,2,0,0,2
STINGY,1183,6,0,0,6
GREEDY,4937,17,2,3,22
GREEDY,2193,13,1,4,18
GREEDY,1495,13,1,4,18
GREEDY,3224,9,1,1,11
STINGY,1095,3,0,0,3
STINGY,903,2,1,0,3
STINGY,931,4,0,1,5
STINGY,1299,4,0,1,5
STINGY,1058,5,0,0,5
GREEDY,6610,18,1,3,22
GREEDY,4485,14,2,3,19
GREEDY,2891,17,1,3,21
STINGY,1666,7,0,0,7
STINGY,1491,3,0,0,3
GREEDY,4420,14,2,3,19
STINGY,2606,3,0,1,4
STINGY,1203,5,1,2,8
STINGY,1955,3,1,0,4
GREEDY,2459,18,2,3,23
GREEDY,4198,15,0,4,19
STINGY,1992,3,1,1,5
STINGY,890,4,0,0,4
STINGY,2142,5,1,0,6
GREEDY,2334,16,1,4,21
STINGY,1427,3,0,0,3
GREEDY,6979,16,2,3,21
GREEDY,7127,16,2,3,21
STINGY,994,4,0,1,5
STINGY,1741,2,0,1,3
GREEDY,3175,16,2,3,21
GREEDY,4692,14,2,3,19
STINGY,780,4,0,0,4
STINGY,1951,1,0,0,1
GREEDY,2915,18,2,2,22
STINGY,639,4,0,0,4
STINGY,1565,3,0,0,3
STINGY,1376,3,0,0,3
GREEDY,2418,14,2,4,20
STINGY,1381,4,2,0,6
STINGY,1770,2,0,1,3
GREEDY,5029,15,2,3,20
GREEDY,4324,17,1,2,20
STINGY,1599,2,0,0,2
GREEDY,3368,12,2,4,18
GREEDY,3042,15,1,2,18
STINGY,1797,2,0,1,3
STINGY,1718,0,0,1,1
GREEDY,10079,17,1,2,20
STINGY,1440,3,0,0,3
GREEDY,3222,15,2,1,18
STINGY,1344,2,0,0,2
GREEDY,2015,15,2,2,19
GREEDY,2653,15,2,3,20
STINGY,1646,1,0,0,1
GREEDY,4215,13,2,3,18
STINGY,1352,5,0,0,5
GREEDY,1590,13,1,4,18
STINGY,1273,3,0,0,3
GREEDY,3363,15,2,3,20
GREEDY,3279,17,1,3,21
GREEDY,4592,17,2,3,22
STINGY,801,5,2,1,8
STINGY,1391,2,0,0,2
GREEDY,1366,12,2,2,16
GREEDY,2624,18,2,3,23
STINGY,847,3,2,0,5
STINGY,2264,3,0,0,3
GREEDY,5070,16,0,4,20
GREEDY,459,19,2,4,25
GREEDY,3766,17,1,4,22
STINGY,1382,4,0,0,4
GREEDY,8694,14,2,2,18
GREEDY,4059,14,2,3,19
GREEDY,4721,16,1,3,20
GREEDY,4354,14,1,3,18
GREEDY,4332,14,2,2,18
GREEDY,5054,17,2,2,21
GREEDY,4437,14,1,4,19
STINGY,1758,0,0,0,0
GREEDY,15101,14,2,2,18
STINGY,1378,3,0,1,4
GREEDY,851,7,2,4,13
STINGY,1778,2,0,0,2
GREEDY,2940,16,2,4,22
GREEDY,3272,15,2,3,20
GREEDY,5819,19,2,2,23
GREEDY,5195,19,2,1,22
GREEDY,2993,17,1,4,22
GREEDY,901,14,2,4,20
STINGY,626,6,0,1,7
STINGY,1870,0,0,1,1
STINGY,1592,2,0,0,2
GREEDY,5538,15,1,3,19
GREEDY,5057,15,2,4,21
GREEDY,2791,14,2,3,19
STINGY,1555,2,0,1,3
GREEDY,1535,17,1,4,22
STINGY,1031,2,0,1,3
GREEDY,10386,16,2,2,20
STINGY,1740,3,0,1,4
STINGY,1711,2,1,1,4
GREEDY,2779,17,2,2,21
GREEDY,5824,17,1,3,21
GREEDY,4700,15,2,3,20
GREEDY,1870,20,2,3,25
GREEDY,4075,16,1,3,20
STINGY,2318,4,0,0,4
GREEDY,5511,18,1,2,21
GREEDY,3492,16,2,3,21
GREEDY,1664,15,2,3,20
GREEDY,2698,18,1,3,22
STINGY,1785,4,0,1,5
GREEDY,3712,15,0,4,19
GREEDY,2473,14,2,3,19
GREEDY,6270,15,2,4,21
GREEDY,4257,18,1,4,23
STINGY,936,2,0,0,2
GREEDY,3801,18,1,3,22
STINGY,1001,5,0,1,6
GREEDY,5044,17,2,1,20
STINGY,796,6,0,0,6
GREEDY,1302,15,2,4,21
STINGY,2462,2,1,0,3
STINGY,1380,3,0,2,5
GREEDY,1539,12,1,3,16
STINGY,965,5,0,1,6
STINGY,766,6,0,3,9
GREEDY,7974,15,1,4,20
STINGY,1149,1,0,0,1
GREEDY,4171,14,2,3,19
GREEDY,6016,16,2,4,22
STINGY,2371,3,0,1,4
STINGY,1567,5,1,0,6
GREEDY,11181,14,1,3,18
GREEDY,2316,17,2,2,21
STINGY,978,1,0,0,1
STINGY,1428,3,0,0,3
STINGY,1026,3,1,1,5
GREEDY,39278,15,0,2,17
GREEDY,2521,13,1,4,18
GREEDY,939,14,1,1,16
GREEDY,2541,16,1,2,19
GREEDY,1668,17,1,4,22
GREEDY,2888,13,1,3,17
STINGY,2390,4,0,2,6
GREEDY,1245,13,1,4,18
STINGY,1985,0,1,0,1
GREEDY,5874,17,0,4,21
GREEDY,14656,13,2,2,17
STINGY,1558,2,0,0,2
GREEDY,5396,15,1,4,20
STINGY,809,5,0,2,7
GREEDY,1366,16,1,4,21
GREEDY,2658,17,1,4,22
GREEDY,2426,15,2,3,20
STINGY,1227,3,0,0,3
STINGY,1360,1,0,1,2
STINGY,1574,5,0,0,5
GREEDY,2742,16,2,3,21
STINGY,907,3,0,1,4
GREEDY,1589,10,2,1,13
GREEDY,3194,12,2,3,17
GREEDY,2077,17,2,2,21
STINGY,1509,4,1,0,5
STINGY,1382,2,0,0,2
GREEDY,2266,14,1,4,19
STINGY,2186,2,0,0,2
GREEDY,2479,16,1,3,20
STINGY,1270,3,0,0,3
GREEDY,4094,15,1,2,18
STINGY,2088,2,0,1,3
GREEDY,5273,16,2,4,22
GREEDY,2095,11,1,3,15
GREEDY,5011,16,1,4,21
GREEDY,3978,18,1,2,21
GREEDY,10958,15,2,2,19
GREEDY,5816,15,2,4,21
GREEDY,7618,16,1,3,20
STINGY,1876,3,0,0,3
STINGY,1136,5,0,1,6
GREEDY,3302,19,1,4,24
GREEDY,3425,16,2,3,21
GREEDY,4127,16,1,2,19
STINGY,2849,6,0,1,7
GREEDY,1901,15,1,4,20
STINGY,2360,3,0,0,3
GREEDY,8650,13,2,2,17
GREEDY,1476,21,0,4,25
STINGY,1328,3,0,1,4
STINGY,2079,1,1,2,4
GREEDY,12360,14,2,2,18
GREEDY,4050,17,2,3,22
GREEDY,3155,13,1,2,16
STINGY,1713,6,0,2,8
GREEDY,5923,15,2,3,20
STINGY,1580,0,0,0,0
GREEDY,2524,19,1,3,23
STINGY,1717,8,0,1,9
STINGY,1405,3,0,0,3
GREEDY,4088,16,2,2,20
STINGY,1500,1,0,0,1
GREEDY,9850,17,2,2,21
STINGY,1503,1,0,2,3
GREEDY,960,17,2,3,22
STINGY,1358,6,0,0,6
GREEDY,3965,19,1,4,24
GREEDY,1804,15,2,4,21
STINGY,1732,2,1,0,3
GREEDY,2630,14,2,3,19
GREEDY,6413,14,2,3,19
STINGY,2367,0,0,0,0
GREEDY,5416,18,1,4,23
STINGY,1721,2,0,0,2
GREEDY,4011,16,2,4,22
GREEDY,2621,17,1,4,22
GREEDY,4822,15,1,4,20
STINGY,1134,1,0,1,2
GREEDY,18789,14,1,3,18
GREEDY,2440,16,1,4,21
GREEDY,1501,21,1,3,25
GREEDY,4987,13,2,3,18
STINGY,2052,4,0,0,4
STINGY,1798,1,0,0,1
STINGY,683,4,0,3,7
STINGY,1880,2,0,1,3
GREEDY,3776,14,2,4,20
GREEDY,1035,13,2,4,19
STINGY,1785,3,1,1,5
STINGY,1434,6,0,1,7
GREEDY,4364,15,2,3,20
GREEDY,3748,17,0,3,20
GREEDY,1030,5,0,1,6
STINGY,818,4,0,0,4
STINGY,2994,7,0,1,8
STINGY,1729,1,0,1,2
GREEDY,5002,17,2,3,22
GREEDY,5574,17,1,2,20
STINGY,1840,2,0,0,2
GREEDY,2265,17,2,3,22
STINGY,2092,7,1,2,10
GREEDY,9329,16,2,4,22
GREEDY,5496,16,0,2,18
GREEDY,3569,16,1,2,19
GREEDY,4780,18,2,3,23
GREEDY,2189,17,2,3,22
STINGY,1606,2,0,0,2
GREEDY,6610,12,1,4,17
STINGY,971,2,0,2,4
STINGY,1800,2,0,0,2
GREEDY,1680,18,0,2,20
STINGY,1358,1,0,1,2
STINGY,1059,4,0,2,6
GREEDY,2412,16,1,2,19
GREEDY,5379,16,2,4,22
STINGY,1066,4,0,0,4
STINGY,893,5,0,0,5
STINGY,1330,2,0,0,2
GREEDY,1923,9,2,4,15
GREEDY,4540,16,2,3,21
STINGY,1115,2,0,0,2
GREEDY,9714,11,2,4,17
GREEDY,2175,17,1,4,22
STINGY,1761,3,1,0,4
GREEDY,5482,15,2,3,20
STINGY,2428,1,0,4,5
STINGY,2172,2,1,1,4
STINGY,1767,6,1,2,9
GREEDY,1032,10,1,4,15
GREEDY,6065,16,1,3,20
STINGY,1584,2,0,1,3
STINGY,1850,5,0,1,6
STINGY,976,2,0,1,3
GREEDY,860,17,1,3,21
STINGY,1610,3,0,1,4
GREEDY,6813,17,1,3,21
GREEDY,1555,18,0,4,22
GREEDY,1365,17,1,4,22
GREEDY,1488,9,1,2,12
GREEDY,10966,15,1,4,20
STINGY,1174,4,1,0,5
GREEDY,4865,15,1,3,19
STINGY,985,4,0,0,4
GREEDY,3642,15,1,3,19
GREEDY,7002,15,2,3,20
GREEDY,2725,17,2,3,22
STINGY,1385,7,0,0,7
STINGY,1006,4,0,1,5
GREEDY,4078,16,1,3,20
STINGY,704,3,0,1,4
GREEDY,4907,15,1,4,20
STINGY,1296,2,0,3,5
STINGY,1185,5,0,0,5
STINGY,2109,2,0,1,3
GREEDY,3174,17,2,4,23
STINGY,985,7,0,1,8
GREEDY,1091,14,1,4,19
GREEDY,1521,14,1,3,18
GREEDY,3709,17,1,3,21
GREEDY,2975,16,2,3,21
GREEDY,6667,13,1,2,16
GREEDY,4214,17,0,3,20
GREEDY,1386,15,0,2,17
GREEDY,5348,12,1,2,15
GREEDY,7177,15,1,3,19
GREEDY,5376,16,2,2,20
STINGY,1059,3,1,1,5
STINGY,1768,2,1,1,4
STINGY,1815,5,1,0,6
GREEDY,5673,17,2,3,22
GREEDY,3233,15,1,4,20
GREEDY,1266,17,2,4,23
GREEDY,2571,12,1,4,17
GREEDY,3295,16,2,2,20
STINGY,1296,3,1,1,5
STINGY,1992,4,0,0,4
STINGY,1008,5,1,1,7
GREEDY,3921,16,2,4,22
STINGY,1474,1,1,0,2
STINGY,794,7,0,2,9
GREEDY,4816,16,1,4,21
STINGY,1440,2,0,0,2
GREEDY,3625,17,2,3,22
STINGY,1478,3,0,1,4
STINGY,1453,4,0,0,4
GREEDY,3527,16,2,3,21
STINGY,1353,3,0,1,4
GREEDY,1378,16,1,2,19
STINGY,1443,3,0,1,4
GREEDY,4276,19,2,1,22
GREEDY,3525,14,2,4,20
STINGY,1384,2,0,0,2
GREEDY,4438,14,2,3,19
GREEDY,3898,16,2,3,21
GREEDY,6380,15,2,2,19
GREEDY,8414,16,1,4,21
STINGY,1073,6,0,2,8
STINGY,1778,0,1,0,1
GREEDY,3709,16,2,3,21
GREEDY,3005,17,2,3,22
GREEDY,4743,19,1,2,22
GREEDY,2516,17,2,3,22
GREEDY,5189,15,2,2,19
GREEDY,9435,15,2,3,20
STINGY,2660,2,0,0,2
STINGY,1788,2,0,1,3
STINGY,1736,2,1,2,5
GREEDY,2259,15,0,4,19
GREEDY,2884,12,2,4,18
GREEDY,1901,18,1,4,23
STINGY,1422,2,0,1,3
STINGY,1691,2,0,0,2
STINGY,934,4,0,0,4
GREEDY,1646,11,2,4,17
GREEDY,7451,14,2,3,19
GREEDY,3521,16,1,4,21
STINGY,1628,2,0,0,2
GREEDY,3752,13,2,4,19
GREEDY,3160,18,2,3,23
GREEDY,1197,17,2,2,21
STINGY,1624,3,0,0,3
STINGY,1435,1,1,2,4
GREEDY,3903,17,1,3,21
GREEDY,9393,15,1,2,18
GREEDY,1910,20,2,3,25
STINGY,2007,2,0,0,2
GREEDY,3568,15,2,4,21
STINGY,1376,2,0,1,3
GREEDY,6116,17,2,2,21
GREEDY,5052,14,2,4,20
STINGY,1888,2,0,2,4
GREEDY,2209,15,2,3,20
STINGY,909,3,0,1,4
GREEDY,2991,14,1,1,16
GREEDY,2134,17,1,4,22
GREEDY,8024,17,2,2,21
STINGY,1588,5,0,0,5
GREEDY,3207,16,2,3,21
STINGY,902,8,0,0,8
GREEDY,7010,17,0,3,20
STINGY,1295,4,0,0,4
STINGY,1496,2,0,0,2
GREEDY,4240,11,2,4,17
STINGY,2124,1,0,1,2
GREEDY,2386,12,2,4,18
STINGY,1898,2,0,0,2
STINGY,2020,4,1,1,6
GREEDY,3382,17,0,3,20
GREEDY,4693,15,2,4,21
GREEDY,6743,16,1,4,21
GREEDY,2256,16,2,3,21
STINGY,1465,2,0,0,2
GREEDY,28213,11,2,4,17
GREEDY,3898,15,1,4,20
STINGY,1316,5,0,2,7
GREEDY,3049,14,1,3,18
STINGY,678,9,0,2,11
GREEDY,6184,17,2,3,22
GREEDY,14525,16,2,2,20
GREEDY,2423,17,2,4,23
STINGY,1281,3,0,1,4
GREEDY,4175,15,2,1,18
STINGY,1631,1,1,1,3
STINGY,1328,1,1,0,2
GREEDY,7620,15,1,3,19
GREEDY,6242,14,2,3,19
STINGY,2565,4,0,3,7
STINGY,1742,2,0,0,2
GREEDY,4142,18,1,3,22
STINGY,2005,2,1,0,3
STINGY,2012,3,0,0,3
GREEDY,2509,16,2,4,22
GREEDY,3269,20,1,2,23
GREEDY,4026,16,1,3,20
GREEDY,4048,17,2,3,22
STINGY,808,6,0,2,8
GREEDY,1941,17,2,2,21
STINGY,1524,2,0,0,2
GREEDY,4098,17,2,2,21
STINGY,1950,0,0,0,0
GREEDY,4147,17,2,4,23
STINGY,1588,3,0,2,5
STINGY,839,3,1,1,5
GREEDY,4468,18,2,3,23
GREEDY,7118,17,1,3,21
STINGY,781,3,0,0,3
GREEDY,2629,19,1,3,23
GREEDY,7662,16,1,3,20
GREEDY,3277,16,2,3,21
GREEDY,3756,18,1,3,22
STINGY,1417,1,0,1,2
GREEDY,2679,16,2,3,21
GREEDY,4819,17,2,2,21
STINGY,2106,1,0,2,3
STINGY,1336,1,0,2,3
GREEDY,1782,18,2,2,22
STINGY,828,4,0,1,5
STINGY,1810,1,0,0,1
GREEDY,6036,17,1,3,21
STINGY,1370,1,0,0,1
GREEDY,3588,14,2,4,20
STINGY,1154,3,1,1,5
STINGY,1529,3,0,1,4
STINGY,1952,2,1,1,4
STINGY,1218,5,1,1,7
STINGY,1638,1,0,0,1
GREEDY,2313,13,2,3,18
STINGY,1464,1,0,1,2
STINGY,1173,3,1,0,4
GREEDY,2140,11,2,4,17
GREEDY,2074,18,1,4,23
GREEDY,2850,16,2,3,21
STINGY,1390,4,0,0,4
STINGY,1813,3,0,0,3
STINGY,1320,3,0,2,5
GREEDY,3307,11,0,3,14
STINGY,1561,2,0,0,2
GREEDY,3520,12,2,3,17
GREEDY,5590,15,2,2,19
GREEDY,1819,16,2,2,20
GREEDY,2145,13,1,4,18
GREEDY,3251,11,1,4,16
GREEDY,11421,15,0,3,18
GREEDY,3502,15,1,3,19
GREEDY,3769,13,0,4,17
STINGY,1514,1,0,0,1
STINGY,1608,2,0,0,2
GREEDY,6407,15,1,3,19
GREEDY,6166,15,0,1,16
GREEDY,2648,15,2,3,20
GREEDY,12097,14,1,4,19
STINGY,1472,3,0,0,3
GREEDY,5397,15,2,3,20
STINGY,1006,2,1,1,4
STINGY,1166,5,0,1,6
GREEDY,4994,17,1,3,21
GREEDY,5752,16,2,2,20
GREEDY,1578,17,2,3,22
GREEDY,5197,13,1,4,18
STINGY,1380,3,1,1,5
GREEDY,3150,16,2,3,21
STINGY,1636,1,1,0,2
GREEDY,2743,19,2,3,24
GREEDY,20077,15,1,3,19
GREEDY,5240,17,1,3,21
GREEDY,2691,13,2,2,17
STINGY,1265,3,0,0,3
GREEDY,3618,16,2,3,21
STINGY,2538,3,1,4,8
STINGY,536,4,0,2,6
STINGY,1462,7,1,0,8
STINGY,2064,4,0,3,7
STINGY,999,2,0,1,3
GREEDY,5627,14,2,1,17
STINGY,1434,0,0,2,2
STINGY,1817,5,1,0,6
STINGY,1505,1,0,0,1
STINGY,1507,4,0,0,4
STINGY,1909,1,0,1,2
STINGY,1498,5,0,0,5
GREEDY,4887,18,2,2,22
STINGY,1770,3,0,0,3
GREEDY,6967,15,2,3,20
STINGY,900,6,0,0,6
GREEDY,2703,14,2,4,20
STINGY,2122,1,0,3,4
GREEDY,4743,13,2,3,18
STINGY,1235,2,0,0,2
STINGY,1688,2,2,1,5
GREEDY,2858,18,1,3,22
STINGY,2024,1,1,1,3
GREEDY,5651,15,2,3,20
GREEDY,4171,16,1,4,21
STINGY,1324,4,1,0,5
GREEDY,2198,14,2,3,19
STINGY,1812,3,0,0,3
GREEDY,2256,16,1,4,21
GREEDY,3383,14,2,4,20
STINGY,1494,3,0,0,3
STINGY,2823,1,0,2,3
STINGY,2383,8,0,1,9
GREEDY,2429,14,1,1,16
STINGY,1132,4,0,0,4
STINGY,1862,1,0,0,1
STINGY,2747,2,2,1,5
STINGY,1344,2,1,0,3
GREEDY,2493,18,2,2,22
GREEDY,2939,16,2,4,22
STINGY,728,3,0,2,5
STINGY,1096,2,1,0,3
GREEDY,1215,16,2,3,21
STINGY,1721,2,0,0,2
STINGY,1502,3,0,0,3
GREEDY,2054,21,2,3,26
GREEDY,37177,14,2,2,18
GREEDY,3896,17,2,3,22
GREEDY,6439,18,2,2,22
GREEDY,8951,18,0,2,20
STINGY,1766,2,0,2,4
STINGY,1527,4,0,1,5
STINGY,2121,2,1,1,4
STINGY,1140,4,0,0,4
GREEDY,18028,12,2,3,17
STINGY,1905,5,1,0,6
STINGY,1432,4,2,1,7
STINGY,1780,3,0,0,3
STINGY,2151,3,0,0,3
GREEDY,1972,15,2,2,19
GREEDY,4423,17,2,2,21
GREEDY,6093,15,1,3,19
GREEDY,3980,16,2,4,22
GREEDY,5630,14,2,2,18
GREEDY,1537,19,1,3,23
STINGY,1294,3,0,0,3
GREEDY,5603,16,2,3,21
STINGY,1132,3,1,0,4
STINGY,1137,5,0,1,6
STINGY,1373,3,1,0,4
GREEDY,2512,14,1,2,17
GREEDY,2361,13,1,3,17
GREEDY,6907,13,2,2,17
GREEDY,75596,16,1,1,18
STINGY,2127,3,0,1,4
GREEDY,1203,17,2,3,22
STINGY,1180,2,0,1,3
STINGY,1540,2,0,2,4
GREEDY,4486,20,1,3,24
STINGY,1393,0,2,2,4
GREEDY,3130,17,2,4,23
STINGY,1828,2,0,0,2
GREEDY,3871,13,1,3,17
GREEDY,3309,17,0,3,20
STINGY,2192,0,0,2,2
STINGY,1391,1,0,0,1
STINGY,1501,7,1,0,8
STINGY,1192,3,0,0,3
STINGY,2340,2,0,0,2
GREEDY,1692,15,1,4,20
STINGY,1518,1,1,0,2
GREEDY,3275,19,2,4,25
STINGY,1770,1,0,0,1
GREEDY,2989,17,1,4,22
GREEDY,2440,15,2,4,21
STINGY,1093,3,0,0,3
STINGY,827,7,0,0,7
GREEDY,1547,13,2,2,17
GREEDY,4435,13,0,4,17
STINGY,1472,4,0,0,4
STINGY,1998,1,0,0,1
GREEDY,4509,16,0,3,19
GREEDY,2943,17,2,4,23
STINGY,1726,1,2,0,3
STINGY,1557,4,1,0,5
GREEDY,1646,13,2,3,18
GREEDY,4561,15,2,3,20
GREEDY,6598,16,1,4,21
STINGY,982,6,0,1,7
STINGY,1698,2,0,0,2
GREEDY,5672,17,0,3,20
STINGY,857,3,0,1,4
STINGY,2487,3,0,1,4
STINGY,1193,2,2,0,4
GREEDY,3656,13,2,4,19
GREEDY,11387,16,2,3,21
GREEDY,5650,13,1,3,17
STINGY,1335,5,0,0,5
GREEDY,2535,12,2,3,17
STINGY,1109,3,1,0,4
GREEDY,8566,14,2,4,20
GREEDY,6989,17,2,2,21
STINGY,860,3,0,0,3
GREEDY,4600,17,1,2,20
STINGY,1545,0,0,1,1
GREEDY,8829,17,2,2,21
GREEDY,6857,17,2,2,21
STINGY,1496,1,0,0,1
STINGY,1588,2,0,0,2
GREEDY,1481,18,2,2,22
GREEDY,3708,15,0,4,19
GREEDY,3814,16,0,1,17
STINGY,1171,3,1,0,4
STINGY,1230,3,0,1,4
STINGY,657,4,1,1,6
GREEDY,3593,17,2,3,22
GREEDY,2709,16,1,3,20
STINGY,633,5,0,1,6
GREEDY,4318,18,2,3,23
STINGY,1970,4,1,1,6
STINGY,1278,3,0,0,3
STINGY,1981,2,0,0,2
GREEDY,11545,12,2,4,18
STINGY,1095,7,1,0,8
STINGY,2065,1,1,0,2
STINGY,2119,4,0,1,5
GREEDY,4682,17,1,3,21
STINGY,1654,2,0,2,4
GREEDY,1675,15,1,2,18
GREEDY,3265,17,2,2,21
STINGY,2751,4,2,3,9
GREEDY,3798,15,0,3,18
GREEDY,1229,10,1,2,13
GREEDY,6584,18,1,3,22
GREEDY,1635,12,1,2,15
GREEDY,2167,12,1,4,17
STINGY,1766,1,0,1,2
GREEDY,2284,15,2,3,20
GREEDY,1117,19,1,3,23
STINGY,1211,5,0,0,5
GREEDY,2443,13,1,2,16
GREEDY,2989,15,1,2,18
STINGY,1731,3,0,0,3
GREEDY,2802,16,1,4,21
STINGY,1231,5,1,2,8
STINGY,910,6,1,0,7
GREEDY,3717,15,2,3,20
GREEDY,7402,15,2,3,20
GREEDY,2957,17,1,4,22
GREEDY,2462,15,2,3,20
GREEDY,6910,17,1,4,22
STINGY,170,8,1,1,10
STINGY,2087,1,1,0,2
GREEDY,1455,13,1,3,17
GREEDY,4273,15,2,3,20
GREEDY,4699,17,1,4,22
STINGY,501,6,1,0,7
GREEDY,660,15,2,3,20
GREEDY,1949,14,2,2,18
STINGY,1403,1,0,0,1
GREEDY,2951,16,2,2,20
STINGY,1660,2,0,1,3
GREEDY,1767,16,2,3,21
STINGY,1629,4,0,0,4
STINGY,1082,4,0,0,4
STINGY,1502,4,1,0,5
GREEDY,4597,14,1,3,18
STINGY,1104,2,0,0,2
STINGY,2018,1,1,2,4
GREEDY,4288,19,1,3,23
STINGY,1376,4,0,1,5
GREEDY,1332,14,2,4,20
STINGY,2287,3,1,1,5
GREEDY,6166,16,2,3,21
STINGY,1625,2,0,0,2
STINGY,896,3,0,1,4
GREEDY,6100,14,2,3,19
STINGY,2161,4,0,0,4
GREEDY,3171,14,0,4,18
GREEDY,1508,16,0,4,20
STINGY,467,3,0,1,4
GREEDY,3202,14,2,4,20
STINGY,2277,1,0,1,2
STINGY,1806,1,1,0,2
STINGY,1408,3,0,2,5
GREEDY,3527,14,1,4,19
GREEDY,3638,16,2,2,20
STINGY,1662,1,0,0,1
GREEDY,2482,12,0,3,15
STINGY,1219,3,1,1,5
STINGY,982,7,1,1,9
GREEDY,2506,14,2,4,20
GREEDY,12838,16,0,3,19
STINGY,1459,3,0,1,4
GREEDY,5836,17,1,2,20
GREEDY,5480,13,2,1,16
STINGY,981,4,1,0,5
STINGY,1986,0,0,0,0
GREEDY,3948,18,2,3,23
STINGY,1640,1,0,1,2
GREEDY,5838,14,2,1,17
GREEDY,1471,15,1,4,20
STINGY,1623,1,0,1,2
GREEDY,1862,14,2,3,19
GREEDY,6425,16,1,3,20
GREEDY,4153,20,1,2,23
GREEDY,6575,18,1,3,22
GREEDY,3489,17,2,3,22
GREEDY,4964,17,0,4,21
GREEDY,2826,18,1,4,23
GREEDY,4357,14,2,3,19
STINGY,1332,2,0,1,3
GREEDY,4445,15,2,4,21
GREEDY,2753,17,2,4,23
STINGY,2055,3,1,1,5
STINGY,1676,1,0,0,1
STINGY,1257,3,1,0,4
STINGY,1081,3,0,0,3
STINGY,2144,2,1,0,3
STINGY,2033,0,0,0,0
STINGY,1394,2,0,1,3
GREEDY,2824,17,2,3,22
GREEDY,3691,16,2,3,21
STINGY,918,2,1,0,3
GREEDY,7156,16,2,3,21
STINGY,1066,3,0,2,5
GREEDY,3731,16,2,4,22
GREEDY,6230,18,1,3,22
STINGY,3050,3,0,3,6
GREEDY,4383,16,2,4,22
GREEDY,3024,18,2,4,24
GREEDY,1929,15,2,2,19
GREEDY,2128,14,2,4,20
GREEDY,2495,17,2,3,22
GREEDY,2863,19,1,3,23
STINGY,923,5,1,0,6
GREEDY,1803,14,2,3,19
GREEDY,4372,18,0,3,21
GREEDY,8777,16,2,3,21
GREEDY,2397,14,2,4,20
GREEDY,9044,15,2,3,20
STINGY,2172,3,2,3,8
STINGY,973,5,1,1,7
GREEDY,6160,18,1,2,21
GREEDY,11267,16,2,3,21
STINGY,1726,3,0,0,3
GREEDY,8395,15,2,2,19
GREEDY,1934,17,1,3,21
GREEDY,886,9,1,4,14
STINGY,1341,4,1,3,8
STINGY,1387,4,0,0,4
STINGY,1164,5,1,1,7
GREEDY,3737,14,1,4,19
STINGY,1893,1,0,0,1
STINGY,1130,3,0,0,3
GREEDY,8751,15,1,3,19
GREEDY,4927,16,1,2,19
GREEDY,16987,13,2,2,17
GREEDY,3169,18,1,3,22
STINGY,1724,3,0,0,3
STINGY,1228,4,0,0,4
STINGY,2097,0,0,1,1
STINGY,1394,1,0,0,1
GREEDY,4696,16,1,4,21
GREEDY,3166,15,2,4,21
STINGY,1171,0,0,1,1
STINGY,1830,5,1,0,6
STINGY,1710,1,0,0,1
GREEDY,6019,18,2,4,24
GREEDY,5123,18,2,3,23
STINGY,786,4,0,0,4
GREEDY,5613,16,2,2,20
GREEDY,2475,17,1,3,21
GREEDY,12358,14,2,4,20
STINGY,1704,3,0,0,3
STINGY,1445,3,1,0,4
STINGY,1972,5,0,1,6
GREEDY,4861,15,2,4,21
GREEDY,2913,18,2,4,24
GREEDY,3837,17,1,3,21
GREEDY,4065,14,1,2,17
GREEDY,3972,17,2,3,22
STINGY,2002,1,1,0,2
GREEDY,2501,16,2,4,22
GREEDY,2923,15,2,4,21
STINGY,1105,2,0,2,4
STINGY,1073,1,0,1,2
GREEDY,6575,18,2,4,24
GREEDY,2437,18,2,2,22
GREEDY,7091,17,1,2,20
GREEDY,402,12,1,4,17
STINGY,1650,2,0,1,3
GREEDY,3724,14,2,2,18
GREEDY,3392,17,1,4,22
GREEDY,2877,19,1,2,22
GREEDY,28519,12,2,3,17
GREEDY,3609,18,2,1,21
STINGY,1839,2,0,1,3
STINGY,2050,4,1,2,7
GREEDY,8110,15,2,4,21
GREEDY,1639,18,2,4,24
GREEDY,10520,16,1,2,19
GREEDY,1355,10,2,1,13
GREEDY,2292,17,1,3,21
GREEDY,6018,16,2,4,22
STINGY,726,6,0,3,9
GREEDY,4061,15,2,2,19
STINGY,1748,3,1,2,6
GREEDY,6904,18,2,2,22
STINGY,1901,4,1,0,5
GREEDY,2045,12,2,2,16
STINGY,1866,1,0,1,2
GREEDY,2383,17,2,4,23
STINGY,2108,0,0,1,1
GREEDY,5105,16,2,3,21
STINGY,1606,4,0,0,4
GREEDY,2444,16,2,4,22
STINGY,1341,4,0,1,5
STINGY,1088,1,0,2,3
GREEDY,4472,15,1,3,19
GREEDY,2613,17,1,3,21
GREEDY,1079,10,1,3,14
STINGY,1422,0,0,1,1
GREEDY,3111,17,1,3,21
GREEDY,2685,16,0,2,18
STINGY,1667,4,0,1,5
GREEDY,3799,18,2,1,21
STINGY,1386,0,0,0,0
GREEDY,10909,13,2,3,18
GREEDY,34236,13,2,2,17
STINGY,1811,1,0,1,2
GREEDY,4547,15,1,3,19
STINGY,1209,4,1,3,8
GREEDY,3556,16,2,3,21
STINGY,1581,3,0,1,4
STINGY,462,3,0,0,3
GREEDY,4660,17,2,3,22
GREEDY,2477,16,2,3,21
GREEDY,2930,17,2,3,22
GREEDY,2234,19,1,4,24
GREEDY,5698,17,1,3,21
GREEDY,1664,12,2,4,18
GREEDY,4340,17,2,2,21
GREEDY,1385,17,1,3,21
STINGY,1770,4,0,0,4
STINGY,959,1,1,1,3
STINGY,1252,4,0,0,4
GREEDY,2935,17,2,2,21
STINGY,1018,4,0,0,4
GREEDY,1985,14,2,2,18
GREEDY,2167,15,2,4,21
GREEDY,1891,16,2,4,22
STINGY,1694,1,0,0,1
STINGY,1412,1,1,0,2
GREEDY,1454,11,1,4,16
STINGY,1076,4,1,0,5
GREEDY,2359,15,2,3,20
GREEDY,6748,16,2,2,20
GREEDY,4117,13,2,2,17
STINGY,954,3,1,1,5
STINGY,1727,2,0,0,2
STINGY,964,5,0,0,5
GREEDY,2705,14,2,4,20
GREEDY,5132,15,2,2,19
STINGY,1914,4,0,0,4
GREEDY,3526,15,1,4,20
GREEDY,3012,18,1,2,21
STINGY,970,4,1,1,6
GREEDY,4238,19,2,2,23
STINGY,1548,5,1,0,6
STINGY,1390,3,1,1,5
GREEDY,3327,16,0,2,18
GREEDY,2225,17,2,4,23
GREEDY,2306,16,2,4,22
STINGY,1336,3,0,0,3
GREEDY,1025,13,2,1,16
STINGY,1273,3,0,0,3
GREEDY,967,19,2,3,24
STINGY,697,6,0,2,8
STINGY,1311,6,0,0,6
STINGY,2187,3,0,1,4
GREEDY,8910,15,0,3,18
STINGY,1201,4,0,1,5
GREEDY,961,6,1,4,11
GREEDY,3233,18,2,2,22
GREEDY,7846,13,1,2,16
STINGY,2765,1,1,1,3
GREEDY,3501,15,2,3,20
GREEDY,4282,18,1,3,22
GREEDY,3376,15,2,2,19
STINGY,1603,0,0,0,0
GREEDY,3686,17,1,4,22
GREEDY,3630,17,0,2,19
GREEDY,3120,11,2,4,17
GREEDY,3767,15,1,3,19
GREEDY,3030,19,1,3,23
GREEDY,4836,16,2,2,20
GREEDY,4302,16,1,4,21
GREEDY,6278,20,1,1,22
STINGY,1398,3,1,0,4
GREEDY,2546,14,2,4,20
STINGY,1927,2,0,1,3
STINGY,1576,2,1,2,5
GREEDY,2290,14,2,1,17
GREEDY,1366,15,1,4,20
GREEDY,5454,15,2,3,20
STINGY,1591,5,1,2,8
GREEDY,3196,18,1,4,23
STINGY,1937,3,0,1,4
GREEDY,3952,15,1,2,18
STINGY,856,3,0,2,5
GREEDY,10514,14,2,3,19
GREEDY,2486,21,2,3,26
GREEDY,2651,15,1,3,19
GREEDY,1771,15,1,4,20
GREEDY,4861,17,2,3,22
GREEDY,4466,19,1,4,24
GREEDY,2840,14,2,4,20
STINGY,1130,3,0,0,3
GREEDY,4557,19,2,2,23
GREEDY,9178,16,1,1,18
STINGY,1711,5,0,0,5
GREEDY,4469,14,2,2,18
GREEDY,5833,18,1,2,21
GREEDY,1835,10,2,3,15
GREEDY,3207,13,2,4,19
GREEDY,3325,18,1,2,21
STINGY,1732,1,0,0,1
STINGY,1351,2,1,0,3
STINGY,643,3,0,0,3
STINGY,452,7,0,0,7
GREEDY,2968,19,1,2,22
GREEDY,5682,15,2,4,21
STINGY,1548,2,0,1,3
GREEDY,4692,17,2,3,22
GREEDY,2436,20,1,4,25
GREEDY,2401,17,2,4,23
GREEDY,2449,17,0,2,19
GREEDY,2462,17,2,4,23
GREEDY,3496,17,2,3,22
GREEDY,5485,14,0,4,18
STINGY,1487,0,0,1,1
STINGY,1368,3,0,0,3
GREEDY,2040,14,2,4,20
GREEDY,4781,18,2,3,23
STINGY,1834,2,0,0,2
GREEDY,6119,16,1,4,21
GREEDY,2546,17,1,3,21
GREEDY,5150,15,2,3,20
STINGY,1488,1,0,0,1
STINGY,815,5,0,0,5
GREEDY,2716,19,2,3,24
GREEDY,4402,16,1,2,19
STINGY,1509,2,0,1,3
STINGY,1696,2,0,0,2
GREEDY,2354,9,1,4,14
GREEDY,4353,15,2,4,21
GREEDY,3788,18,2,4,24
GREEDY,3247,19,1,4,24
GREEDY,5526,15,1,4,20
STINGY,1398,2,0,0,2
STINGY,1710,0,1,0,1
GREEDY,2931,14,2,3,19
STINGY,542,3,1,0,4
GREEDY,1148,18,2,3,23
STINGY,1585,1,1,1,3
GREEDY,17577,13,2,3,18
STINGY,1725,3,2,2,7
GREEDY,3764,18,2,4,24
GREEDY,14010,13,2,4,19
STINGY,2114,5,2,1,8
STINGY,1687,2,0,0,2
GREEDY,5967,15,1,2,18
STINGY,1463,4,0,2,6
GREEDY,5142,18,1,3,22
GREEDY,2081,13,2,4,19
STINGY,1607,5,0,1,6
GREEDY,1730,13,1,4,18
STINGY,1380,3,1,0,4
STINGY,1120,2,2,0,4
STINGY,1770,3,0,0,3
GREEDY,5147,14,2,2,18
GREEDY,6318,16,1,3,20
STINGY,2130,1,0,1,2
STINGY,1550,2,0,0,2
GREEDY,2894,15,2,4,21
GREEDY,1853,16,1,4,21
GREEDY,4853,15,1,3,19
GREEDY,1940,17,2,2,21
GREEDY,3343,16,2,2,20
GREEDY,2631,17,2,3,22
STINGY,1028,4,1,0,5
STINGY,1617,3,1,0,4
STINGY,1282,3,0,0,3
STINGY,1660,3,0,2,5
GREEDY,5046,18,2,1,21
GREEDY,4653,15,1,3,19
GREEDY,3900,17,1,3,21
GREEDY,3635,20,1,3,24
STINGY,1792,3,0,0,3
STINGY,1505,1,0,1,2
GREEDY,3007,16,2,4,22
GREEDY,6779,15,2,3,20
GREEDY,2863,17,1,4,22
GREEDY,3059,15,1,4,20
GREEDY,2627,16,1,4,21
GREEDY,5089,11,2,3,16
GREEDY,5945,11,2,3,16
GREEDY,2323,16,2,3,21
GREEDY,4304,18,1,4,23
GREEDY,3163,18,2,2,22
STINGY,2563,2,1,1,4
GREEDY,3494,15,1,3,19
GREEDY,8466,17,1,2,20
GREEDY,1903,20,2,3,25
GREEDY,3587,18,2,3,23
STINGY,918,6,0,1,7
GREEDY,7165,18,1,4,23
GREEDY,1396,18,2,4,24
STINGY,1273,1,0,0,1
GREEDY,6176,17,2,1,20
STINGY,1487,1,0,2,3
GREEDY,6138,16,1,4,21
STINGY,2671,3,0,0,3
GREEDY,1949,15,2,4,21
GREEDY,5297,18,2,3,23
STINGY,1491,1,0,1,2
STINGY,818,4,1,1,6
STINGY,1296,5,0,0,5
GREEDY,3694,19,1,3,23
GREEDY,5074,17,2,4,23
GREEDY,7347,15,2,3,20
STINGY,1163,4,0,3,7
STINGY,1408,3,2,1,6
GREEDY,3001,18,0,4,22
GREEDY,1990,17,1,3,21
GREEDY,8770,16,2,1,19
STINGY,1659,3,1,0,4
GREEDY,1729,16,1,2,19
GREEDY,3298,19,2,2,23
GREEDY,3329,15,0,4,19
GREEDY,2381,12,2,2,16
GREEDY,1695,17,2,4,23
GREEDY,2104,16,2,2,20
GREEDY,3713,17,2,4,23
GREEDY,5073,16,2,3,21
STINGY,1382,3,0,1,4
STINGY,1896,4,0,1,5
GREEDY,2153,15,1,2,18
GREEDY,2850,14,1,4,19
STINGY,306,6,0,1,7
STINGY,2167,3,0,2,5
STINGY,1189,2,0,1,3
STINGY,1337,3,0,1,4
STINGY,1378,3,0,2,5
GREEDY,3128,15,2,3,20
GREEDY,4293,14,2,4,20
STINGY,1537,5,1,1,7
STINGY,1137,4,0,1,5
GREEDY,1762,13,2,4,19
GREEDY,6184,18,0,3,21
GREEDY,6202,15,2,3,20
GREEDY,5730,17,2,4,23
STINGY,1525,4,1,1,6
STINGY,1050,5,1,1,7
GREEDY,1723,16,0,4,20
STINGY,1905,1,0,0,1
GREEDY,2038,13,1,1,15
GREEDY,5319,17,2,4,23
GREEDY,4376,18,1,2,21
STINGY,2068,4,0,1,5
GREEDY,4304,15,2,3,20
GREEDY,3101,20,2,2,24
GREEDY,3864,20,2,3,25
STINGY,1166,3,1,0,4
STINGY,1330,2,0,0,2
GREEDY,9459,18,2,3,23
GREEDY,2149,15,2,3,20
STINGY,1518,3,2,0,5
STINGY,1313,3,1,2,6
STINGY,2436,1,0,0,1
GREEDY,2301,16,1,1,18
STINGY,1278,2,0,0,2
GREEDY,3977,16,1,2,19
GREEDY,6731,15,1,3,19
STINGY,2132,1,0,2,3
GREEDY,2226,16,2,3,21
GREEDY,2419,16,2,2,20
STINGY,1613,1,0,0,1
GREEDY,3000,16,1,3,20
GREEDY,3663,19,2,1,22
STINGY,1463,4,0,1,5
GREEDY,3287,15,2,4,21
STINGY,1950,4,0,0,4
GREEDY,4266,17,1,3,21
GREEDY,4954,14,2,4,20
GREEDY,2989,17,1,4,22
STINGY,2006,3,0,1,4
GREEDY,2082,17,0,4,21
STINGY,1066,5,2,0,7
GREEDY,2096,18,2,3,23
GREEDY,3144,18,0,4,22
STINGY,2393,3,1,1,5
STINGY,1612,1,0,0,1
STINGY,1531,1,0,0,1
STINGY,555,5,0,2,7
GREEDY,2597,13,2,1,16
GREEDY,3156,16,0,3,19
GREEDY,17955,15,1,3,19
GREEDY,3448,15,1,3,19
GREEDY,2697,13,2,3,18
GREEDY,3628,17,2,3,22
GREEDY,3311,15,2,4,21
STINGY,1166,4,1,2,7
GREEDY,4832,14,2,2,18
STINGY,2410,2,0,2,4
STINGY,1371,3,0,2,5
STINGY,1252,4,1,1,6
GREEDY,7934,15,1,3,19
STINGY,1310,1,1,1,3
STINGY,1754,2,0,0,2
STINGY,1420,2,0,0,2
GREEDY,3579,14,1,4,19
STINGY,1680,3,0,0,3
GREEDY,1479,16,0,3,19
GREEDY,2970,15,1,3,19
GREEDY,3468,18,2,3,23
STINGY,1989,1,0,1,2
GREEDY,3363,15,1,4,20
STINGY,1393,5,0,0,5
GREEDY,4296,20,1,2,23
GREEDY,3060,15,2,3,20
GREEDY,4239,17,1,2,20
GREEDY,2127,15,1,3,19
STINGY,996,3,1,1,5
GREEDY,1580,14,2,4,20
STINGY,731,4,0,1,5
GREEDY,3864,16,1,3,20
GREEDY,1296,15,1,4,20
STINGY,1256,6,0,0,6
GREEDY,1509,12,1,4,17
STINGY,1846,5,0,1,6
GREEDY,4124,16,2,3,21
GREEDY,18557,14,1,3,18
GREEDY,4112,19,1,2,22
GREEDY,888,13,1,3,17
GREEDY,1460,12,2,3,17
GREEDY,19098,15,1,3,19
GREEDY,2721,16,1,3,20
GREEDY,6297,14,2,3,19
GREEDY,8459,14,2,3,19
STINGY,1300,5,0,2,7
STINGY,1967,2,0,0,2
STINGY,1894,4,1,1,6
GREEDY,1679,17,2,3,22
STINGY,1113,4,0,0,4
STINGY,1567,3,1,1,5
GREEDY,3348,18,2,4,24
GREEDY,3100,18,1,3,22
STINGY,845,2,0,1,3
GREEDY,2675,18,1,4,23
GREEDY,3024,13,2,4,19
STINGY,939,5,0,1,6
STINGY,1344,4,0,2,6
GREEDY,2580,13,2,3,18
GREEDY,3646,17,2,2,21
STINGY,1071,4,0,2,6
GREEDY,3721,14,1,4,19
STINGY,922,6,1,1,8
GREEDY,1880,15,1,4,20
GREEDY,2882,13,1,3,17
GREEDY,2407,16,1,3,20
GREEDY,2599,15,2,3,20
STINGY,1504,4,0,1,5
GREEDY,2300,19,2,2,23
GREEDY,1937,16,2,3,21
STINGY,996,3,0,0,3
GREEDY,2649,16,2,2,20
STINGY,1459,2,0,1,3
STINGY,1493,2,1,0,3
GREEDY,3961,17,2,3,22
STINGY,1537,2,0,0,2
GREEDY,6952,14,2,3,19
GREEDY,4118,17,1,4,22
GREEDY,1762,11,0,1,12
STINGY,1503,1,1,1,3
STINGY,998,6,1,0,7
GREEDY,3501,15,1,4,20
GREEDY,1458,20,1,3,24
GREEDY,4283,17,2,4,23
GREEDY,1026,16,2,3,21
GREEDY,2670,20,2,2,24
GREEDY,3176,15,1,3,19
STINGY,1610,2,1,0,3
GREEDY,2045,18,2,4,24
GREEDY,4240,16,2,4,22
GREEDY,2133,17,2,3,22
GREEDY,3891,14,2,3,19
GREEDY,2796,16,2,3,21
STINGY,1770,0,0,0,0
GREEDY,3403,13,2,3,18
STINGY,1224,1,0,3,4
GREEDY,3154,16,2,4,22
GREEDY,4137,15,2,4,21
STINGY,1764,4,0,0,4
GREEDY,3521,13,1,4,18
STINGY,1945,2,1,0,3
GREEDY,3684,18,2,1,21
GREEDY,3913,14,2,3,19
GREEDY,7346,17,2,2,21
GREEDY,2632,15,2,3,20
GREEDY,2938,15,1,3,19
STINGY,1141,3,0,0,3
STINGY,1491,3,0,1,4
GREEDY,2145,16,2,3,21
GREEDY,5805,16,2,3,21
GREEDY,35328,14,1,4,19
STINGY,1919,3,0,1,4
STINGY,1716,1,1,0,2
STINGY,1270,2,1,0,3
GREEDY,5269,16,2,3,21
STINGY,1971,3,1,0,4
GREEDY,2930,15,0,2,17
GREEDY,2409,15,2,4,21
STINGY,784,6,1,1,8
GREEDY,2865,16,1,4,21
GREEDY,8773,15,1,3,19
GREEDY,2121,15,2,3,20
GREEDY,2414,15,1,4,20
STINGY,1306,2,1,0,3
STINGY,1148,4,1,0,5
GREEDY,1346,18,2,4,24
GREEDY,3777,16,2,2,20
GREEDY,5524,13,2,2,17
STINGY,1737,1,0,1,2
GREEDY,10396,15,2,2,19
STINGY,1840,1,1,1,3
GREEDY,13382,17,2,3,22
STINGY,1061,2,0,0,2
GREEDY,7599,16,2,2,20
STINGY,927,6,1,0,7
GREEDY,14053,14,2,2,18
STINGY,684,5,0,0,5
GREEDY,2286,14,1,3,18
STINGY,1291,3,0,1,4
GREEDY,4615,19,0,3,22
GREEDY,2682,16,1,3,20
GREEDY,3021,17,2,2,21
GREEDY,3761,17,2,3,22
STINGY,1938,3,2,0,5
GREEDY,4965,18,1,1,20
STINGY,672,2,1,1,4
STINGY,1773,0,0,0,0
GREEDY,3001,19,2,3,24
GREEDY,3507,18,1,3,22
STINGY,1706,1,0,0,1
STINGY,1112,3,0,2,5
STINGY,1934,2,1,0,3
GREEDY,7255,16,2,3,21
STINGY,1286,3,1,0,4
GREEDY,3610,14,0,3,17
STINGY,1528,1,0,2,3
STINGY,1486,4,0,2,6
GREEDY,2862,12,2,4,18
STINGY,1423,6,0,0,6
GREEDY,4968,16,2,3,21
GREEDY,4243,17,1,3,21
STINGY,2055,4,0,0,4
STINGY,1212,1,0,0,1
GREEDY,2959,18,2,3,23
GREEDY,5869,17,2,3,22
STINGY,878,5,0,0,5
STINGY,50922,11,1,1,13
STINGY,1748,7,0,2,9
GREEDY,2855,16,1,2,19
STINGY,740,3,0,1,4
STINGY,928,3,0,0,3
STINGY,2616,0,0,1,1
STINGY,1876,2,0,1,3
GREEDY,1742,10,2,2,14
GREEDY,5167,18,2,2,22
STINGY,2158,2,0,0,2
STINGY,1384,1,0,1,2
GREEDY,5695,17,2,3,22
GREEDY,6173,16,2,2,20
GREEDY,2546,14,1,4,19
STINGY,1428,2,1,0,3
GREEDY,43437,14,1,2,17
STINGY,1242,4,0,0,4
GREEDY,6352,15,2,3,20
GREEDY,2192,12,0,4,16
STINGY,1088,4,1,0,5
GREEDY,9037,17,2,3,22
GREEDY,4168,17,1,3,21
GREEDY,3265,17,2,4,23
STINGY,1709,3,0,1,4
GREEDY,3233,18,2,3,23
GREEDY,4093,17,1,3,21
GREEDY,4307,13,1,2,16
STINGY,1669,2,1,0,3
GREEDY,3391,10,2,3,15
STINGY,1783,2,0,0,2
STINGY,1976,3,0,0,3
GREEDY,5802,17,2,3,22
GREEDY,1752,12,2,4,18
GREEDY,4758,16,2,4,22
GREEDY,1768,17,2,2,21
STINGY,729,5,0,1,6
STINGY,1543,3,0,1,4
STINGY,1098,2,0,1,3
STINGY,959,4,0,1,5
GREEDY,1080,14,1,2,17
STINGY,789,4,0,2,6
GREEDY,2270,12,2,4,18
GREEDY,3481,17,1,4,22
STINGY,627,5,0,2,7
STINGY,1169,4,0,0,4
GREEDY,3297,14,1,4,19
STINGY,1083,3,0,2,5
GREEDY,5781,14,2,2,18
GREEDY,6358,17,1,2,20
GREEDY,2301,16,0,4,20
GREEDY,2394,15,2,2,19
GREEDY,6321,18,2,2,22
GREEDY,4416,16,1,2,19
STINGY,2381,1,0,2,3
GREEDY,1210,17,2,3,22
STINGY,1478,4,0,1,5
STINGY,1768,5,0,0,5
STINGY,2162,3,0,0,3
GREEDY,2655,17,1,3,21
STINGY,1492,5,0,0,5
STINGY,1571,4,0,0,4
GREEDY,1560,15,2,3,20
GREEDY,3853,15,2,4,21
GREEDY,2029,11,2,3,16
GREEDY,3178,12,2,4,18
STINGY,1452,2,0,0,2
STINGY,458,3,1,1,5
GREEDY,3907,15,1,4,20
GREEDY,3191,16,1,3,20
GREEDY,2105,17,2,4,23
GREEDY,3305,16,0,3,19
GREEDY,2640,19,0,4,23
GREEDY,3102,16,2,3,21
GREEDY,4173,16,1,2,19
STINGY,856,3,0,0,3
STINGY,1996,3,0,1,4
STINGY,1587,3,0,1,4
GREEDY,4525,15,2,4,21
STINGY,1516,2,0,1,3
GREEDY,2180,16,1,3,20
STINGY,1445,2,0,1,3
GREEDY,2162,12,1,4,17
STINGY,1355,1,0,0,1
GREEDY,3744,13,1,3,17
GREEDY,5409,16,2,2,20
GREEDY,7810,17,2,2,21
STINGY,1164,2,0,0,2
STINGY,1836,3,0,0,3
GREEDY,287,6,1,1,8
GREEDY,4368,18,2,4,24
GREEDY,1120,17,2,4,23
GREEDY,4621,13,2,4,19
STINGY,1427,5,0,2,7
GREEDY,1969,17,2,4,23
GREEDY,5140,18,2,3,23
STINGY,1342,3,0,0,3
STINGY,873,3,1,1,5
STINGY,1295,4,0,0,4
STINGY,803,5,0,3,8
STINGY,466,4,0,1,5
STINGY,490,2,0,2,4
STINGY,1402,3,0,1,4
STINGY,1547,4,0,0,4
GREEDY,4002,14,2,3,19
GREEDY,4505,15,2,2,19
GREEDY,3921,16,1,3,20
GREEDY,7493,15,2,3,20
GREEDY,4135,16,2,3,21
GREEDY,4202,13,1,3,17
GREEDY,5993,13,1,2,16
STINGY,1871,3,0,0,3
GREEDY,1866,15,1,2,18
GREEDY,3503,17,2,3,22
GREEDY,2506,16,2,4,22
GREEDY,5959,16,2,4,22
STINGY,914,6,0,0,6
GREEDY,1735,17,2,1,20
STINGY,2008,6,1,2,9
STINGY,1164,2,2,0,4
GREEDY,8539,14,2,2,18
STINGY,1758,0,0,0,0
STINGY,958,3,0,2,5
GREEDY,1925,16,2,4,22
GREEDY,2750,17,1,4,22
STINGY,416,6,0,0,6
STINGY,1018,3,0,1,4
GREEDY,4790,18,1,4,23
STINGY,260,5,1,0,6
STINGY,1464,4,0,0,4
GREEDY,1319,12,1,3,16
GREEDY,4437,14,2,4,20
STINGY,894,2,0,0,2
GREEDY,5950,15,1,3,19
GREEDY,8134,15,2,3,20
STINGY,1659,3,0,1,4
GREEDY,5943,12,1,4,17
GREEDY,1138,14,2,4,20
STINGY,1467,1,1,0,2
GREEDY,4910,18,1,0,19
GREEDY,6996,14,2,3,19
STINGY,1478,2,1,1,4
STINGY,1095,5,0,2,7
GREEDY,3179,16,1,3,20
GREEDY,963,11,0,2,13
GREEDY,2349,12,2,2,16
STINGY,943,4,1,1,6
STINGY,956,3,0,0,3
STINGY,1637,6,0,1,7
GREEDY,3797,15,1,2,18
GREEDY,950,15,0,4,19
GREEDY,2594,14,1,2,17
STINGY,563,5,1,1,7
GREEDY,2013,15,2,3,20
STINGY,1544,1,0,0,1
GREEDY,1980,14,2,2,18
GREEDY,3020,17,2,3,22
GREEDY,4267,15,1,2,18
GREEDY,2901,15,1,4,20
STINGY,1820,3,2,0,5
STINGY,1331,5,0,1,6
STINGY,1005,3,0,0,3
STINGY,1838,3,0,1,4
GREEDY,1454,13,1,4,18
STINGY,1404,4,0,0,4
GREEDY,5103,17,2,3,22
STINGY,2374,3,0,3,6
STINGY,1346,2,0,0,2
GREEDY,4746,15,1,3,19
STINGY,1895,3,0,1,4
GREEDY,1883,17,2,4,23
STINGY,1049,1,0,1,2
GREEDY,5420,16,2,3,21
GREEDY,4584,16,2,2,20
STINGY,936,3,0,0,3
GREEDY,4041,18,2,3,23
GREEDY,9593,15,2,2,19
GREEDY,1955,7,1,4,12
STINGY,1115,1,0,1,2
GREEDY,6004,15,0,4,19
GREEDY,3715,16,2,3,21
GREEDY,3489,16,0,4,20
GREEDY,6189,14,1,3,18
GREEDY,5214,17,2,2,21
STINGY,1777,4,1,1,6
GREEDY,1240,15,2,4,21
STINGY,1725,3,0,0,3
GREEDY,6596,17,2,4,23
GREEDY,1924,14,1,2,17
GREEDY,3984,15,2,3,20
GREEDY,2352,17,2,3,22
GREEDY,3419,18,2,3,23
STINGY,1927,2,0,2,4
STINGY,1824,0,0,0,0
GREEDY,8987,16,1,2,19
STINGY,1081,3,1,0,4
GREEDY,4220,17,1,2,20
GREEDY,6695,18,1,3,22
GREEDY,6963,10,1,2,13
STINGY,1336,2,0,1,3
STINGY,894,3,0,1,4
STINGY,1415,2,1,1,4
STINGY,1268,4,1,0,5
STINGY,2167,2,0,0,2
STINGY,539,6,0,1,7
GREEDY,3485,16,1,2,19
GREEDY,5405,16,0,3,19
GREEDY,6878,12,2,3,17
GREEDY,2879,16,2,2,20
STINGY,1057,5,0,0,5
GREEDY,5978,17,0,3,20
STINGY,1404,5,0,1,6
GREEDY,3324,16,1,3,20
GREEDY,1896,17,2,3,22
GREEDY,2325,17,2,3,22
GREEDY,3547,16,0,4,20
STINGY,1163,2,0,0,2
GREEDY,4510,17,1,3,21
STINGY,1665,2,0,0,2
STINGY,1510,1,2,1,4
GREEDY,4413,19,2,2,23
GREEDY,3120,16,2,4,22
STINGY,1649,1,0,0,1
GREEDY,4843,17,2,3,22
GREEDY,8868,11,1,3,15
STINGY,2501,3,2,0,5
STINGY,1698,2,0,0,2
STINGY,1510,1,0,0,1
GREEDY,3510,15,1,4,20
STINGY,969,4,0,0,4
GREEDY,5118,14,2,4,20
STINGY,2490,3,0,2,5
STINGY,1215,4,0,0,4
GREEDY,490,19,2,2,23
GREEDY,1260,15,1,4,20
STINGY,1480,3,1,0,4
GREEDY,7650,16,2,2,20
GREEDY,2924,15,1,3,19
STINGY,1718,1,1,0,2
GREEDY,2233,13,1,1,15
GREEDY,1802,18,1,3,22
STINGY,1364,3,0,0,3
STINGY,855,7,1,1,9
STINGY,1148,3,0,2,5
STINGY,1241,0,0,1,1
STINGY,1034,4,0,0,4
GREEDY,4037,16,2,3,21
GREEDY,5611,15,1,4,20
STINGY,665,3,0,1,4
STINGY,1687,2,0,0,2
STINGY,1493,5,2,1,8
STINGY,994,5,0,1,6
STINGY,1760,0,0,0,0
STINGY,1786,0,0,0,0
STINGY,1388,1,0,0,1
GREEDY,9436,14,2,2,18
GREEDY,3812,14,2,3,19
GREEDY,2681,19,2,4,25
GREEDY,3591,15,2,3,20
GREEDY,2646,18,2,1,21
GREEDY,6197,15,2,4,21
GREEDY,3668,16,2,4,22
STINGY,270,7,1,0,8
GREEDY,2069,15,1,2,18
GREEDY,5026,14,1,4,19
GREEDY,3071,15,2,2,19
GREEDY,3245,13,2,3,18
GREEDY,7551,13,2,4,19
GREEDY,3853,18,2,4,24
STINGY,2694,3,1,1,5
STINGY,1288,1,1,1,3
STINGY,1440,2,1,0,3
GREEDY,3534,16,1,4,21
GREEDY,5092,20,2,3,25
STINGY,2412,0,0,0,0
STINGY,1338,5,1,1,7
STINGY,791,4,1,0,5
STINGY,1298,5,0,0,5
GREEDY,3439,17,1,3,21
GREEDY,2369,10,2,4,16
GREEDY,1672,18,1,4,23
STINGY,1440,1,0,0,1
STINGY,1749,2,1,0,3
STINGY,1469,3,0,2,5
GREEDY,5569,15,1,3,19
GREEDY,3456,18,1,4,23
STINGY,1120,5,1,2,8
GREEDY,3753,18,2,3,23
STINGY,1749,5,0,0,5
GREEDY,4606,13,0,4,17
GREEDY,1286,11,1,4,16
STINGY,1529,4,1,1,6
GREEDY,4246,14,2,3,19
GREEDY,2042,15,2,3,20
GREEDY,7971,14,1,3,18
GREEDY,3442,18,1,3,22
GREEDY,2680,15,2,2,19
GREEDY,2817,19,1,4,24
GREEDY,2192,14,1,4,19
GREEDY,3045,17,2,3,22
GREEDY,6642,14,2,3,19
GREEDY,3519,13,2,2,17
GREEDY,3997,14,2,3,19
GREEDY,3342,15,2,4,21
GREEDY,4291,15,0,4,19
GREEDY,6099,18,2,3,23
GREEDY,3427,15,2,3,20
STINGY,1652,1,0,2,3
GREEDY,5618,16,2,4,22
STINGY,2179,6,2,0,8
STINGY,1576,5,0,2,7
GREEDY,4659,15,1,3,19
GREEDY,2751,15,2,3,20
STINGY,4568,5,0,2,7
STINGY,1731,6,0,1,7
GREEDY,1588,14,2,3,19
GREEDY,2758,19,2,2,23
STINGY,1248,4,1,1,6
GREEDY,2396,14,2,3,19
STINGY,1563,3,0,1,4
STINGY,1474,3,0,1,4
GREEDY,900,17,2,3,22
STINGY,1356,3,0,0,3
GREEDY,1917,15,2,3,20
GREEDY,2941,18,0,4,22
GREEDY,1972,18,2,3,23
GREEDY,2552,13,2,3,18
GREEDY,1195,11,0,1,12
GREEDY,6872,16,1,2,19
STINGY,1196,1,1,1,3
GREEDY,3686,17,2,3,22
GREEDY,2601,14,2,4,20
GREEDY,4673,16,1,2,19
STINGY,1652,4,0,1,5
GREEDY,3325,19,1,3,23
GREEDY,3394,17,2,2,21
STINGY,1891,7,0,2,9
GREEDY,2032,12,2,4,18
GREEDY,2738,16,2,3,21
GREEDY,5180,17,2,4,23
STINGY,1081,4,0,1,5
GREEDY,1694,17,2,1,20
GREEDY,2769,15,2,3,20
STINGY,1956,7,2,2,11
GREEDY,2990,14,2,4,20
GREEDY,1248,14,2,4,20
GREEDY,154,15,2,3,20
GREEDY,2653,16,1,4,21
GREEDY,5006,18,1,3,22
GREEDY,3911,18,2,3,23
STINGY,1327,5,0,0,5
GREEDY,8134,13,2,2,17
GREEDY,4479,16,2,4,22
STINGY,2091,3,1,0,4
GREEDY,1858,20,2,4,26
GREEDY,4954,17,0,4,21
STINGY,1835,2,0,1,3
STINGY,2265,2,0,0,2
GREEDY,5481,15,2,4,21
GREEDY,4287,17,2,3,22
GREEDY,4980,16,2,3,21
GREEDY,2057,16,2,2,20
GREEDY,3795,16,0,3,19
STINGY,1754,1,1,2,4
GREEDY,1472,14,2,4,20
STINGY,1013,6,1,1,8
GREEDY,2373,16,1,3,20
STINGY,1730,4,0,1,5
GREEDY,552,17,2,3,22
STINGY,1084,2,0,1,3
GREEDY,3959,14,1,4,19
STINGY,1359,4,1,2,7
GREEDY,6333,17,2,3,22
GREEDY,4926,14,1,2,17
GREEDY,7674,16,2,3,21
GREEDY,4507,17,2,3,22
STINGY,1267,2,1,1,4
GREEDY,8096,16,2,2,20
STINGY,2087,2,1,1,4
STINGY,1913,1,0,1,2
GREEDY,1714,10,2,4,16
GREEDY,3248,14,2,4,20
STINGY,1761,1,0,1,2
GREEDY,1012,14,1,3,18
STINGY,1151,5,0,2,7
GREEDY,6355,16,2,2,20
STINGY,1823,3,1,2,6
GREEDY,3259,13,2,3,18
GREEDY,3998,12,1,1,14
STINGY,2021,1,0,1,2
GREEDY,4479,14,2,4,20
STINGY,1615,1,0,1,2
GREEDY,4161,13,1,2,16
STINGY,2493,3,1,0,4
GREEDY,3616,17,1,4,22
STINGY,755,7,1,1,9
STINGY,1142,2,1,0,3
STINGY,1522,1,0,0,1
GREEDY,6273,16,1,3,20
GREEDY,3516,16,1,4,21
GREEDY,3026,17,2,2,21
GREEDY,6169,18,1,1,20
STINGY,1243,4,0,0,4
STINGY,2157,2,0,0,2
STINGY,2041,1,0,0,1
STINGY,1207,5,1,1,7
STINGY,615,4,2,0,6
GREEDY,4609,17,0,4,21
STINGY,1058,6,0,1,7
STINGY,1785,0,1,0,1
STINGY,1422,3,0,1,4
GREEDY,5733,17,1,3,21
GREEDY,3977,19,2,3,24
GREEDY,3161,16,1,4,21
STINGY,896,5,0,2,7
STINGY,1487,1,2,0,3
GREEDY,4812,17,1,4,22
STINGY,791,3,1,1,5
GREEDY,4565,16,0,3,19
STINGY,732,6,1,1,8
GREEDY,5032,15,2,4,21
GREEDY,7204,16,1,4,21
GREEDY,5144,15,2,3,20
STINGY,1751,1,1,2,4
GREEDY,2394,18,2,2,22
STINGY,1232,3,0,2,5
GREEDY,2699,19,1,3,23
STINGY,1278,5,0,1,6
STINGY,1167,2,0,0,2
GREEDY,5265,16,2,4,22
GREEDY,3393,17,1,3,21
STINGY,1218,2,0,0,2
STINGY,1033,2,1,1,4
GREEDY,5067,17,2,3,22
GREEDY,6240,17,2,2,21
STINGY,2101,2,2,1,5
GREEDY,2975,14,1,3,18
STINGY,795,5,0,0,5
STINGY,1057,4,0,1,5
STINGY,771,7,0,0,7
STINGY,1270,3,1,0,4
GREEDY,3122,16,2,3,21
GREEDY,1936,16,2,4,22
GREEDY,1892,17,2,3,22
GREEDY,3604,17,2,2,21
STINGY,386,7,1,2,10
STINGY,1950,4,1,1,6
STINGY,1032,3,0,0,3
STINGY,1288,1,1,0,2
STINGY,1783,2,1,1,4
GREEDY,4718,17,2,2,21
STINGY,1200,0,0,1,1
GREEDY,4704,17,1,4,22
STINGY,1281,1,0,1,2
STINGY,1701,2,1,0,3
GREEDY,2419,15,0,4,19
GREEDY,3612,18,1,4,23
GREEDY,2603,16,1,2,19
STINGY,1078,2,0,0,2
GREEDY,5000,16,2,3,21
STINGY,1269,3,0,0,3
GREEDY,3254,17,2,3,22
GREEDY,8656,14,2,4,20
GREEDY,3171,17,2,4,23
STINGY,2107,2,0,1,3
GREEDY,1319,15,2,4,21
STINGY,1928,1,0,0,1
STINGY,1681,4,1,1,6
STINGY,2732,2,1,3,6
GREEDY,5790,17,2,4,23
STINGY,2128,6,0,0,6
STINGY,1145,3,0,1,4
STINGY,1382,2,1,0,3
GREEDY,2512,16,2,3,21
STINGY,1863,3,0,0,3
STINGY,1970,1,0,0,1
STINGY,1900,5,1,1,7
GREEDY,4773,15,2,3,20
STINGY,2011,4,0,0,4
STINGY,1907,3,0,1,4
GREEDY,3233,15,2,3,20
GREEDY,3042,18,2,3,23
GREEDY,8241,15,1,2,18
STINGY,1944,2,0,1,3
STINGY,1034,5,0,1,6
GREEDY,4680,17,2,2,21
STINGY,2751,2,0,0,2
STINGY,1794,3,0,1,4
GREEDY,3783,15,2,3,20
GREEDY,38,11,1,2,14
GREEDY,2280,15,1,4,20
STINGY,2011,1,0,1,2
GREEDY,2564,13,1,2,16
GREEDY,8185,17,2,3,22
STINGY,2598,1,1,0,2
STINGY,1152,2,0,2,4
GREEDY,2098,11,2,4,17
GREEDY,14965,15,1,3,19
STINGY,2268,6,0,1,7
GREEDY,5971,16,2,3,21
STINGY,752,7,0,1,8
STINGY,1228,3,0,0,3
GREEDY,2014,17,1,3,21
GREEDY,1386,19,1,3,23
GREEDY,12940,16,2,3,21
GREEDY,1841,15,1,1,17
STINGY,1624,2,0,1,3
GREEDY,4512,15,2,4,21
GREEDY,7434,13,2,4,19
GREEDY,10215,15,2,3,20
GREEDY,789,12,0,0,12
GREEDY,4807,19,2,2,23
GREEDY,6938,17,2,3,22
GREEDY,4902,15,1,2,18
STINGY,1329,2,1,0,3
STINGY,1254,2,0,0,2
STINGY,1714,2,0,0,2
GREEDY,3130,16,1,4,21
STINGY,2352,4,1,0,5
GREEDY,3413,16,2,3,21
GREEDY,6263,15,2,3,20
GREEDY,3135,18,1,3,22
GREEDY,3037,18,0,3,21
GREEDY,5755,17,1,3,21
GREEDY,3239,17,2,2,21
GREEDY,3015,18,1,4,23
GREEDY,2798,16,2,4,22
STINGY,1851,4,0,1,5
STINGY,1738,3,0,1,4
GREEDY,7446,12,0,3,15
GREEDY,1348,16,2,4,22
GREEDY,3237,19,0,3,22
STINGY,1944,4,0,0,4
GREEDY,3934,18,1,2,21
STINGY,1020,5,0,1,6
GREEDY,2224,15,1,3,19
STINGY,1882,1,0,1,2
STINGY,1667,3,1,1,5
GREEDY,5615,16,2,3,21
GREEDY,6399,13,1,4,18
STINGY,2266,1,0,0,1
GREEDY,3455,19,1,4,24
GREEDY,8504,17,2,2,21
STINGY,1235,3,0,0,3
STINGY,1759,2,0,0,2
STINGY,927,4,1,3,8
STINGY,1989,9,0,1,10
GREEDY,7286,17,2,2,21
GREEDY,5570,16,2,2,20
GREEDY,2780,17,2,4,23
STINGY,1569,5,0,1,6
GREEDY,11435,16,2,2,20
GREEDY,3352,16,2,3,21
GREEDY,3684,17,2,3,22
STINGY,1629,3,0,1,4
STINGY,1375,3,1,0,4
GREEDY,4227,15,2,4,21
STINGY,1398,4,0,0,4
GREEDY,3453,14,2,1,17
GREEDY,4247,16,2,2,20
STINGY,1479,1,0,0,1
STINGY,1490,1,0,0,1
GREEDY,6186,17,2,3,22
GREEDY,6205,14,2,3,19
STINGY,2181,2,0,0,2
GREEDY,5421,15,1,3,19
STINGY,1451,3,1,0,4
GREEDY,9493,15,2,3,20
GREEDY,2397,13,1,4,18
GREEDY,2739,14,2,4,20
GREEDY,1425,12,1,4,17
GREEDY,3355,14,2,1,17
GREEDY,5654,15,1,3,19
GREEDY,1650,14,1,2,17
GREEDY,3047,14,2,3,19
GREEDY,4615,17,2,3,22
GREEDY,3360,16,1,3,20
GREEDY,8078,17,2,4,23
GREEDY,1731,18,1,3,22
GREEDY,2423,13,2,2,17
GREEDY,5406,17,2,3,22
GREEDY,3031,13,2,4,19
GREEDY,2794,18,2,3,23
GREEDY,4224,19,1,4,24
STINGY,1418,7,2,0,9
STINGY,1489,0,0,1,1
STINGY,2183,0,1,1,2
GREEDY,1954,18,2,2,22
GREEDY,2845,14,1,4,19
GREEDY,5606,16,2,3,21
GREEDY,2501,17,1,3,21
STINGY,2254,2,1,0,3
STINGY,732,5,0,1,6
STINGY,1425,2,0,1,3
STINGY,1333,1,0,1,2
GREEDY,2883,18,2,3,23
GREEDY,3218,19,1,4,24
GREEDY,1178,16,1,3,20
STINGY,1689,1,0,1,2
STINGY,2000,2,0,1,3
STINGY,1302,2,0,2,4
STINGY,1432,4,0,2,6
STINGY,2008,2,0,2,4
STINGY,833,6,0,0,6
STINGY,2405,4,1,2,7
GREEDY,1843,13,2,3,18
GREEDY,2614,13,2,4,19
STINGY,992,5,0,0,5
GREEDY,2497,15,2,4,21
GREEDY,2793,17,1,3,21
STINGY,755,7,0,1,8
GREEDY,4182,16,2,2,20
STINGY,1326,4,0,1,5
STINGY,1055,3,1,0,4
GREEDY,3693,18,1,3,22
GREEDY,3320,14,2,4,20
STINGY,1328,2,1,0,3
GREEDY,5166,14,1,2,17
GREEDY,2898,10,1,4,15
GREEDY,2348,18,2,2,22
STINGY,479,8,1,0,9
GREEDY,5109,17,2,4,23
GREEDY,2527,15,2,4,21
STINGY,1230,3,0,0,3
GREEDY,2925,16,2,2,20
GREEDY,5795,17,1,3,21
GREEDY,498,9,1,4,14
STINGY,1737,1,1,2,4
GREEDY,4185,14,0,4,18
STINGY,1070,8,1,1,10
STINGY,1786,3,1,1,5
GREEDY,1586,19,1,3,23
GREEDY,4205,13,2,4,19
GREEDY,2298,14,1,2,17
GREEDY,2773,17,2,3,22
GREEDY,1490,18,1,4,23
GREEDY,4181,13,1,2,16
GREEDY,2060,18,1,3,22
GREEDY,5331,16,1,2,19
STINGY,1180,3,0,1,4
GREEDY,2897,19,1,3,23
STINGY,992,2,0,1,3
GREEDY,4823,19,1,3,23
GREEDY,1458,15,2,4,21
STINGY,2101,4,0,0,4
GREEDY,5253,18,1,2,21
GREEDY,2055,18,1,3,22
GREEDY,4589,16,1,3,20
GREEDY,1789,15,2,4,21
GREEDY,5181,17,2,2,21
STINGY,1470,2,0,2,4
GREEDY,3022,16,2,4,22
STINGY,1602,2,0,0,2
STINGY,2048,5,0,0,5
STINGY,1043,3,0,1,4
GREEDY,4148,14,2,4,20
GREEDY,2797,15,1,2,18
GREEDY,3965,16,1,1,18
STINGY,1134,4,0,0,4
STINGY,1850,0,0,0,0
STINGY,661,3,0,3,6
STINGY,1892,0,0,0,0
STINGY,1463,4,1,0,5
GREEDY,12078,15,2,3,20
STINGY,2372,1,0,0,1
STINGY,1336,5,0,1,6
STINGY,1184,4,1,0,5
STINGY,1334,4,0,2,6
GREEDY,5934,14,1,4,19
GREEDY,2826,15,1,3,19
GREEDY,4353,16,2,4,22
GREEDY,2409,20,2,2,24
GREEDY,2766,18,2,3,23
STINGY,1524,3,0,1,4
GREEDY,4370,13,1,4,18
STINGY,1123,5,1,1,7
GREEDY,19669,15,2,3,20
GREEDY,1800,16,1,3,20
STINGY,780,2,1,0,3
GREEDY,4546,12,1,4,17
STINGY,1948,1,1,0,2
STINGY,953,5,1,1,7
GREEDY,5610,15,2,2,19
STINGY,1943,1,0,0,1
GREEDY,2516,13,1,4,18
GREEDY,6115,16,2,1,19
GREEDY,2954,18,2,3,23
GREEDY,1240,12,1,4,17
STINGY,1515,2,0,1,3
GREEDY,9071,15,2,3,20
STINGY,1212,8,0,0,8
GREEDY,3282,15,1,4,20
GREEDY,9345,12,2,3,17
STINGY,1592,1,0,0,1
STINGY,1331,2,0,0,2
STINGY,2458,5,0,2,7
GREEDY,7229,15,1,1,17
GREEDY,4750,17,1,3,21
GREEDY,8631,14,1,4,19
STINGY,1299,6,0,0,6
GREEDY,6465,16,2,3,21
GREEDY,662,6,0,3,9
GREEDY,3747,15,1,2,18
GREEDY,2068,16,1,3,20
STINGY,1571,3,0,2,5
GREEDY,5916,13,1,4,18
GREEDY,10220,16,0,3,19
GREEDY,6406,19,1,2,22
GREEDY,1445,15,2,2,19
GREEDY,915,13,1,4,18
GREEDY,3999,16,0,3,19
GREEDY,3323,15,2,4,21
GREEDY,7978,16,2,2,20
GREEDY,10032,16,2,3,21
STINGY,1488,3,0,1,4
STINGY,1749,2,0,0,2
GREEDY,2234,18,1,1,20
STINGY,1219,4,0,1,5
STINGY,994,3,2,0,5
GREEDY,3761,17,1,3,21
GREEDY,1600,12,2,4,18
STINGY,1415,4,0,0,4
STINGY,3259,4,2,2,8
GREEDY,5231,14,2,2,18
GREEDY,1698,19,1,4,24
GREEDY,7752,16,1,3,20
GREEDY,3942,19,1,3,23
GREEDY,4200,14,2,4,20
STINGY,1782,2,0,0,2
GREEDY,11023,14,1,4,19
GREEDY,3461,19,2,2,23
STINGY,2779,5,0,1,6
GREEDY,5113,15,1,3,19
GREEDY,2891,11,1,4,16
STINGY,1320,3,0,0,3
STINGY,1021,1,0,1,2
GREEDY,4128,15,2,4,21
GREEDY,6389,16,2,4,22
GREEDY,2390,16,0,3,19
STINGY,1212,2,0,0,2
GREEDY,3404,17,2,4,23
GREEDY,3235,18,1,3,22
GREEDY,3641,15,1,3,19
GREEDY,1904,13,1,4,18
STINGY,1675,0,0,0,0
STINGY,987,3,1,1,5
STINGY,618,5,0,2,7
STINGY,1585,2,0,2,4
GREEDY,1616,16,2,2,20
GREEDY,15267,15,2,4,21
STINGY,1552,3,0,1,4
STINGY,913,2,0,0,2
STINGY,1195,2,0,0,2
STINGY,856,4,0,1,5
STINGY,2197,2,1,1,4
GREEDY,3307,20,2,3,25
STINGY,1327,5,0,1,6
STINGY,946,4,0,0,4
STINGY,2096,2,1,0,3
GREEDY,2624,16,1,3,20
GREEDY,2982,12,2,4,18
STINGY,1639,5,0,0,5
STINGY,2708,4,2,2,8
GREEDY,1097,16,1,4,21
STINGY,1250,1,0,1,2
GREEDY,2598,17,2,3,22
GREEDY,1904,13,0,4,17
GREEDY,2344,14,2,3,19
STINGY,1644,1,0,1,2
GREEDY,3799,16,2,3,21
GREEDY,4285,18,2,3,23
STINGY,1873,2,2,0,4
STINGY,950,2,0,1,3
STINGY,1748,5,0,0,5
GREEDY,6253,15,1,3,19
GREEDY,3379,16,1,2,19
STINGY,2167,3,0,0,3
STINGY,2393,3,1,1,5
STINGY,1828,4,0,2,6
STINGY,1933,4,0,0,4
STINGY,622,5,1,0,6
GREEDY,8525,15,2,4,21
STINGY,1686,3,0,1,4
STINGY,1479,3,1,2,6
GREEDY,17308,13,1,3,17
STINGY,186,6,0,2,8
STINGY,2251,1,0,2,3
GREEDY,5906,14,2,3,19
STINGY,1113,3,1,1,5
STINGY,1620,1,0,0,1
STINGY,1458,4,0,0,4
STINGY,969,4,1,1,6
STINGY,2140,2,0,0,2
STINGY,2304,3,2,2,7
GREEDY,2577,14,1,2,17
GREEDY,6394,14,2,2,18
STINGY,1389,5,0,0,5
STINGY,530,4,1,0,5
STINGY,1324,3,0,0,3
STINGY,1495,2,1,1,4
GREEDY,1574,17,1,3,21
GREEDY,3804,18,1,3,22
GREEDY,2506,19,1,2,22
GREEDY,1513,18,2,3,23
GREEDY,3025,19,0,3,22
GREEDY,5080,18,1,4,23
GREEDY,1611,14,2,4,20
GREEDY,3887,17,1,2,20
GREEDY,1786,14,2,2,18
STINGY,941,4,0,0,4
GREEDY,7083,14,1,2,17
GREEDY,4654,12,2,3,17
GREEDY,3623,18,0,2,20
GREEDY,2458,15,2,4,21
GREEDY,1952,12,0,2,14
GREEDY,4666,16,1,3,20
GREEDY,980,18,0,4,22
GREEDY,2970,14,0,4,18
GREEDY,2619,16,2,4,22
GREEDY,4357,15,2,3,20
STINGY,1447,2,1,1,4
GREEDY,1417,14,2,4,20
GREEDY,4163,17,2,1,20
GREEDY,7088,15,1,4,20
GREEDY,430,5,1,3,9
GREEDY,7383,17,2,2,21
GREEDY,2669,17,2,2,21
STINGY,1621,2,0,0,2
GREEDY,2844,17,2,3,22
STINGY,141,6,0,1,7
GREEDY,3777,16,2,2,20
GREEDY,1159,13,2,3,18
STINGY,1336,1,0,0,1
STINGY,1015,3,1,0,4
STINGY,1715,1,0,1,2
STINGY,1475,1,0,2,3
GREEDY,3787,18,1,4,23
STINGY,2432,2,0,0,2
GREEDY,1420,15,2,2,19
GREEDY,3202,19,2,3,24
GREEDY,3135,14,1,3,18
GREEDY,3544,13,1,4,18
GREEDY,2483,16,2,3,21
STINGY,1579,3,1,0,4
STINGY,1060,6,0,0,6
STINGY,1316,1,1,1,3
GREEDY,1866,10,2,4,16
STINGY,1954,0,0,0,0
STINGY,1200,3,0,1,4
STINGY,1433,2,0,0,2
GREEDY,4402,18,2,2,22
STINGY,1008,2,1,0,3
GREEDY,4318,18,1,3,22
STINGY,1282,3,0,0,3
GREEDY,3428,17,2,2,21
GREEDY,4946,14,2,3,19
STINGY,1206,4,0,0,4
GREEDY,3758,15,2,4,21
STINGY,1494,2,1,0,3
GREEDY,2943,17,2,2,21
GREEDY,2601,14,2,3,19
GREEDY,3696,14,2,3,19
STINGY,2161,5,0,0,5
STINGY,1098,2,1,0,3
GREEDY,4079,14,2,3,19
GREEDY,2131,16,1,3,20
GREEDY,756,9,1,4,14
GREEDY,4410,14,1,3,18
GREEDY,1601,15,2,3,20
GREEDY,1219,14,2,2,18
STINGY,1367,3,1,2,6
GREEDY,3840,16,2,4,22
STINGY,1568,2,0,0,2
GREEDY,3418,17,1,3,21
GREEDY,4105,15,2,3,20
STINGY,1470,2,0,1,3
STINGY,1400,4,0,0,4
GREEDY,1684,14,2,2,18
STINGY,1874,2,0,2,4
STINGY,2741,1,1,0,2
GREEDY,2771,17,2,4,23
GREEDY,1813,15,1,4,20
GREEDY,2699,15,2,3,20
GREEDY,582,15,0,4,19
STINGY,822,5,0,0,5
GREEDY,3049,17,2,2,21
GREEDY,7671,17,1,3,21
STINGY,1761,4,0,0,4
STINGY,1662,4,1,0,5
STINGY,1640,1,0,0,1
GREEDY,2398,16,1,3,20
STINGY,905,3,0,1,4
STINGY,1958,1,0,0,1
GREEDY,18135,14,2,2,18
GREEDY,6097,15,1,3,19
STINGY,1299,1,0,1,2
GREEDY,4493,14,2,3,19
STINGY,2171,4,0,3,7
GREEDY,5188,15,2,4,21
GREEDY,4375,16,1,3,20
STINGY,1329,3,0,1,4
GREEDY,1178,12,1,3,16
GREEDY,2420,16,2,3,21
STINGY,1461,2,2,0,4
STINGY,1640,1,0,0,1
STINGY,1373,2,0,0,2
STINGY,572,4,1,2,7
GREEDY,4285,14,2,3,19
GREEDY,4902,15,1,4,20
STINGY,1378,0,0,2,2
GREEDY,4891,17,2,2,21
STINGY,1736,6,0,2,8
GREEDY,1692,17,1,4,22
GREEDY,3920,17,2,4,23
STINGY,1185,3,0,0,3
GREEDY,3042,17,2,3,22
STINGY,1861,0,1,2,3
STINGY,745,9,0,1,10
GREEDY,1670,11,1,3,15
GREEDY,11322,16,2,3,21
GREEDY,3120,12,1,4,17
GREEDY,3151,17,2,3,22
GREEDY,4409,17,2,3,22
GREEDY,4592,16,2,2,20
STINGY,1330,3,0,2,5
GREEDY,3245,13,2,4,19
GREEDY,4976,16,1,3,20
GREEDY,3399,18,1,3,22
GREEDY,4681,17,1,3,21
GREEDY,3513,16,2,3,21
STINGY,1399,1,0,0,1
GREEDY,217,13,1,4,18
STINGY,1381,1,0,0,1
STINGY,1299,3,0,0,3
GREEDY,3997,15,2,1,18
GREEDY,3497,15,2,4,21
GREEDY,3509,13,2,4,19
STINGY,1503,2,0,2,4
GREEDY,1379,22,1,4,27
GREEDY,2896,14,2,2,18
GREEDY,3959,18,0,4,22
STINGY,2120,2,0,0,2
GREEDY,4741,17,1,2,20
GREEDY,4059,16,2,3,21
GREEDY,2959,13,2,4,19
STINGY,1068,3,2,0,5
GREEDY,7951,16,1,3,20
GREEDY,2126,20,2,2,24
GREEDY,1167,18,1,4,23
STINGY,1610,5,0,2,7
GREEDY,10722,16,2,2,20
GREEDY,3332,17,1,3,21
GREEDY,2771,17,1,3,21
STINGY,1211,6,0,0,6
GREEDY,2468,15,1,4,20
STINGY,1535,4,0,1,5
GREEDY,3445,18,2,1,21
GREEDY,3939,14,1,3,18
STINGY,1802,6,0,0,6
STINGY,1421,4,1,1,6
STINGY,1605,2,0,1,3
STINGY,1506,1,1,0,2
STINGY,1595,2,0,0,2
STINGY,841,2,1,0,3
STINGY,1565,0,0,0,0
GREEDY,3093,19,1,3,23
GREEDY,3760,17,2,2,21
STINGY,1055,3,0,1,4
GREEDY,1653,15,2,3,20
GREEDY,3596,14,1,4,19
STINGY,1239,6,0,0,6
STINGY,1697,4,0,1,5
STINGY,1326,2,0,0,2
STINGY,1025,2,0,2,4
STINGY,833,3,0,1,4
GREEDY,3525,16,2,3,21
STINGY,999,2,0,1,3
GREEDY,3572,18,1,3,22
STINGY,1746,5,0,0,5
STINGY,1660,5,0,2,7
GREEDY,2216,18,2,3,23
STINGY,800,3,0,0,3
GREEDY,2392,18,1,4,23
STINGY,1907,2,0,3,5
STINGY,1654,3,0,0,3
STINGY,965,2,1,0,3
GREEDY,5544,16,0,3,19
STINGY,1280,4,0,0,4
STINGY,1102,2,1,2,5
GREEDY,1656,15,1,3,19
STINGY,1001,3,0,0,3
GREEDY,2870,15,1,2,18
STINGY,1272,4,1,1,6
GREEDY,4872,17,1,4,22
GREEDY,1851,17,1,3,21
STINGY,1728,6,0,2,8
STINGY,1437,4,0,1,5
GREEDY,4457,18,1,2,21
STINGY,1831,1,1,1,3
GREEDY,3871,17,2,3,22
GREEDY,3230,19,2,4,25
STINGY,1263,2,0,0,2
GREEDY,5191,16,2,2,20
GREEDY,1102,12,1,4,17
STINGY,866,3,0,2,5
GREEDY,4465,17,1,4,22
GREEDY,3384,16,0,3,19
GREEDY,2824,15,2,3,20
GREEDY,1808,11,2,3,16
GREEDY,1759,15,1,3,19
GREEDY,677,13,2,2,17
STINGY,1440,4,0,0,4
STINGY,1662,1,0,1,2
GREEDY,5037,17,2,2,21
GREEDY,2480,17,2,3,22
STINGY,1098,5,0,1,6
GREEDY,7969,13,1,3,17
STINGY,1555,1,0,1,2
GREEDY,3014,13,1,3,17
STINGY,1400,3,0,1,4
GREEDY,2234,18,1,4,23
STINGY,1598,1,0,1,2
GREEDY,3384,15,2,3,20
GREEDY,1863,19,2,3,24
GREEDY,16835,14,2,2,18
GREEDY,1925,17,1,4,22
GREEDY,3260,13,2,4,19
GREEDY,2121,18,2,3,23
GREEDY,2751,16,2,4,22
GREEDY,3907,19,1,2,22
STINGY,2139,2,0,0,2
GREEDY,3069,15,1,2,18
GREEDY,4694,16,1,2,19
GREEDY,5447,16,0,3,19
STINGY,984,4,0,1,5
GREEDY,1045,12,2,2,16
STINGY,1462,3,0,0,3
GREEDY,538,10,1,3,14
GREEDY,18466,12,0,3,15
STINGY,2420,3,0,1,4
GREEDY,2379,16,1,2,19
STINGY,1642,1,0,0,1
GREEDY,2485,13,2,1,16
STINGY,1898,1,0,1,2
GREEDY,3825,16,2,2,20
GREEDY,1060,16,2,3,21
STINGY,1480,1,0,1,2
STINGY,1081,4,0,0,4
GREEDY,2477,15,1,4,20
GREEDY,2669,16,1,4,21
STINGY,2634,5,0,2,7
GREEDY,4924,13,2,2,17
STINGY,1543,4,0,0,4
GREEDY,2946,17,2,3,22
STINGY,1947,7,0,0,7
GREEDY,2725,15,1,2,18
STINGY,1486,3,1,0,4
STINGY,1487,3,1,2,6
STINGY,756,4,0,1,5
GREEDY,1190,17,2,3,22
GREEDY,3264,16,1,3,20
GREEDY,2690,18,2,3,23
GREEDY,5773,17,2,3,22
STINGY,1694,2,1,1,4
STINGY,1652,1,1,0,2
GREEDY,7205,14,2,4,20
STINGY,1570,2,1,0,3
GREEDY,1879,13,2,1,16
GREEDY,2538,18,2,4,24
GREEDY,8404,17,2,4,23
STINGY,1167,3,0,0,3
GREEDY,5989,16,1,4,21
GREEDY,2368,19,2,3,24
STINGY,1487,1,0,1,2
GREEDY,3530,16,0,4,20
GREEDY,2265,15,2,2,19
STINGY,1795,1,1,1,3
STINGY,1684,1,0,1,2
STINGY,1822,5,0,3,8
GREEDY,3016,16,2,3,21
GREEDY,8051,13,2,2,17
GREEDY,4062,18,0,4,22
GREEDY,1892,17,1,3,21
STINGY,986,3,0,3,6
GREEDY,3578,18,1,3,22
STINGY,1129,5,0,1,6
STINGY,1283,3,2,0,5
GREEDY,3131,14,2,2,18
STINGY,1810,3,1,1,5
GREEDY,6454,15,1,4,20
GREEDY,2423,16,1,4,21
STINGY,1763,1,1,0,2
STINGY,1574,1,0,0,1
GREEDY,9026,16,1,3,20
STINGY,1267,4,0,2,6
STINGY,32073,9,0,1,10
STINGY,1547,3,0,0,3
GREEDY,5451,12,2,3,17
GREEDY,3395,15,2,3,20
STINGY,1308,4,0,0,4
GREEDY,6093,16,2,4,22
STINGY,1626,1,0,0,1
GREEDY,5555,16,1,3,20
GREEDY,2077,18,0,3,21
GREEDY,3039,16,1,4,21
GREEDY,1977,18,2,3,23
GREEDY,6892,16,2,2,20
STINGY,2619,3,0,3,6
STINGY,1511,2,0,0,2
STINGY,2014,2,0,2,4
GREEDY,3632,19,2,2,23
STINGY,1015,4,0,1,5
STINGY,527,7,1,1,9
GREEDY,4180,17,2,3,22
GREEDY,9348,16,2,3,21
STINGY,857,5,0,0,5
GREEDY,3940,17,1,2,20
GREEDY,5382,17,1,4,22
STINGY,1398,1,0,0,1
GREEDY,5059,15,1,3,19
GREEDY,3168,18,2,1,21
STINGY,903,2,0,0,2
STINGY,1959,0,0,1,1
GREEDY,4497,16,2,2,20
GREEDY,5387,15,1,3,19
STINGY,1950,2,0,1,3
STINGY,1919,1,0,1,2
STINGY,1690,0,1,0,1
STINGY,827,6,0,1,7
GREEDY,2521,18,2,3,23
GREEDY,5786,17,2,4,23
GREEDY,8882,18,2,3,23
STINGY,1220,4,1,1,6
GREEDY,1662,17,1,4,22
STINGY,1749,4,0,1,5
GREEDY,4747,16,1,4,21
GREEDY,2011,20,1,4,25
GREEDY,2075,16,2,3,21
GREEDY,362,12,2,3,17
STINGY,1348,1,0,1,2
GREEDY,1955,18,2,4,24
STINGY,1766,1,0,0,1
STINGY,1895,4,0,0,4
STINGY,1590,4,1,1,6
GREEDY,2804,17,2,2,21
STINGY,947,4,0,0,4
GREEDY,11299,14,2,3,19
STINGY,913,4,1,1,6
STINGY,1299,4,0,1,5
STINGY,1291,2,0,1,3
GREEDY,1808,15,1,4,20
STINGY,1472,1,0,1,2
STINGY,1226,3,0,1,4
STINGY,844,3,1,2,6
STINGY,2529,3,0,3,6
GREEDY,6322,16,2,4,22
STINGY,1930,2,1,0,3
STINGY,2092,4,0,0,4
GREEDY,4385,17,1,3,21
GREEDY,3098,18,1,3,22
STINGY,951,5,1,1,7
GREEDY,4300,16,2,4,22
GREEDY,5157,14,2,3,19
GREEDY,12727,17,1,3,21
GREEDY,2586,18,2,3,23
GREEDY,3684,18,2,2,22
STINGY,1938,2,0,0,2
STINGY,1283,1,0,1,2
STINGY,1579,3,0,2,5
GREEDY,3083,19,2,3,24
STINGY,1378,4,1,0,5
STINGY,1318,2,1,1,4
GREEDY,3361,19,1,3,23
GREEDY,2683,17,2,3,22
STINGY,1585,4,0,1,5
GREEDY,2333,14,0,3,17
GREEDY,4467,16,2,2,20
GREEDY,4281,15,2,4,21
STINGY,1444,4,1,1,6
GREEDY,3888,17,1,4,22
STINGY,1136,2,0,1,3
STINGY,1145,5,0,1,6
GREEDY,2887,14,2,4,20
GREEDY,2524,13,2,4,19
GREEDY,3593,16,1,2,19
STINGY,1800,3,1,3,7
STINGY,1432,2,1,1,4
GREEDY,4316,19,1,2,22
GREEDY,1658,18,2,3,23
STINGY,1407,1,0,1,2
GREEDY,2775,17,2,3,22
STINGY,1144,3,0,0,3
GREEDY,5010,14,2,3,19
GREEDY,2199,16,1,3,20
STINGY,1671,2,0,0,2
GREEDY,5402,17,1,2,20
GREEDY,2561,14,1,4,19
STINGY,926,7,1,1,9
GREEDY,5880,18,1,3,22
GREEDY,7369,15,1,3,19
STINGY,1302,4,0,0,4
GREEDY,4948,13,0,3,16
STINGY,1548,2,0,0,2
STINGY,1521,1,0,0,1
STINGY,629,8,1,1,10
STINGY,1049,3,0,0,3
STINGY,936,5,0,1,6
GREEDY,3223,13,2,3,18
GREEDY,2282,12,1,4,17
STINGY,1240,3,0,0,3
STINGY,2405,2,0,0,2
GREEDY,3493,17,2,3,22
GREEDY,5828,14,2,3,19
GREEDY,2018,17,1,2,20
GREEDY,1649,14,2,4,20
STINGY,87402,10,0,1,11
GREEDY,6998,16,1,2,19
STINGY,1638,3,0,0,3
GREEDY,3431,18,1,3,22
GREEDY,2439,14,2,4,20
STINGY,1382,2,1,1,4
GREEDY,2511,15,1,4,20
GREEDY,3853,17,2,4,23
GREEDY,4609,14,1,4,19
STINGY,1848,6,0,0,6
GREEDY,1354,15,1,3,19
GREEDY,2500,19,0,3,22
STINGY,2948,4,0,0,4
GREEDY,2871,10,2,4,16
GREEDY,2663,14,2,4,20
STINGY,1491,1,0,1,2
GREEDY,4104,15,1,4,20
GREEDY,2939,15,1,4,20
STINGY,867,6,0,1,7
STINGY,1714,4,1,0,5
STINGY,1769,3,0,2,5
STINGY,2014,1,1,2,4
GREEDY,4185,19,2,1,22
GREEDY,1169,10,0,4,14
STINGY,1060,3,1,0,4
GREEDY,3461,18,2,3,23
GREEDY,970,15,2,4,21
GREEDY,649,11,1,1,13
GREEDY,5791,18,2,3,23
GREEDY,6018,16,1,3,20
STINGY,1700,0,1,0,1
GREEDY,4484,13,2,2,17
GREEDY,3404,17,1,3,21
STINGY,2076,3,0,1,4
STINGY,1210,5,2,1,8
GREEDY,3293,14,2,4,20
GREEDY,984,11,0,4,15
STINGY,1666,3,0,0,3
GREEDY,7099,16,1,2,19
GREEDY,4296,16,2,3,21
STINGY,1286,3,0,0,3
STINGY,3460,6,2,1,9
STINGY,1237,5,0,0,5
GREEDY,2506,18,0,4,22
GREEDY,2439,16,2,3,21
GREEDY,2842,16,2,3,21
GREEDY,2649,17,1,3,21
STINGY,1703,0,1,0,1
STINGY,604,5,1,0,6
GREEDY,5074,15,2,4,21
GREEDY,3190,13,2,4,19
STINGY,1319,3,0,0,3
GREEDY,1996,15,0,3,18
GREEDY,3327,18,2,3,23
GREEDY,3737,14,2,3,19
GREEDY,6376,14,2,4,20
GREEDY,2766,18,2,2,22
STINGY,1356,2,0,0,2
GREEDY,2966,17,2,3,22
GREEDY,8669,15,2,3,20
STINGY,1590,0,0,0,0
STINGY,2664,3,1,0,4
GREEDY,2957,18,2,2,22
GREEDY,1847,14,1,4,19
STINGY,1380,4,0,0,4
GREEDY,5384,15,2,4,21
STINGY,1826,3,0,0,3
GREEDY,2103,17,1,2,20
GREEDY,6323,16,2,3,21
GREEDY,6457,17,2,3,22
GREEDY,6289,15,2,2,19
GREEDY,2106,16,1,2,19
GREEDY,5853,16,1,2,19
STINGY,1821,2,1,1,4
GREEDY,2307,14,2,2,18
STINGY,2055,3,0,0,3
GREEDY,3657,13,2,4,19
STINGY,1705,5,1,1,7
GREEDY,2874,16,2,3,21
STINGY,701,4,0,2,6
STINGY,1810,1,0,0,1
GREEDY,1645,16,2,2,20
STINGY,903,5,0,2,7
GREEDY,3084,17,1,3,21
STINGY,1688,0,0,0,0
STINGY,1315,1,1,2,4
GREEDY,3773,16,2,3,21
STINGY,1358,3,1,0,4
STINGY,1886,0,0,0,0
STINGY,2394,3,0,0,3
STINGY,1601,3,1,0,4
GREEDY,1347,12,0,4,16
STINGY,305,4,1,2,7
STINGY,988,6,0,1,7
STINGY,1842,4,0,0,4
STINGY,1390,1,0,0,1
GREEDY,15370,14,1,1,16
STINGY,1912,1,0,1,2
STINGY,1244,4,0,1,5
STINGY,2254,4,0,2,6
GREEDY,1856,14,1,4,19
GREEDY,7347,14,2,3,19
GREEDY,2915,17,2,3,22
GREEDY,2581,12,2,4,18
GREEDY,2538,19,1,4,24
GREEDY,5597,14,2,3,19
STINGY,1278,5,1,1,7
STINGY,1324,3,0,0,3
GREEDY,3436,17,2,4,23
STINGY,1177,4,0,0,4
STINGY,1479,5,1,0,6
GREEDY,3614,12,1,3,16
GREEDY,4976,14,1,3,18
STINGY,1290,3,0,1,4
GREEDY,4423,16,1,4,21
GREEDY,1713,11,1,4,16
STINGY,658,5,1,1,7
STINGY,1003,3,0,1,4
GREEDY,1785,18,2,3,23
GREEDY,1425,17,1,3,21
STINGY,1704,2,0,0,2
STINGY,1330,5,0,1,6
GREEDY,6247,18,1,3,22
GREEDY,8613,17,2,3,22
STINGY,1024,5,0,1,6
STINGY,1722,3,0,0,3
GREEDY,1205,16,2,4,22
STINGY,1018,5,0,0,5
STINGY,928,0,0,1,1
GREEDY,3068,14,1,3,18
STINGY,534,5,0,1,6
GREEDY,1106,15,1,3,19
GREEDY,3833,18,1,4,23
GREEDY,3924,17,2,4,23
GREEDY,2566,14,2,4,20
STINGY,1434,2,0,1,3
STINGY,1421,4,0,1,5
GREEDY,2216,17,2,3,22
GREEDY,3074,18,1,4,23
STINGY,1255,4,0,1,5
GREEDY,3551,14,2,2,18
STINGY,1191,3,0,1,4
STINGY,1835,4,1,1,6
GREEDY,9470,17,1,1,19
GREEDY,4498,15,2,3,20
GREEDY,2093,17,1,3,21
GREEDY,3106,14,1,0,15
GREEDY,4639,16,1,3,20
GREEDY,447,4,1,3,8
GREEDY,4255,17,2,2,21
STINGY,2151,4,0,1,5
GREEDY,3444,16,1,4,21
STINGY,1933,1,0,0,1
STINGY,1240,2,0,1,3
STINGY,1445,3,1,1,5
STINGY,1416,1,0,0,1
GREEDY,1150,14,2,3,19
GREEDY,788,12,2,4,18
STINGY,1882,5,1,1,7
STINGY,899,8,0,1,9
GREEDY,2720,15,2,4,21
GREEDY,2532,19,1,3,23
STINGY,617,8,0,1,9
GREEDY,6890,15,1,3,19
GREEDY,8956,18,1,3,22
STINGY,1241,2,0,0,2
STINGY,1694,3,0,2,5
STINGY,1047,3,0,2,5
GREEDY,2204,17,1,3,21
GREEDY,2235,11,2,4,17
GREEDY,2502,15,1,2,18
GREEDY,1904,14,2,4,20
GREEDY,17844,14,2,2,18
GREEDY,3661,17,1,3,21
GREEDY,3634,16,2,4,22
GREEDY,16954,14,2,3,19
STINGY,1016,2,0,0,2
STINGY,2024,3,0,0,3
GREEDY,2550,18,2,4,24
GREEDY,5130,15,0,4,19
GREEDY,2460,18,2,4,24
STINGY,1395,4,0,0,4
GREEDY,5448,17,2,3,22
STINGY,1056,7,0,0,7
STINGY,1547,1,0,0,1
STINGY,1387,4,0,0,4
STINGY,2506,6,2,1,9
GREEDY,4784,15,2,2,19
STINGY,1155,5,0,0,5
GREEDY,5609,14,2,3,19
STINGY,2071,4,1,1,6
STINGY,1685,2,1,1,4
GREEDY,2759,15,1,3,19
GREEDY,5848,14,1,3,18
GREEDY,2666,14,1,4,19
GREEDY,2613,13,2,4,19
GREEDY,5453,17,2,2,21
GREEDY,3962,14,2,2,18
STINGY,1426,4,0,0,4
GREEDY,1598,13,2,4,19
STINGY,923,4,0,1,5
STINGY,1472,3,0,1,4
STINGY,1384,3,1,0,4
STINGY,716,5,0,1,6
STINGY,1216,1,0,1,2
GREEDY,2030,13,2,4,19
GREEDY,3945,15,1,3,19
GREEDY,3404,16,2,2,20
STINGY,2044,4,0,1,5
STINGY,732,2,0,1,3
GREEDY,3477,14,2,4,20
STINGY,1791,4,1,4,9
GREEDY,3243,16,0,1,17
STINGY,1610,4,1,0,5
GREEDY,4735,18,2,3,23
GREEDY,4589,17,2,3,22
GREEDY,2402,14,2,4,20
STINGY,1073,3,1,1,5
GREEDY,1840,9,1,4,14
STINGY,1437,4,0,2,6
GREEDY,2874,18,2,4,24
STINGY,1886,1,0,0,1
GREEDY,3870,17,2,3,22
GREEDY,2376,17,2,3,22
GREEDY,4495,17,1,3,21
STINGY,1739,4,2,0,6
GREEDY,6790,14,2,2,18
STINGY,1740,4,0,2,6
STINGY,1524,2,1,1,4
GREEDY,1628,11,1,4,16
GREEDY,2004,11,2,4,17
STINGY,1917,3,0,2,5
GREEDY,2819,15,2,3,20
GREEDY,12808,13,2,2,17
GREEDY,570,15,0,4,19
GREEDY,25213,14,2,3,19
STINGY,884,3,0,0,3
STINGY,1561,3,0,0,3
GREEDY,4082,15,2,3,20
GREEDY,286,12,2,3,17
STINGY,610,6,0,1,7
GREEDY,3295,15,2,2,19
STINGY,2114,0,0,0,0
GREEDY,5907,13,2,4,19
GREEDY,3157,20,2,2,24
GREEDY,2641,14,1,3,18
GREEDY,4862,18,2,2,22
GREEDY,1051,16,2,4,22
STINGY,1545,0,1,0,1
STINGY,680,4,0,0,4
STINGY,1454,5,0,0,5
STINGY,2073,3,0,1,4
STINGY,2347,3,1,2,6
GREEDY,5564,17,2,3,22
GREEDY,11021,15,2,2,19
GREEDY,1326,15,2,4,21
STINGY,2109,1,0,0,1
GREEDY,4408,15,2,4,21
STINGY,2085,1,1,0,2
GREEDY,1717,15,2,4,21
STINGY,965,2,0,3,5
STINGY,24577,9,1,2,12
GREEDY,1700,13,1,4,18
GREEDY,4839,18,1,3,22
STINGY,1013,3,1,0,4
GREEDY,902,16,1,4,21
GREEDY,4776,17,1,4,22
GREEDY,3000,19,1,3,23
STINGY,1614,3,1,2,6
STINGY,1217,5,0,1,6
STINGY,1875,1,0,0,1
STINGY,606,4,1,1,6
GREEDY,3532,15,2,4,21
STINGY,2164,2,0,0,2
GREEDY,3322,17,1,2,20
GREEDY,2248,15,2,3,20
GREEDY,6155,15,2,3,20
STINGY,2139,2,0,1,3
GREEDY,4651,15,2,3,20
STINGY,1781,1,0,1,2
GREEDY,2233,15,2,4,21
GREEDY,1877,18,2,1,21
GREEDY,15216,15,0,2,17
STINGY,1756,2,0,2,4
GREEDY,5766,18,1,4,23
GREEDY,1475,14,2,3,19
STINGY,919,6,0,1,7
STINGY,1689,1,0,0,1
GREEDY,4972,16,2,2,20
GREEDY,9174,14,2,3,19
GREEDY,8374,13,2,3,18
STINGY,672,4,0,1,5
GREEDY,6840,17,2,4,23
STINGY,1804,2,1,0,3
STINGY,1993,4,0,0,4
GREEDY,3755,17,2,3,22
STINGY,1550,0,0,0,0
GREEDY,4029,14,1,3,18
STINGY,1310,4,0,0,4
GREEDY,3187,15,1,3,19
GREEDY,2596,14,0,3,17
GREEDY,5095,15,2,2,19
GREEDY,2746,15,1,3,19
GREEDY,2060,16,2,4,22
STINGY,2168,2,0,0,2
STINGY,992,2,0,1,3
STINGY,1455,3,0,0,3
GREEDY,3206,16,1,4,21
GREEDY,1954,18,0,3,21
GREEDY,4603,15,2,4,21
STINGY,2434,4,0,3,7
STINGY,1678,3,0,0,3
STINGY,1082,2,1,0,3
GREEDY,5757,17,1,2,20
GREEDY,1089,15,1,4,20
GREEDY,1176,13,1,3,17
GREEDY,2282,12,1,4,17
STINGY,1694,4,1,0,5
STINGY,2161,5,1,0,6
GREEDY,3410,17,2,3,22
GREEDY,7606,18,1,4,23
GREEDY,3889,18,1,4,23
GREEDY,4667,15,2,3,20
GREEDY,3128,12,2,4,18
GREEDY,3509,16,1,3,20
GREEDY,2567,16,1,2,19
GREEDY,2885,14,0,4,18
GREEDY,5417,13,2,3,18
GREEDY,3528,19,1,3,23
GREEDY,1048,11,1,4,16
STINGY,1534,4,1,2,7
STINGY,1381,4,0,0,4
GREEDY,8078,15,2,3,20
STINGY,1012,3,1,0,4
GREEDY,3318,14,1,4,19
GREEDY,3412,16,2,4,22
STINGY,1594,5,1,0,6
GREEDY,4888,16,1,4,21
GREEDY,3742,15,1,2,18
STINGY,2199,1,0,2,3
STINGY,918,3,1,1,5
STINGY,1288,3,1,1,5
STINGY,1643,3,0,1,4
GREEDY,4197,15,2,3,20
GREEDY,7043,16,2,2,20
STINGY,1399,2,1,0,3
STINGY,1656,3,1,1,5
STINGY,1400,0,0,0,0
GREEDY,5210,16,1,2,19
GREEDY,1920,15,1,4,20
GREEDY,1055,13,2,4,19
GREEDY,7303,16,2,3,21
GREEDY,3342,12,2,4,18
STINGY,2352,7,0,2,9
STINGY,1596,2,2,0,4
GREEDY,3617,16,2,3,21
GREEDY,1340,12,2,4,18
GREEDY,4220,15,2,3,20
GREEDY,5056,19,0,3,22
STINGY,1757,2,0,0,2
GREEDY,8647,14,2,4,20
GREEDY,5129,15,2,2,19
STINGY,1683,2,0,1,3
GREEDY,9336,15,2,2,19
GREEDY,1605,16,2,3,21
STINGY,860,2,1,2,5
GREEDY,4271,14,1,4,19
GREEDY,1723,16,2,3,21
GREEDY,4406,15,2,3,20
GREEDY,3102,18,2,2,22
GREEDY,10634,15,2,2,19
GREEDY,1771,16,1,2,19
GREEDY,2477,16,1,2,19
GREEDY,1855,15,2,2,19
GREEDY,3841,14,2,4,20
GREEDY,6519,16,2,1,19
STINGY,1715,2,0,0,2
STINGY,1868,1,0,0,1
STINGY,1207,2,0,3,5
GREEDY,3255,17,2,3,22
GREEDY,2307,16,1,2,19
STINGY,1083,6,1,1,8
GREEDY,5316,15,1,4,20
STINGY,1268,2,1,1,4
GREEDY,2121,13,2,4,19
STINGY,1540,2,0,0,2
GREEDY,4566,16,2,3,21
STINGY,1490,3,1,0,4
GREEDY,3113,15,0,3,18
GREEDY,4280,15,1,4,20
GREEDY,1872,17,1,4,22
STINGY,2239,0,0,0,0
STINGY,2276,2,0,4,6
STINGY,1584,4,0,0,4
STINGY,1039,5,0,0,5
STINGY,1353,5,0,2,7
STINGY,1893,4,0,1,5
STINGY,1725,0,0,0,0
STINGY,1373,3,1,0,4
STINGY,1628,3,0,0,3
STINGY,1980,1,0,0,1
GREEDY,1476,11,0,2,13
GREEDY,6901,16,1,2,19
STINGY,1588,1,0,0,1
GREEDY,2983,20,2,2,24
GREEDY,8629,15,2,2,19
STINGY,1733,3,1,0,4
GREEDY,3824,17,2,4,23
GREEDY,2668,18,1,3,22
STINGY,1150,6,0,0,6
STINGY,2480,4,0,1,5
STINGY,910,6,1,0,7
GREEDY,3124,15,2,4,21
STINGY,1817,1,1,2,4
STINGY,1876,3,1,0,4
GREEDY,3404,17,2,3,22
GREEDY,2941,13,2,3,18
STINGY,1255,2,0,2,4
STINGY,1298,5,0,2,7
STINGY,669,4,0,1,5
GREEDY,2781,17,1,2,20
GREEDY,617,18,2,3,23
STINGY,1115,1,1,2,4
GREEDY,13323,15,1,3,19
GREEDY,286,12,2,3,17
GREEDY,6012,14,2,4,20
GREEDY,3176,17,1,3,21
GREEDY,1081,8,1,4,13
GREEDY,4532,17,0,3,20
STINGY,1366,2,0,1,3
STINGY,1879,2,0,0,2
STINGY,1754,4,0,1,5
GREEDY,2977,12,2,4,18
GREEDY,3756,16,2,3,21
STINGY,1428,3,0,0,3
GREEDY,6031,17,1,2,20
GREEDY,3815,19,2,1,22
GREEDY,2752,16,0,3,19
STINGY,2102,1,0,1,2
GREEDY,8438,13,2,2,17
GREEDY,6529,15,2,2,19
GREEDY,2529,15,1,3,19
STINGY,1401,4,0,2,6
STINGY,1416,2,0,0,2
GREEDY,623,18,1,4,23
GREEDY,3146,16,2,4,22
STINGY,1360,2,0,0,2
GREEDY,5218,16,1,3,20
STINGY,1013,5,0,2,7
STINGY,1391,6,0,1,7
GREEDY,2413,19,2,3,24
GREEDY,1662,20,2,3,25
STINGY,1430,3,0,1,4
GREEDY,2627,17,1,3,21
GREEDY,3708,15,2,4,21
GREEDY,5899,19,1,2,22
STINGY,1417,6,0,0,6
STINGY,1404,2,1,1,4
GREEDY,3141,15,2,4,21
STINGY,1167,5,1,0,6
GREEDY,2225,16,1,4,21
GREEDY,2887,18,1,2,21
GREEDY,2160,14,1,4,19
GREEDY,1860,16,2,4,22
GREEDY,2327,18,2,3,23
GREEDY,2182,18,1,4,23
GREEDY,1817,16,1,3,20
STINGY,1091,3,0,1,4
STINGY,1717,5,0,1,6
GREEDY,2312,18,2,4,24
GREEDY,3800,16,1,4,21
GREEDY,4784,18,0,2,20
GREEDY,1592,17,2,3,22
STINGY,1189,2,1,1,4
STINGY,1861,2,0,0,2
GREEDY,1940,16,1,4,21
STINGY,1214,3,0,0,3
GREEDY,5908,17,2,2,21
GREEDY,2284,15,2,1,18
GREEDY,7191,12,1,2,15
GREEDY,4040,18,2,3,23
GREEDY,3213,19,2,3,24
GREEDY,4687,13,2,4,19
GREEDY,2146,15,1,4,20
GREEDY,1564,15,2,4,21
STINGY,1590,2,0,1,3
STINGY,1685,5,0,0,5
STINGY,1523,5,0,0,5
GREEDY,13151,14,2,2,18
GREEDY,9031,17,2,3,22
GREEDY,7053,17,1,4,22
STINGY,1631,4,1,0,5
GREEDY,3294,15,1,2,18
STINGY,805,3,0,0,3
STINGY,748,2,0,0,2
STINGY,753,4,0,3,7
GREEDY,6105,16,2,3,21
GREEDY,4241,18,1,4,23
GREEDY,1660,14,2,2,18
GREEDY,2546,14,1,3,18
STINGY,1562,1,1,1,3
GREEDY,6450,17,1,3,21
GREEDY,2190,19,2,3,24
STINGY,1660,2,1,1,4
STINGY,1486,4,0,3,7
GREEDY,4740,14,1,2,17
GREEDY,3598,16,2,3,21
STINGY,2007,4,0,0,4
GREEDY,8387,12,2,2,16
GREEDY,2065,11,1,3,15
STINGY,1572,2,0,0,2
GREEDY,3364,15,1,3,19
STINGY,1544,0,0,1,1
GREEDY,7540,15,1,3,19
STINGY,1536,1,0,2,3
GREEDY,7432,13,2,4,19
GREEDY,6892,15,1,3,19
GREEDY,5205,18,1,3,22
STINGY,1839,1,1,0,2
STINGY,1629,4,0,2,6
STINGY,1752,4,0,0,4
GREEDY,3356,15,2,4,21
GREEDY,3696,17,2,4,23
GREEDY,5511,15,1,3,19
STINGY,1801,2,0,0,2
GREEDY,1384,19,1,3,23
GREEDY,1719,17,1,4,22
GREEDY,3705,17,2,2,21
GREEDY,5078,16,1,1,18
GREEDY,18800,13,2,3,18
STINGY,1919,6,0,0,6
STINGY,341,6,0,1,7
STINGY,1396,5,1,1,7
GREEDY,3667,14,2,2,18
GREEDY,684,10,0,3,13
GREEDY,2545,16,1,3,20
STINGY,1423,2,0,0,2
STINGY,1542,4,0,1,5
STINGY,1286,1,2,0,3
GREEDY,3150,14,1,4,19
STINGY,1498,2,0,1,3
GREEDY,2088,16,2,4,22
GREEDY,3020,15,1,3,19
GREEDY,4022,18,2,3,23
GREEDY,3306,13,2,4,19
STINGY,1687,3,0,0,3
GREEDY,2091,20,2,3,25
STINGY,2406,0,1,1,2
GREEDY,5136,15,2,4,21
STINGY,1710,0,0,0,0
GREEDY,5481,17,1,3,21
STINGY,1853,4,0,0,4
GREEDY,2070,16,1,4,21
GREEDY,2343,15,2,4,21
GREEDY,941,17,2,4,23
STINGY,1132,3,1,0,4
GREEDY,6938,17,1,3,21
GREEDY,4267,18,1,3,22
STINGY,1919,6,0,1,7
GREEDY,1637,9,2,3,14
GREEDY,1212,14,2,3,19
GREEDY,4803,17,2,3,22
GREEDY,3391,16,2,3,21
GREEDY,1828,19,2,2,23
GREEDY,4381,14,2,3,19
GREEDY,4135,13,2,3,18
STINGY,1310,2,0,1,3
STINGY,2185,2,1,2,5
GREEDY,1702,13,2,3,18
STINGY,820,3,0,2,5
GREEDY,4947,19,2,3,24
STINGY,1295,4,0,1,5
GREEDY,6378,13,1,3,17
GREEDY,3623,16,2,4,22
GREEDY,2763,20,2,3,25
STINGY,1306,3,1,0,4
GREEDY,4424,16,2,3,21
STINGY,2082,0,0,0,0
GREEDY,4285,17,2,1,20
GREEDY,8712,13,1,2,16
GREEDY,1732,10,2,3,15
STINGY,1603,3,1,0,4
STINGY,1366,1,0,0,1
STINGY,1732,2,0,2,4
GREEDY,7235,16,1,4,21
STINGY,1692,2,0,0,2
GREEDY,13803,12,1,4,17
STINGY,1362,2,0,0,2
GREEDY,3073,18,1,3,22
STINGY,817,5,1,1,7
STINGY,1902,3,0,0,3
STINGY,1849,2,0,1,3
GREEDY,4841,14,2,3,19
STINGY,1808,6,0,2,8
GREEDY,1537,17,1,4,22
GREEDY,4131,14,1,2,17
STINGY,1166,4,0,0,4
GREEDY,1263,14,2,3,19
GREEDY,5538,16,2,3,21
STINGY,1134,6,0,2,8
STINGY,2139,4,0,0,4
GREEDY,3831,16,2,2,20
GREEDY,3830,16,2,4,22
GREEDY,4491,18,2,3,23
GREEDY,11044,13,2,3,18
GREEDY,387,14,0,1,15
STINGY,834,5,0,1,6
STINGY,1626,1,0,3,4
GREEDY,3475,14,2,3,19
GREEDY,6201,17,2,2,21
GREEDY,3517,15,1,3,19
STINGY,1396,2,0,1,3
STINGY,1250,2,0,0,2
GREEDY,710,9,2,1,12
GREEDY,3050,15,1,4,20
GREEDY,6052,17,2,3,22
STINGY,1593,4,0,0,4
GREEDY,5182,17,1,2,20
GREEDY,2059,13,2,3,18
STINGY,1755,0,1,0,1
GREEDY,2179,15,1,4,20
GREEDY,4722,17,1,3,21
STINGY,1497,2,0,0,2
STINGY,1005,5,0,1,6
GREEDY,2555,12,2,3,17
GREEDY,5619,18,2,3,23
STINGY,1158,4,1,1,6
GREEDY,3732,17,1,3,21
GREEDY,4988,17,1,3,21
GREEDY,2880,21,2,3,26
STINGY,787,7,1,1,9
STINGY,1777,2,1,1,4
STINGY,1540,0,1,1,2
STINGY,1468,2,0,0,2
STINGY,1432,6,1,2,9
GREEDY,11045,12,2,3,17
GREEDY,4726,14,1,4,19
GREEDY,1244,16,1,4,21
STINGY,1129,6,1,1,8
GREEDY,1942,19,2,3,24
GREEDY,1921,12,1,4,17
GREEDY,6585,18,1,2,21
STINGY,1773,2,0,2,4
STINGY,604,4,0,1,5
GREEDY,3617,16,2,1,19
STINGY,2323,4,1,1,6
STINGY,1780,5,1,1,7
STINGY,592,3,0,2,5
STINGY,1670,4,0,0,4
GREEDY,2743,15,2,2,19
STINGY,1769,2,0,1,3
GREEDY,5292,17,2,2,21
STINGY,1663,3,1,2,6
STINGY,1280,5,0,0,5
STINGY,1838,1,1,0,2
STINGY,1607,3,1,0,4
GREEDY,3378,17,1,3,21
STINGY,900,5,1,0,6
GREEDY,1704,16,1,4,21
GREEDY,2074,15,1,3,19
GREEDY,2161,16,1,4,21
GREEDY,4355,16,1,3,20
GREEDY,1741,15,0,4,19
GREEDY,5387,15,1,4,20
GREEDY,5160,17,2,4,23
STINGY,1582,0,1,0,1
GREEDY,1079,13,1,4,18
GREEDY,2989,18,2,2,22
GREEDY,2448,11,2,2,15
GREEDY,4261,16,1,3,20
GREEDY,4900,14,2,3,19
STINGY,1120,4,0,1,5
GREEDY,1369,17,2,2,21
STINGY,2401,1,0,0,1
GREEDY,6245,19,2,3,24
GREEDY,8263,15,1,3,19
STINGY,1674,4,0,2,6
STINGY,1005,5,0,1,6
STINGY,1308,4,0,0,4
GREEDY,2111,15,1,3,19
STINGY,1757,2,1,0,3
STINGY,1370,0,1,0,1
GREEDY,7293,14,2,2,18
STINGY,1236,5,1,0,6
GREEDY,3918,14,2,4,20
GREEDY,8605,15,2,2,19
GREEDY,3933,16,2,4,22
GREEDY,2320,15,2,4,21
GREEDY,2855,16,2,3,21
GREEDY,6859,15,2,1,18
GREEDY,5149,16,2,2,20
GREEDY,566,11,1,3,15
GREEDY,372,16,1,1,18
STINGY,939,4,1,0,5
GREEDY,3528,16,2,3,21
STINGY,849,6,1,1,8
GREEDY,899,13,1,4,18
GREEDY,3733,18,2,2,22
STINGY,1060,4,1,0,5
STINGY,1754,4,0,0,4
GREEDY,3211,15,2,4,21
GREEDY,3427,16,1,3,20
STINGY,1729,4,0,1,5
STINGY,1440,1,2,2,5
GREEDY,1903,17,0,3,20
STINGY,3219,3,1,2,6
GREEDY,6083,15,2,4,21
GREEDY,2760,15,2,4,21
STINGY,1062,5,0,0,5
GREEDY,1730,14,2,4,20
GREEDY,3347,19,0,4,23
STINGY,1910,2,0,1,3
STINGY,1900,0,0,0,0
STINGY,1505,1,1,1,3
STINGY,1197,2,0,1,3
STINGY,2129,3,1,2,6
GREEDY,4910,15,2,3,20
STINGY,1236,0,0,0,0
GREEDY,3583,17,2,3,22
GREEDY,2487,17,2,4,23
STINGY,1743,1,1,0,2
STINGY,1351,4,1,1,6
STINGY,1328,2,2,0,4
GREEDY,8670,15,2,3,20
GREEDY,2756,17,2,3,22
STINGY,1088,3,1,0,4
GREEDY,4208,16,2,1,19
GREEDY,2260,13,2,3,18
GREEDY,36875,15,2,2,19
GREEDY,11109,14,2,3,19
GREEDY,4074,12,2,4,18
GREEDY,2652,18,2,2,22
GREEDY,2172,16,2,4,22
GREEDY,5539,16,1,3,20
STINGY,1619,1,1,0,2
STINGY,985,5,0,0,5
GREEDY,3225,16,2,4,22
GREEDY,5958,14,1,2,17
STINGY,1370,2,0,0,2
STINGY,2271,3,1,0,4
GREEDY,4849,15,1,4,20
STINGY,1024,2,1,0,3
STINGY,1584,4,0,0,4
GREEDY,2158,15,0,4,19
GREEDY,6350,14,2,4,20
STINGY,1758,4,1,0,5
GREEDY,5652,18,2,2,22
GREEDY,2843,16,2,3,21
STINGY,1430,4,0,0,4
STINGY,1726,3,0,0,3
STINGY,1364,3,0,0,3
STINGY,1227,4,0,0,4
STINGY,1143,5,0,1,6
GREEDY,3163,16,1,3,20
STINGY,1495,3,0,2,5
GREEDY,4668,17,1,4,22
GREEDY,5509,13,2,4,19
STINGY,1491,2,0,0,2
GREEDY,4248,13,2,4,19
GREEDY,2572,17,2,3,22
GREEDY,2402,13,2,1,16
GREEDY,1670,14,1,3,18
GREEDY,3566,14,1,2,17
STINGY,1677,5,0,1,6
STINGY,1700,4,0,0,4
GREEDY,3913,14,1,4,19
GREEDY,5769,17,2,3,22
GREEDY,4659,16,1,4,21
GREEDY,486,9,1,4,14
GREEDY,1730,20,2,3,25
STINGY,1132,4,0,1,5
GREEDY,2159,19,1,2,22
GREEDY,7036,15,1,2,18
STINGY,2464,5,0,1,6
GREEDY,4588,15,2,3,20
GREEDY,2151,18,1,4,23
STINGY,1436,2,0,0,2
GREEDY,3846,19,1,2,22
GREEDY,8385,17,1,3,21
STINGY,2322,0,0,0,0
GREEDY,3110,16,1,3,20
GREEDY,961,12,2,2,16
GREEDY,2300,14,2,3,19
STINGY,1578,4,1,0,5
STINGY,1865,1,0,0,1
GREEDY,2791,16,0,4,20
GREEDY,4709,17,2,2,21
GREEDY,4705,17,1,4,22
GREEDY,1894,12,2,3,17
STINGY,1353,3,0,1,4
STINGY,983,5,0,0,5
STINGY,842,3,0,1,4
STINGY,2636,1,0,0,1
GREEDY,4086,16,1,3,20
STINGY,1139,2,1,1,4
GREEDY,3034,15,2,3,20
GREEDY,4351,14,2,4,20
STINGY,1470,6,0,1,7
GREEDY,12975,16,2,3,21
STINGY,1604,3,0,0,3
GREEDY,1630,10,2,4,16
GREEDY,4829,18,2,4,24
GREEDY,3997,17,2,4,23
STINGY,1020,3,0,1,4
GREEDY,2222,14,1,4,19
GREEDY,2630,18,1,4,23
GREEDY,6297,15,1,3,19
STINGY,1285,2,2,0,4
STINGY,1306,3,1,2,6
GREEDY,5755,18,1,2,21
STINGY,1600,3,0,1,4
GREEDY,3957,14,1,3,18
GREEDY,4759,17,1,2,20
STINGY,1429,3,1,0,4
STINGY,1086,2,0,0,2
STINGY,1423,1,0,0,1
GREEDY,3351,17,2,3,22
GREEDY,4012,17,1,2,20
STINGY,1048,4,1,0,5
STINGY,1576,1,0,1,2
GREEDY,402,14,2,4,20
STINGY,2450,1,0,1,2
GREEDY,8264,15,2,1,18
GREEDY,1647,18,2,3,23
GREEDY,2201,16,2,2,20
STINGY,706,4,0,1,5
GREEDY,1471,18,2,3,23
GREEDY,5129,18,1,2,21
STINGY,1316,3,0,0,3
GREEDY,1901,18,0,3,21
GREEDY,2836,17,1,4,22
STINGY,1540,4,1,1,6
GREEDY,5587,13,2,4,19
STINGY,1386,1,0,1,2
GREEDY,2755,13,2,2,17
GREEDY,2822,12,1,3,16
GREEDY,6142,13,2,2,17
GREEDY,2252,17,2,4,23
GREEDY,7104,16,1,3,20
STINGY,674,8,0,1,9
GREEDY,3213,19,2,4,25
GREEDY,2292,15,2,3,20
STINGY,1468,2,0,0,2
GREEDY,5203,18,2,2,22
STINGY,1400,2,0,0,2
GREEDY,4287,19,2,1,22
GREEDY,3720,17,1,3,21
STINGY,240,3,1,1,5
STINGY,1684,1,0,0,1
GREEDY,5997,18,1,2,21
GREEDY,1566,12,1,4,17
GREEDY,1975,17,2,3,22
GREEDY,2490,15,1,4,20
GREEDY,2264,15,2,4,21
GREEDY,11914,15,1,3,19
GREEDY,4231,16,0,3,19
GREEDY,6372,12,2,3,17
GREEDY,3445,17,2,4,23
STINGY,1212,4,0,0,4
STINGY,626,6,0,0,6
GREEDY,2785,19,1,2,22
STINGY,316,5,0,3,8
STINGY,2872,3,2,1,6
GREEDY,1895,11,2,2,15
GREEDY,2988,17,2,3,22
STINGY,1458,4,0,0,4
GREEDY,2493,14,2,3,19
STINGY,1658,5,0,1,6
GREEDY,4489,18,2,1,21
STINGY,1225,1,0,0,1
GREEDY,5253,14,2,4,20
GREEDY,9814,18,1,1,20
GREEDY,1128,16,2,2,20
GREEDY,4669,11,2,4,17
STINGY,1383,3,0,0,3
GREEDY,2517,15,1,3,19
STINGY,2584,2,0,0,2
STINGY,934,4,1,0,5
GREEDY,1938,18,2,3,23
STINGY,1782,0,0,2,2
GREEDY,1877,12,2,3,17
GREEDY,4449,17,2,3,22
STINGY,395,7,0,0,7
STINGY,1806,2,0,2,4
GREEDY,5696,16,1,3,20
GREEDY,2967,15,2,4,21
STINGY,2137,2,0,1,3
GREEDY,7309,17,2,3,22
GREEDY,2252,17,1,3,21
GREEDY,5551,15,2,3,20
STINGY,2056,2,0,0,2
GREEDY,3150,15,2,2,19
GREEDY,4432,16,1,3,20
GREEDY,5896,16,1,2,19
GREEDY,1286,17,1,2,20
STINGY,1196,5,0,1,6
STINGY,1351,4,1,1,6
GREEDY,2246,14,1,2,17
GREEDY,12536,13,1,3,17
GREEDY,4440,18,2,3,23
STINGY,2026,4,0,2,6
GREEDY,4241,16,2,3,21
GREEDY,3073,17,2,3,22
STINGY,1320,1,0,0,1
STINGY,902,5,0,0,5
GREEDY,5450,16,2,2,20
GREEDY,12430,15,2,3,20
STINGY,1807,2,0,0,2
STINGY,1227,2,1,0,3
STINGY,2307,0,0,0,0
GREEDY,1610,15,1,3,19
STINGY,1421,1,0,0,1
GREEDY,2835,14,1,4,19
STINGY,1050,2,1,0,3
GREEDY,3035,17,1,4,22
STINGY,852,4,0,1,5
STINGY,1914,0,0,0,0
GREEDY,2769,17,1,3,21
GREEDY,2815,14,2,1,17
STINGY,1438,0,0,0,0
GREEDY,2657,17,2,4,23
STINGY,2206,3,0,1,4
STINGY,1225,5,1,1,7
STINGY,1601,3,0,3,6
GREEDY,3846,17,2,4,23
GREEDY,770,16,0,2,18
STINGY,2079,4,0,2,6
GREEDY,2781,17,2,3,22
STINGY,726,3,1,0,4
GREEDY,9141,16,2,2,20
STINGY,1899,3,0,2,5
STINGY,631,5,0,1,6
STINGY,1798,5,0,2,7
GREEDY,2205,15,1,4,20
GREEDY,1705,17,1,4,22
GREEDY,1280,14,1,3,18
GREEDY,2555,12,2,1,15
STINGY,1492,1,0,0,1
GREEDY,3401,14,2,3,19
GREEDY,3421,16,1,4,21
GREEDY,1447,14,2,4,20
GREEDY,5201,17,2,3,22
STINGY,1678,3,0,1,4
STINGY,1735,3,1,1,5
GREEDY,1727,19,2,4,25
GREEDY,2605,18,2,4,24
GREEDY,3749,15,1,4,20
STINGY,882,3,0,0,3
GREEDY,4358,16,1,2,19
STINGY,1019,3,1,2,6
STINGY,1260,1,0,1,2
GREEDY,5388,18,2,4,24
STINGY,1497,0,0,1,1
GREEDY,243,8,1,3,12
STINGY,2195,0,0,0,0
STINGY,776,8,0,1,9
GREEDY,4194,15,2,4,21
STINGY,1417,1,1,0,2
GREEDY,1136,12,2,4,18
GREEDY,5677,16,1,4,21
STINGY,1300,1,0,0,1
GREEDY,1621,15,2,4,21
GREEDY,2837,15,2,4,21
GREEDY,3970,16,1,2,19
STINGY,1311,6,0,3,9
GREEDY,4009,13,1,4,18
GREEDY,4413,19,1,2,22
GREEDY,5015,16,2,4,22
GREEDY,3923,17,2,3,22
GREEDY,1814,16,1,4,21
STINGY,785,3,1,1,5
GREEDY,4237,16,2,4,22
STINGY,1292,1,0,1,2
GREEDY,5503,15,2,2,19
GREEDY,5974,14,1,4,19
STINGY,1472,2,0,0,2
GREEDY,9844,17,1,3,21
GREEDY,2137,19,1,4,24
GREEDY,7758,17,0,2,19
STINGY,1690,1,1,1,3
GREEDY,1644,12,1,4,17
STINGY,843,2,0,1,3
GREEDY,1443,14,0,4,18
GREEDY,1820,12,0,1,13
STINGY,1778,4,0,2,6
GREEDY,3699,17,2,3,22
STINGY,1277,2,0,3,5
GREEDY,3017,16,1,2,19
GREEDY,5673,16,1,3,20
GREEDY,4560,17,2,3,22
STINGY,875,5,0,1,6
GREEDY,2939,17,2,4,23
GREEDY,3318,17,1,4,22
GREEDY,2921,20,2,3,25
STINGY,933,4,0,1,5
STINGY,2082,1,0,1,2
GREEDY,4415,17,0,3,20
STINGY,1548,7,0,3,10
GREEDY,11392,17,1,1,19
STINGY,1276,5,1,1,7
STINGY,1242,3,0,0,3
GREEDY,4208,16,1,4,21
STINGY,1302,1,0,1,2
STINGY,1896,0,0,0,0
GREEDY,2508,12,2,3,17
GREEDY,3503,15,1,3,19
GREEDY,3543,17,1,4,22
GREEDY,1419,14,2,1,17
GREEDY,3020,18,2,4,24
GREEDY,2860,14,1,2,17
STINGY,2012,4,1,1,6
GREEDY,3201,17,2,1,20
STINGY,2146,2,0,0,2
GREEDY,12435,14,1,2,17
GREEDY,3049,17,1,3,21
STINGY,1419,3,1,0,4
GREEDY,5639,15,1,2,18
GREEDY,2801,19,0,3,22
GREEDY,1154,15,2,4,21
STINGY,2159,1,2,1,4
GREEDY,4230,15,1,3,19
GREEDY,2526,16,2,3,21
GREEDY,3873,18,2,3,23
GREEDY,2441,17,2,4,23
STINGY,2073,2,0,1,3
GREEDY,6919,17,1,3,21
STINGY,1831,3,0,1,4
STINGY,1100,7,0,0,7
STINGY,1245,8,0,0,8
GREEDY,4608,16,1,3,20
GREEDY,1422,14,2,3,19
GREEDY,5911,17,2,3,22
STINGY,1795,2,0,0,2
STINGY,1762,1,0,1,2
STINGY,1858,4,1,1,6
STINGY,1166,4,0,0,4
STINGY,2242,0,0,2,2
GREEDY,7472,16,2,3,21
STINGY,1691,4,1,0,5
GREEDY,2292,16,2,3,21
GREEDY,2467,17,2,3,22
STINGY,1885,0,0,0,0
GREEDY,3227,18,2,3,23
GREEDY,10348,16,2,2,20
STINGY,1565,6,0,0,6
STINGY,1636,1,0,0,1
GREEDY,1682,16,2,4,22
GREEDY,1442,14,1,4,19
STINGY,376,4,0,2,6
GREEDY,3933,19,2,3,24
GREEDY,4563,18,2,3,23
GREEDY,4893,16,2,3,21
GREEDY,817,12,1,4,17
GREEDY,2463,17,1,4,22
STINGY,620,3,0,2,5
STINGY,2239,2,1,1,4
GREEDY,3158,14,1,3,18
GREEDY,4813,14,2,4,20
STINGY,1112,2,0,1,3
GREEDY,3496,17,1,4,22
GREEDY,1409,12,1,2,15
STINGY,539,5,0,0,5
STINGY,1762,1,0,0,1
STINGY,1763,4,0,0,4
GREEDY,1564,16,1,3,20
STINGY,1915,2,0,0,2
GREEDY,3662,17,2,2,21
STINGY,1772,2,0,0,2
GREEDY,1808,14,2,4,20
GREEDY,2298,18,1,4,23
STINGY,1154,4,0,1,5
STINGY,914,6,0,1,7
STINGY,1190,3,0,0,3
GREEDY,4098,15,2,3,20
GREEDY,10706,16,2,3,21
STINGY,702,2,1,1,4
GREEDY,5754,19,1,1,21
GREEDY,12428,15,1,3,19
STINGY,921,2,1,0,3
STINGY,1788,3,1,0,4
STINGY,1639,2,1,1,4
GREEDY,6239,17,1,2,20
GREEDY,1518,17,1,2,20
GREEDY,3078,15,1,4,20
GREEDY,2790,12,2,4,18
STINGY,1314,2,0,0,2
STINGY,1349,1,0,1,2
GREEDY,5979,16,0,3,19
GREEDY,7238,17,2,4,23
STINGY,1100,4,1,1,6
GREEDY,3831,15,2,3,20
STINGY,1249,7,0,1,8
GREEDY,3964,16,2,3,21
GREEDY,8910,14,2,3,19
GREEDY,2422,14,1,3,18
STINGY,1377,2,1,0,3
GREEDY,4984,17,2,3,22
GREEDY,2522,12,2,2,16
STINGY,1693,3,0,0,3
STINGY,1404,4,1,0,5
GREEDY,2750,14,1,3,18
STINGY,1154,4,1,0,5
STINGY,1362,4,0,0,4
STINGY,1063,4,0,2,6
GREEDY,3142,18,2,3,23
GREEDY,2399,14,1,3,18
GREEDY,2705,19,0,4,23
STINGY,1220,1,1,0,2
STINGY,1135,3,0,2,5
STINGY,1404,6,0,0,6
GREEDY,2331,15,0,4,19
GREEDY,921,13,1,3,17
GREEDY,2537,15,2,3,20
GREEDY,5161,15,2,3,20
GREEDY,2103,17,2,4,23
GREEDY,2528,14,2,3,19
STINGY,1243,1,0,1,2
GREEDY,3913,17,2,2,21
GREEDY,4514,14,2,3,19
STINGY,2155,4,1,0,5
GREEDY,4849,15,1,3,19
STINGY,1900,3,0,0,3
GREEDY,4355,16,1,4,21
STINGY,1267,4,0,2,6
STINGY,607,4,0,0,4
STINGY,1626,1,0,0,1
GREEDY,1247,21,2,3,26
STINGY,1917,3,1,0,4
STINGY,1318,2,0,0,2
GREEDY,5327,17,2,3,22
GREEDY,5032,14,2,4,20
GREEDY,13314,15,1,4,20
GREEDY,2860,17,1,2,20
GREEDY,4098,13,2,4,19
GREEDY,1427,12,2,4,18
GREEDY,10353,16,2,4,22
GREEDY,3048,17,1,2,20
STINGY,699,2,1,1,4
GREEDY,2136,10,2,4,16
STINGY,2473,3,1,1,5
STINGY,1629,2,1,0,3
GREEDY,5385,17,2,2,21
GREEDY,2364,16,2,3,21
GREEDY,4315,17,1,2,20
GREEDY,2423,19,2,2,23
STINGY,1538,1,0,0,1
GREEDY,4553,16,2,3,21
GREEDY,1178,16,2,4,22
GREEDY,7371,14,1,2,17
GREEDY,1844,15,1,3,19
GREEDY,2236,17,1,3,21
GREEDY,6015,15,2,2,19
STINGY,1008,2,0,0,2
GREEDY,3943,14,2,3,19
STINGY,1116,3,0,2,5
STINGY,1731,2,0,1,3
STINGY,1867,3,0,3,6
GREEDY,3065,17,0,2,19
STINGY,1701,3,0,1,4
GREEDY,2831,18,1,3,22
GREEDY,1822,13,1,4,18
GREEDY,3389,13,1,2,16
STINGY,1239,6,0,0,6
STINGY,840,4,1,0,5
GREEDY,2187,13,0,3,16
STINGY,1652,2,0,0,2
GREEDY,14695,13,1,3,17
GREEDY,3600,15,2,3,20
GREEDY,2210,19,1,3,23
STINGY,1406,2,0,1,3
GREEDY,4616,15,2,3,20
STINGY,1595,4,0,0,4
GREEDY,1783,14,1,4,19
GREEDY,2073,20,1,3,24
STINGY,1709,4,0,1,5
GREEDY,3668,16,2,2,20
GREEDY,772,12,1,3,16
STINGY,1435,5,0,0,5
STINGY,1067,3,0,0,3
GREEDY,3083,17,2,3,22
GREEDY,4695,19,2,2,23
GREEDY,2744,15,2,4,21
GREEDY,1595,16,2,4,22
GREEDY,4556,14,2,4,20
STINGY,1953,2,1,0,3
GREEDY,1980,15,1,3,19
GREEDY,3176,17,2,3,22
GREEDY,8947,17,2,3,22
STINGY,1907,3,1,2,6
GREEDY,2720,13,2,4,19
GREEDY,3217,17,2,3,22
STINGY,1496,2,1,0,3
GREEDY,1751,16,1,4,21
GREEDY,3067,15,1,2,18
GREEDY,25021,13,2,3,18
GREEDY,1869,13,1,3,17
GREEDY,1126,12,1,4,17
STINGY,1822,4,0,0,4
STINGY,1980,1,0,0,1
STINGY,1174,3,0,1,4
GREEDY,9177,17,2,3,22
GREEDY,2100,10,2,4,16
GREEDY,1853,16,2,2,20
GREEDY,4035,19,2,2,23
GREEDY,2650,13,1,3,17
GREEDY,1068,11,1,4,16
GREEDY,4024,17,1,3,21
GREEDY,5331,16,2,3,21
GREEDY,2135,17,2,2,21
GREEDY,2119,15,1,4,20
STINGY,1834,1,0,0,1
GREEDY,4957,17,2,2,21
GREEDY,3250,16,2,4,22
GREEDY,4484,16,2,3,21
GREEDY,5971,16,2,2,20
STINGY,2376,1,0,1,2
GREEDY,1477,13,2,2,17
GREEDY,4465,15,2,3,20
STINGY,1325,0,0,0,0
GREEDY,5308,15,1,3,19
GREEDY,2195,16,0,1,17
STINGY,1020,6,1,0,7
GREEDY,2957,18,2,3,23
GREEDY,2076,16,2,4,22
STINGY,1740,4,0,1,5
STINGY,1431,3,0,2,5
GREEDY,4149,16,2,2,20
GREEDY,2366,17,2,3,22
STINGY,629,4,1,2,7
GREEDY,2221,15,2,1,18
GREEDY,2079,15,2,0,17
GREEDY,4953,17,1,3,21
GREEDY,2744,18,2,4,24
GREEDY,8354,15,2,2,19
STINGY,1690,2,0,0,2
GREEDY,3423,15,2,3,20
GREEDY,2170,13,2,4,19
STINGY,1735,1,0,0,1
GREEDY,2384,17,1,3,21
STINGY,975,3,0,0,3
GREEDY,5660,14,2,4,20
GREEDY,3395,16,1,4,21
GREEDY,4769,11,2,4,17
GREEDY,2267,17,2,1,20
STINGY,1846,3,0,0,3
STINGY,1350,2,0,1,3
GREEDY,19129,11,2,4,17
GREEDY,4500,14,1,3,18
STINGY,1476,3,0,0,3
STINGY,1300,2,0,0,2
STINGY,656,3,0,1,4
STINGY,1391,1,1,1,3
GREEDY,2564,16,2,4,22
STINGY,1262,3,0,1,4
GREEDY,2506,12,2,1,15
GREEDY,7436,15,2,2,19
STINGY,885,6,1,1,8
GREEDY,8782,19,2,2,23
GREEDY,7992,16,2,3,21
GREEDY,3022,14,1,4,19
GREEDY,3351,15,2,3,20
STINGY,1166,2,0,1,3
STINGY,954,4,0,0,4
GREEDY,2350,19,0,2,21
GREEDY,8063,14,1,3,18
GREEDY,3417,12,1,4,17
STINGY,872,3,0,2,5
STINGY,1614,2,0,0,2
GREEDY,2785,17,1,2,20
GREEDY,5615,17,1,3,21
GREEDY,3000,17,1,2,20
GREEDY,2563,16,2,4,22
GREEDY,2193,18,1,3,22
GREEDY,2279,12,2,3,17
GREEDY,2308,13,2,4,19
STINGY,1587,1,0,0,1
STINGY,1161,6,0,0,6
STINGY,1438,2,0,0,2
STINGY,1680,3,0,0,3
GREEDY,2534,14,2,2,18
GREEDY,1263,12,0,4,16
GREEDY,4720,18,2,4,24
STINGY,1218,3,1,4,8
STINGY,1642,4,0,0,4
GREEDY,1755,16,1,2,19
STINGY,1525,3,0,2,5
STINGY,1117,4,0,1,5
STINGY,822,3,0,1,4
STINGY,2063,3,0,3,6
GREEDY,2904,18,1,3,22
STINGY,1074,5,1,2,8
GREEDY,10652,13,1,4,18
GREEDY,1165,15,2,4,21
STINGY,1737,3,0,0,3
GREEDY,2601,12,0,4,16
GREEDY,3378,18,2,2,22
STINGY,848,5,0,2,7
STINGY,2048,2,0,0,2
STINGY,2005,3,1,1,5
GREEDY,4931,16,2,3,21
GREEDY,5209,16,2,3,21
GREEDY,3576,16,2,3,21
GREEDY,3261,16,2,4,22
GREEDY,4410,15,0,3,18
GREEDY,2254,16,1,4,21
GREEDY,2823,18,2,3,23
GREEDY,1341,14,1,3,18
GREEDY,8575,17,2,0,19
GREEDY,2771,17,1,4,22
GREEDY,3595,15,1,2,18
STINGY,1006,6,1,0,7
STINGY,1640,2,0,0,2
GREEDY,2520,15,2,3,20
GREEDY,5041,17,1,3,21
GREEDY,1969,14,1,3,18
GREEDY,4478,18,1,4,23
STINGY,2163,1,0,1,2
STINGY,850,5,0,1,6
GREEDY,2323,14,2,4,20
GREEDY,3131,16,1,3,20
GREEDY,3955,15,1,3,19
GREEDY,20424,15,2,3,20
GREEDY,2389,14,1,3,18
STINGY,1724,0,0,1,1
GREEDY,3497,18,2,3,23
STINGY,1620,1,0,2,3
STINGY,1490,5,1,0,6
STINGY,2288,5,1,1,7
STINGY,1354,2,0,2,4
GREEDY,2467,16,2,3,21
GREEDY,3628,17,1,3,21
STINGY,1346,2,1,1,4
STINGY,1184,6,0,1,7
GREEDY,3394,13,2,3,18
STINGY,2070,2,0,0,2
STINGY,854,3,1,1,5
GREEDY,3415,18,2,2,22
GREEDY,11005,15,2,1,18
GREEDY,6447,17,2,3,22
STINGY,2289,3,0,3,6
STINGY,1087,5,0,1,6
STINGY,1720,3,0,0,3
GREEDY,1471,14,0,2,16
STINGY,1478,0,0,1,1
GREEDY,2515,14,2,4,20
GREEDY,2653,17,2,4,23
STINGY,1735,0,0,0,0
GREEDY,4432,17,1,3,21
GREEDY,5420,13,1,2,16
GREEDY,20011,15,1,2,18
STINGY,1426,2,0,0,2
STINGY,1600,5,1,3,9
STINGY,1006,4,1,0,5
GREEDY,1727,16,1,4,21
STINGY,2060,2,1,0,3
GREEDY,2251,15,1,4,20
GREEDY,5827,13,2,3,18
GREEDY,2742,16,2,3,21
GREEDY,3195,17,2,3,22
STINGY,1819,1,0,1,2
STINGY,991,3,0,1,4
GREEDY,5443,17,2,3,22
GREEDY,4092,17,2,2,21
STINGY,2617,1,0,0,1
GREEDY,3865,15,1,3,19
GREEDY,4227,16,2,4,22
STINGY,1210,2,0,0,2
GREEDY,3472,16,0,3,19
STINGY,1020,4,0,1,5
STINGY,1307,4,1,1,6
STINGY,1644,0,0,3,3
GREEDY,2343,13,1,4,18
GREEDY,2488,14,1,2,17
GREEDY,619,17,0,3,20
STINGY,1300,2,0,1,3
GREEDY,1503,14,2,2,18
GREEDY,1988,17,1,2,20
GREEDY,7849,17,1,3,21
GREEDY,2002,15,0,3,18
STINGY,1580,4,0,1,5
STINGY,1123,2,1,2,5
STINGY,1347,4,1,1,6
GREEDY,4694,16,1,4,21
STINGY,961,7,0,0,7
GREEDY,3964,15,2,4,21
STINGY,1360,1,0,1,2
GREEDY,1616,19,1,3,23
STINGY,1462,2,0,0,2
GREEDY,1950,14,1,3,18
GREEDY,6796,17,1,4,22
STINGY,1669,4,0,1,5
STINGY,1803,3,0,0,3
GREEDY,2624,15,2,3,20
GREEDY,5855,16,1,3,20
GREEDY,2445,18,2,3,23
STINGY,892,4,1,0,5
GREEDY,3733,16,2,4,22
GREEDY,2857,11,2,3,16
GREEDY,2712,17,1,4,22
STINGY,539,4,1,0,5
STINGY,1703,4,0,1,5
STINGY,588,3,1,1,5
STINGY,632,4,0,0,4
GREEDY,2203,16,2,3,21
GREEDY,18296,16,1,3,20
GREEDY,4328,19,0,4,23
STINGY,2152,3,0,1,4
GREEDY,6087,15,2,3,20
GREEDY,6462,15,2,3,20
GREEDY,3103,17,2,2,21
GREEDY,3660,19,2,3,24
STINGY,1523,0,0,1,1
GREEDY,3025,16,1,4,21
GREEDY,2113,13,1,3,17
GREEDY,4016,18,2,1,21
GREEDY,3874,17,2,2,21
STINGY,1432,1,0,0,1
STINGY,1547,3,0,0,3
GREEDY,3324,19,2,4,25
GREEDY,1843,15,2,4,21
GREEDY,4176,14,2,3,19
STINGY,1984,2,1,1,4
GREEDY,3059,16,1,4,21
GREEDY,2727,14,1,2,17
STINGY,1359,3,0,1,4
STINGY,1270,4,0,0,4
STINGY,1881,4,0,1,5
STINGY,1960,2,0,0,2
STINGY,638,7,0,0,7
STINGY,1330,5,0,1,6
GREEDY,1880,13,0,4,17
GREEDY,12351,16,1,3,20
GREEDY,2150,14,2,2,18
GREEDY,926,15,0,4,19
GREEDY,5849,13,2,4,19
STINGY,1207,3,1,0,4
STINGY,1506,2,0,0,2
GREEDY,2736,18,1,3,22
GREEDY,4131,17,1,2,20
GREEDY,6211,15,2,3,20
STINGY,437,4,0,1,5
STINGY,1343,3,0,1,4
STINGY,1560,1,1,1,3
GREEDY,12188,15,2,4,21
STINGY,1229,4,0,0,4
STINGY,1396,4,0,0,4
GREEDY,3529,19,2,2,23
GREEDY,11758,15,1,3,19
GREEDY,1996,19,2,4,25
STINGY,1910,6,2,0,8
GREEDY,4682,17,0,4,21
GREEDY,2382,12,2,4,18
GREEDY,4586,16,2,3,21
GREEDY,3467,15,2,3,20
GREEDY,2443,19,1,4,24
GREEDY,2784,15,1,3,19
STINGY,1130,3,0,0,3
GREEDY,1817,14,1,4,19
GREEDY,3353,14,2,3,19
GREEDY,2544,16,0,3,19
GREEDY,6751,19,2,1,22
STINGY,1753,0,0,0,0
STINGY,1536,2,1,0,3
GREEDY,3383,15,2,3,20
GREEDY,3179,19,2,3,24
STINGY,1908,5,0,1,6
GREEDY,4360,16,2,4,22
GREEDY,2844,17,1,3,21
STINGY,646,6,0,0,6
GREEDY,3302,16,2,4,22
STINGY,1540,2,0,1,3
STINGY,1428,3,1,1,5
STINGY,1575,4,0,0,4
STINGY,1588,0,1,0,1
GREEDY,1516,13,2,3,18
GREEDY,4414,15,1,3,19
STINGY,1455,0,0,2,2
GREEDY,2425,15,2,3,20
GREEDY,3429,16,1,4,21
STINGY,1779,1,0,0,1
GREEDY,6204,15,1,4,20
GREEDY,4677,14,0,2,16
GREEDY,1954,15,1,3,19
GREEDY,1560,17,2,4,23
STINGY,1325,1,0,0,1
STINGY,1851,1,1,0,2
GREEDY,6113,17,2,3,22
GREEDY,2624,14,2,4,20
STINGY,1120,1,0,1,2
GREEDY,4550,16,1,3,20
STINGY,756,4,0,0,4
GREEDY,2348,14,2,2,18
GREEDY,6956,18,2,1,21
STINGY,1040,4,1,0,5
STINGY,1175,2,0,1,3
GREEDY,3073,14,2,3,19
GREEDY,6073,15,1,2,18
GREEDY,3521,17,1,3,21
STINGY,1254,3,0,0,3
STINGY,1606,2,0,0,2
GREEDY,2443,17,2,4,23
GREEDY,3583,14,1,1,16
GREEDY,7283,14,1,4,19
STINGY,1888,1,0,0,1
GREEDY,5690,15,2,3,20
STINGY,1214,1,1,0,2
STINGY,1025,2,0,2,4
GREEDY,4618,15,2,3,20
GREEDY,6014,15,1,3,19
GREEDY,2822,19,2,3,24
GREEDY,3538,16,1,3,20
STINGY,1250,5,0,0,5
GREEDY,3024,19,1,2,22
GREEDY,2380,18,2,4,24
STINGY,1621,4,2,2,8
GREEDY,6052,16,2,3,21
GREEDY,5678,16,1,2,19
GREEDY,1267,15,2,4,21
GREEDY,3734,13,2,3,18
STINGY,1026,5,2,1,8
STINGY,1791,1,0,2,3
GREEDY,2082,17,2,2,21
STINGY,682,6,0,0,6
STINGY,1285,3,0,1,4
GREEDY,3195,18,2,2,22
GREEDY,1921,17,2,3,22
GREEDY,5539,16,0,3,19
GREEDY,3594,16,0,4,20
GREEDY,1719,15,2,4,21
GREEDY,1468,16,1,4,21
STINGY,1226,5,0,2,7
STINGY,740,7,1,0,8
GREEDY,1499,13,2,4,19
GREEDY,2400,16,2,2,20
STINGY,1853,2,0,0,2
GREEDY,6937,15,2,4,21
STINGY,1144,2,0,2,4
GREEDY,2878,17,2,3,22
STINGY,1472,4,1,1,6
GREEDY,1792,16,2,4,22
STINGY,1362,2,0,0,2
STINGY,1448,3,0,2,5
GREEDY,2148,12,2,3,17
GREEDY,3320,16,1,3,20
STINGY,2180,1,0,1,2
STINGY,1496,2,0,0,2
STINGY,1145,2,1,1,4
STINGY,1595,3,0,1,4
GREEDY,3351,17,2,3,22
STINGY,857,6,0,0,6
STINGY,1327,1,0,0,1
GREEDY,2759,17,1,4,22
STINGY,1593,5,1,0,6
GREEDY,3288,17,2,3,22
GREEDY,2631,17,2,2,21
STINGY,1438,4,1,0,5
GREEDY,3361,11,2,4,17
STINGY,1012,4,0,0,4
STINGY,896,2,0,0,2
STINGY,2276,1,0,0,1
GREEDY,1641,17,1,4,22
STINGY,1329,3,0,0,3
GREEDY,4929,16,1,2,19
GREEDY,2865,17,1,4,22
GREEDY,2624,17,1,3,21
GREEDY,4219,17,2,4,23
STINGY,1432,5,0,0,5
STINGY,1043,3,0,1,4
GREEDY,3660,16,1,3,20
GREEDY,3369,15,2,4,21
GREEDY,7130,16,1,4,21
GREEDY,2754,10,1,4,15
GREEDY,2494,16,2,2,20
STINGY,1591,1,0,2,3
GREEDY,4236,17,2,4,23
STINGY,2121,1,0,0,1
STINGY,980,3,0,1,4
GREEDY,2357,16,2,3,21
GREEDY,3492,16,2,2,20
STINGY,1649,1,0,0,1
STINGY,1773,4,0,0,4
STINGY,1560,2,0,0,2
GREEDY,2192,13,1,4,18
GREEDY,3274,16,2,3,21
GREEDY,8496,17,2,2,21
STINGY,882,3,0,2,5
GREEDY,2807,19,2,2,23
STINGY,1733,2,0,2,4
STINGY,757,4,1,1,6
STINGY,1832,4,0,0,4
GREEDY,4560,15,1,3,19
GREEDY,4010,16,2,4,22
GREEDY,6854,16,1,4,21
GREEDY,2906,13,2,4,19
GREEDY,6526,15,2,3,20
STINGY,471,4,1,2,7
GREEDY,3765,18,1,3,22
STINGY,1390,0,0,1,1
GREEDY,8143,15,2,3,20
STINGY,1480,1,0,1,2
STINGY,1411,5,0,0,5
GREEDY,8734,15,2,4,21
GREEDY,2726,19,2,3,24
GREEDY,1978,16,2,4,22
GREEDY,4440,17,2,3,22
GREEDY,5123,17,2,4,23
GREEDY,1280,14,1,4,19
GREEDY,3067,16,2,4,22
STINGY,1730,4,0,1,5
GREEDY,1936,9,2,4,15
STINGY,1038,3,0,0,3
STINGY,1333,2,0,0,2
GREEDY,1489,14,1,4,19
GREEDY,3084,17,2,2,21
GREEDY,2253,14,2,3,19
GREEDY,4588,17,2,3,22
GREEDY,4960,15,1,4,20
GREEDY,2205,15,1,4,20
GREEDY,2805,17,2,4,23
STINGY,1708,4,1,0,5
GREEDY,4882,17,1,2,20
GREEDY,3885,18,2,3,23
GREEDY,2247,13,0,3,16
STINGY,1763,3,0,1,4
GREEDY,4534,15,2,2,19
STINGY,1534,2,0,1,3
GREEDY,3393,15,2,4,21
GREEDY,3494,17,2,3,22
STINGY,1134,3,0,0,3
STINGY,909,5,0,1,6
GREEDY,3702,16,2,2,20
GREEDY,6928,15,2,4,21
STINGY,1475,1,0,1,2
STINGY,1869,1,1,0,2
GREEDY,5228,18,2,3,23
GREEDY,3821,17,2,2,21
STINGY,1702,2,0,0,2
STINGY,1616,4,0,2,6
STINGY,1210,2,2,1,5
STINGY,1200,2,0,2,4
STINGY,1307,3,0,0,3
GREEDY,7795,17,2,3,22
GREEDY,10187,15,2,4,21
GREEDY,4836,16,1,2,19
GREEDY,6457,17,2,3,22
STINGY,2333,1,0,1,2
STINGY,1249,3,0,0,3
GREEDY,2894,15,2,3,20
GREEDY,7485,16,2,3,21
GREEDY,1396,15,1,3,19
GREEDY,1584,16,2,4,22
STINGY,2548,2,0,2,4
GREEDY,3510,15,2,4,21
GREEDY,1574,19,2,4,25
STINGY,1478,1,0,1,2
STINGY,2531,3,1,0,4
GREEDY,2077,16,2,1,19
STINGY,2273,1,0,2,3
GREEDY,3351,18,2,4,24
STINGY,1947,2,2,0,4
STINGY,1367,4,1,0,5
GREEDY,3270,14,2,3,19
GREEDY,3251,11,1,4,16
GREEDY,2346,14,1,2,17
GREEDY,3233,14,1,4,19
STINGY,1940,5,0,0,5
GREEDY,4529,17,1,2,20
GREEDY,2971,14,1,4,19
GREEDY,5029,18,2,3,23
GREEDY,4912,15,1,3,19
STINGY,1841,4,0,0,4
STINGY,1118,1,2,0,3
STINGY,1422,2,0,0,2
STINGY,608,5,1,1,7
GREEDY,3684,14,2,3,19
GREEDY,4062,17,1,3,21
STINGY,1319,0,0,0,0
STINGY,1118,4,0,0,4
STINGY,625,3,0,0,3
STINGY,1966,3,1,0,4
GREEDY,3394,16,1,2,19
STINGY,737,4,1,0,5
GREEDY,3582,16,2,3,21
STINGY,1021,4,1,1,6
STINGY,1379,5,0,0,5
STINGY,1093,3,0,1,4
STINGY,1406,4,1,1,6
GREEDY,2064,14,2,4,20
GREEDY,6056,17,2,3,22
STINGY,1720,2,0,0,2
GREEDY,2144,15,0,3,18
GREEDY,3009,18,1,4,23
GREEDY,4703,16,2,3,21
STINGY,795,3,1,2,6
GREEDY,15187,16,2,3,21
GREEDY,4408,17,2,4,23
GREEDY,2200,14,2,3,19
GREEDY,4519,18,2,2,22
GREEDY,5253,14,2,3,19
STINGY,2073,0,0,0,0
GREEDY,2888,13,2,4,19
STINGY,1904,2,0,0,2
STINGY,1262,3,0,0,3
STINGY,1608,1,0,1,2
GREEDY,2591,16,2,3,21
STINGY,2267,4,1,3,8
STINGY,552,8,0,0,8
STINGY,1719,6,0,0,6
GREEDY,23459,15,2,3,20
GREEDY,5274,15,2,4,21
GREEDY,3264,14,1,4,19
GREEDY,2921,19,2,3,24
STINGY,1127,3,0,2,5
STINGY,1419,2,0,0,2
GREEDY,8119,14,2,3,19
GREEDY,1077,14,2,3,19
GREEDY,1795,18,1,3,22
STINGY,1654,2,0,0,2
STINGY,839,4,1,3,8
STINGY,1426,6,0,1,7
GREEDY,4298,18,1,2,21
STINGY,1033,2,0,1,3
GREEDY,6177,15,2,3,20
STINGY,1629,2,1,1,4
GREEDY,4548,15,1,3,19
GREEDY,6232,16,1,3,20
STINGY,1026,3,1,1,5
STINGY,2007,3,0,0,3
STINGY,1450,2,1,0,3
GREEDY,4178,16,0,4,20
GREEDY,5049,18,1,3,22
GREEDY,1778,18,1,4,23
GREEDY,1917,15,2,3,20
STINGY,1185,4,1,0,5
STINGY,2034,2,0,1,3
GREEDY,8034,15,1,4,20
STINGY,2066,0,0,0,0
STINGY,1577,3,0,0,3
GREEDY,2495,16,2,2,20
GREEDY,2996,14,1,4,19
GREEDY,5458,15,2,3,20
STINGY,729,4,0,0,4
GREEDY,2425,18,2,4,24
STINGY,2110,2,1,2,5
STINGY,1475,3,1,0,4
GREEDY,3590,16,2,3,21
GREEDY,2684,18,2,3,23
STINGY,2619,1,0,1,2
GREEDY,3199,17,2,3,22
STINGY,1076,2,0,1,3
GREEDY,3811,17,1,2,20
GREEDY,1606,16,1,4,21
STINGY,1644,0,0,0,0
STINGY,976,4,0,2,6
GREEDY,6000,17,2,3,22
GREEDY,4454,16,2,4,22
GREEDY,5328,16,2,3,21
GREEDY,4798,16,2,3,21
STINGY,1033,5,0,0,5
GREEDY,2836,17,2,2,21
STINGY,1806,0,0,2,2
GREEDY,2498,16,1,2,19
STINGY,2071,5,0,2,7
GREEDY,2678,15,1,3,19
GREEDY,4648,14,2,3,19
STINGY,1244,2,0,2,4
STINGY,1018,7,1,2,10
GREEDY,1360,16,2,3,21
STINGY,959,1,0,3,4
GREEDY,3843,15,2,3,20
STINGY,1065,5,0,0,5
GREEDY,6090,17,1,3,21
GREEDY,13194,16,1,2,19
GREEDY,3972,16,1,3,20
STINGY,1740,2,0,0,2
STINGY,2507,3,1,2,6
STINGY,1492,1,0,0,1
STINGY,2077,4,1,0,5
STINGY,1062,2,1,1,4
STINGY,2117,0,0,0,0
STINGY,1688,2,0,0,2
GREEDY,3884,14,2,3,19
STINGY,2144,2,0,0,2
GREEDY,4754,17,1,3,21
STINGY,1075,5,0,0,5
STINGY,1330,3,0,2,5
GREEDY,9244,17,2,3,22
GREEDY,3486,17,2,3,22
STINGY,1220,3,0,0,3
GREEDY,10096,15,2,3,20
GREEDY,4944,18,1,2,21
GREEDY,5050,17,1,4,22
STINGY,2192,1,0,3,4
STINGY,1584,3,0,1,4
GREEDY,5871,17,2,2,21
STINGY,1084,3,1,1,5
GREEDY,6285,19,2,3,24
GREEDY,2514,15,2,4,21
STINGY,1820,4,1,0,5
GREEDY,3481,11,0,4,15
GREEDY,7305,13,2,3,18
GREEDY,5002,17,2,3,22
STINGY,1653,7,0,0,7
GREEDY,1257,6,1,4,11
GREEDY,3205,13,2,4,19
GREEDY,4031,17,2,2,21
STINGY,1699,3,1,1,5
GREEDY,2755,16,1,3,20
GREEDY,9696,13,2,2,17
STINGY,1678,3,1,0,4
STINGY,1895,2,0,0,2
STINGY,1423,4,0,1,5
GREEDY,7821,18,2,3,23
STINGY,1546,3,0,1,4
STINGY,1778,5,0,0,5
GREEDY,4742,15,2,4,21
GREEDY,6319,16,2,2,20
GREEDY,1538,13,2,3,18
GREEDY,1612,16,2,3,21
GREEDY,4282,18,2,3,23
STINGY,1049,1,0,1,2
GREEDY,3529,16,1,3,20
GREEDY,2449,16,2,4,22
GREEDY,4284,15,2,3,20
GREEDY,4488,16,1,3,20
STINGY,1558,2,0,0,2
GREEDY,2799,14,2,4,20
STINGY,1962,2,0,1,3
GREEDY,3205,18,1,1,20
GREEDY,5815,15,1,4,20
GREEDY,785,10,2,4,16
STINGY,2298,2,0,0,2
STINGY,2851,3,2,2,7
STINGY,959,3,0,0,3
STINGY,1502,5,1,3,9
GREEDY,1680,12,1,4,17
STINGY,1287,3,1,1,5
GREEDY,3831,16,1,3,20
GREEDY,1634,16,2,3,21
GREEDY,1529,15,2,2,19
STINGY,1237,3,1,0,4
STINGY,2106,2,0,1,3
GREEDY,2101,15,1,3,19
STINGY,1265,6,0,0,6
GREEDY,2755,17,0,2,19
GREEDY,3151,18,1,3,22
STINGY,2195,6,0,1,7
GREEDY,979,13,1,4,18
GREEDY,1406,13,1,4,18
STINGY,550,6,1,0,7
GREEDY,3004,16,2,1,19
GREEDY,1880,16,2,3,21
GREEDY,4944,18,2,2,22
GREEDY,3483,14,2,2,18
GREEDY,11157,13,2,3,18
GREEDY,4165,13,2,3,18
GREEDY,3642,18,1,3,22
STINGY,1558,1,0,0,1
GREEDY,2883,18,2,2,22
STINGY,1287,1,0,1,2
STINGY,2171,4,1,1,6
STINGY,1243,7,0,1,8
STINGY,1065,2,0,0,2
GREEDY,3244,12,0,3,15
STINGY,1350,2,0,1,3
STINGY,1807,1,1,0,2
GREEDY,3482,20,1,3,24
GREEDY,4891,16,1,2,19
GREEDY,3098,19,2,3,24
GREEDY,3043,17,2,3,22
STINGY,1375,0,0,1,1
GREEDY,25169,14,1,1,16
GREEDY,2523,17,1,4,22
GREEDY,2490,14,1,3,18
GREEDY,2188,19,1,4,24
GREEDY,2274,17,1,3,21
GREEDY,1496,17,2,4,23
GREEDY,2265,18,2,3,23
STINGY,1126,5,1,0,6
GREEDY,5124,16,2,2,20
GREEDY,1874,19,2,3,24
GREEDY,1224,13,2,2,17
STINGY,1501,1,0,0,1
GREEDY,2600,20,2,2,24
GREEDY,2239,17,1,2,20
STINGY,2115,1,0,0,1
GREEDY,1975,17,1,4,22
STINGY,1602,6,0,0,6
STINGY,1356,2,1,1,4
GREEDY,2153,19,2,3,24
GREEDY,3336,15,2,3,20
GREEDY,2239,10,2,4,16
GREEDY,4583,16,0,2,18
GREEDY,6936,15,2,4,21
GREEDY,6207,15,2,4,21
GREEDY,801,10,2,3,15
STINGY,1711,2,1,0,3
STINGY,1377,3,2,1,6
STINGY,1300,1,0,0,1
GREEDY,2124,15,2,2,19
GREEDY,5404,15,2,3,20
GREEDY,2868,14,2,2,18
GREEDY,1409,19,0,3,22
GREEDY,3591,15,1,3,19
STINGY,1787,4,0,1,5
GREEDY,3544,18,2,4,24
GREEDY,5685,17,0,2,19
GREEDY,7925,16,2,2,20
GREEDY,1925,16,1,4,21
STINGY,1548,0,1,1,2
GREEDY,6552,13,1,4,18
STINGY,1362,3,1,0,4
GREEDY,5315,14,2,2,18
GREEDY,4497,13,2,4,19
STINGY,1832,3,0,0,3
GREEDY,2955,17,0,2,19
GREEDY,4708,14,1,4,19
GREEDY,2599,14,2,3,19
STINGY,1600,3,0,0,3
GREEDY,1115,13,2,4,19
GREEDY,4835,17,1,3,21
STINGY,1476,1,1,0,2
STINGY,1107,1,0,1,2
GREEDY,2150,12,2,2,16
STINGY,1032,7,0,1,8
STINGY,1033,6,1,0,7
STINGY,1572,5,1,1,7
STINGY,1470,2,0,0,2
STINGY,2528,1,1,0,2
GREEDY,2516,19,0,4,23
STINGY,1041,3,0,0,3
STINGY,1187,2,0,0,2
STINGY,1892,3,1,0,4
GREEDY,6370,15,2,4,21
STINGY,1529,4,1,2,7
GREEDY,5606,14,2,4,20
GREEDY,1467,16,1,4,21
GREEDY,4381,16,2,4,22
GREEDY,5038,17,1,4,22
GREEDY,3401,15,1,2,18
STINGY,1707,2,0,0,2
GREEDY,2756,15,2,3,20
STINGY,2004,2,0,0,2
GREEDY,2931,16,1,4,21
GREEDY,2123,15,1,2,18
STINGY,1408,1,0,0,1
STINGY,1659,2,0,0,2
STINGY,1968,1,1,0,2
STINGY,1788,1,0,1,2
GREEDY,3828,14,2,3,19
GREEDY,5408,17,1,3,21
GREEDY,3542,19,2,2,23
GREEDY,4190,17,2,2,21
GREEDY,3826,13,2,4,19
STINGY,1324,1,0,0,1
GREEDY,7097,15,1,2,18
STINGY,1725,3,0,0,3
GREEDY,1542,14,2,3,19
GREEDY,2802,19,2,3,24
GREEDY,15529,13,1,3,17
STINGY,2009,0,0,1,1
STINGY,2011,4,0,1,5
GREEDY,1802,16,1,3,20
GREEDY,6094,18,2,2,22
STINGY,1190,3,1,0,4
GREEDY,2826,16,1,3,20
GREEDY,5501,18,1,2,21
GREEDY,2124,14,1,3,18
GREEDY,7542,12,1,3,16
GREEDY,9924,14,1,2,17
GREEDY,4272,18,2,3,23
GREEDY,2521,16,0,2,18
GREEDY,4149,16,2,3,21
GREEDY,3599,16,2,2,20
STINGY,1083,4,0,2,6
STINGY,1853,2,0,0,2
STINGY,1719,1,1,0,2
GREEDY,7515,13,2,2,17
GREEDY,7824,16,2,3,21
GREEDY,8235,16,1,4,21
STINGY,1086,4,0,1,5
GREEDY,1735,13,2,2,17
GREEDY,3083,16,2,3,21
STINGY,1169,1,0,0,1
GREEDY,1508,9,1,4,14
GREEDY,2453,14,2,4,20
GREEDY,1175,13,2,3,18
GREEDY,3844,18,2,3,23
GREEDY,2126,13,2,3,18
GREEDY,2946,16,2,4,22
GREEDY,8718,15,2,3,20
GREEDY,2171,16,1,4,21
GREEDY,2430,17,2,3,22
GREEDY,4111,17,2,3,22
GREEDY,45183,14,2,3,19
STINGY,1844,2,1,0,3
GREEDY,3509,19,2,2,23
GREEDY,2955,17,2,2,21
STINGY,1378,10,1,0,11
GREEDY,2736,15,2,3,20
GREEDY,14813,15,1,2,18
GREEDY,3467,13,2,3,18
STINGY,488,6,0,1,7
STINGY,2089,0,1,1,2
STINGY,2179,4,0,0,4
GREEDY,3045,14,1,3,18
GREEDY,3310,17,1,3,21
GREEDY,2814,18,1,2,21
GREEDY,4841,17,2,3,22
GREEDY,5158,18,2,4,24
GREEDY,3441,13,1,4,18
STINGY,1872,3,1,1,5
GREEDY,885,18,2,4,24
GREEDY,5333,13,2,2,17
GREEDY,2121,10,2,4,16
GREEDY,3149,16,1,4,21
GREEDY,1154,14,1,2,17
GREEDY,8882,15,2,3,20
GREEDY,3100,16,1,4,21
GREEDY,3125,14,1,3,18
STINGY,1775,1,0,0,1
GREEDY,1704,17,2,3,22
GREEDY,1150,11,2,3,16
STINGY,1140,5,2,0,7
STINGY,1695,3,0,0,3
GREEDY,2955,18,1,4,23
STINGY,1740,2,0,0,2
STINGY,1359,4,1,1,6
GREEDY,3633,19,0,3,22
GREEDY,2843,15,2,2,19
GREEDY,1833,15,2,3,20
STINGY,582,2,2,2,6
GREEDY,4422,16,2,4,22
GREEDY,4491,17,2,3,22
GREEDY,3399,15,1,3,19
STINGY,1610,2,1,0,3
GREEDY,1186,14,1,3,18
GREEDY,2631,14,2,2,18
STINGY,1349,2,0,0,2
STINGY,1286,4,1,0,5
STINGY,2050,0,0,0,0
GREEDY,4067,14,2,4,20
GREEDY,3716,16,1,2,19
GREEDY,1355,12,2,4,18
GREEDY,1105,12,0,4,16
GREEDY,18337,13,2,2,17
STINGY,1826,0,0,1,1
GREEDY,2382,13,2,3,18
GREEDY,5834,16,1,3,20
GREEDY,1436,15,1,4,20
GREEDY,2742,15,2,3,20
STINGY,1944,3,1,0,4
GREEDY,2126,12,2,3,17
STINGY,2498,4,1,2,7
STINGY,1662,6,0,1,7
STINGY,1036,5,0,0,5
STINGY,1347,3,1,0,4
GREEDY,12214,16,1,3,20
GREEDY,4859,15,1,4,20
GREEDY,3727,17,0,3,20
GREEDY,6798,17,1,2,20
GREEDY,3897,14,2,3,19
GREEDY,4166,14,2,4,20
GREEDY,2312,16,2,4,22
GREEDY,6358,15,0,4,19
GREEDY,1959,15,1,4,20
STINGY,1641,3,1,0,4
STINGY,1685,4,0,1,5
GREEDY,7222,17,1,4,22
GREEDY,3511,15,2,4,21
GREEDY,2937,16,2,3,21
GREEDY,5658,14,2,4,20
GREEDY,3069,16,2,4,22
STINGY,1817,3,2,2,7
GREEDY,3315,16,1,4,21
GREEDY,2752,16,2,4,22
GREEDY,10846,15,1,1,17
GREEDY,4761,17,2,4,23
STINGY,1905,4,0,0,4
GREEDY,2091,16,2,3,21
STINGY,1912,2,0,2,4
GREEDY,7847,16,2,3,21
GREEDY,3109,17,1,3,21
GREEDY,2994,17,2,2,21
GREEDY,4341,16,2,4,22
STINGY,1791,2,1,0,3
GREEDY,3727,13,2,3,18
STINGY,1555,2,2,0,4
STINGY,396,7,0,1,8
STINGY,973,3,0,1,4
STINGY,1980,2,1,0,3
STINGY,1297,5,0,0,5
GREEDY,3063,19,2,4,25
GREEDY,6713,15,1,2,18
STINGY,1667,1,0,0,1
GREEDY,1659,19,2,3,24
STINGY,1368,3,0,0,3
GREEDY,2145,17,2,3,22
GREEDY,3847,14,2,4,20
GREEDY,3916,16,2,3,21
GREEDY,6309,16,1,4,21
GREEDY,804,13,1,4,18
STINGY,1433,2,0,0,2
GREEDY,4488,18,2,3,23
GREEDY,2530,17,2,4,23
STINGY,1020,3,2,1,6
STINGY,1998,5,0,1,6
GREEDY,3270,16,2,3,21
STINGY,1003,2,0,1,3
GREEDY,2372,12,2,4,18
STINGY,1677,2,0,0,2
STINGY,1416,2,0,3,5
GREEDY,1091,21,0,3,24
STINGY,849,6,1,1,8
STINGY,1575,4,1,0,5
STINGY,2142,2,0,1,3
GREEDY,2111,19,2,2,23
GREEDY,5895,16,2,2,20
GREEDY,3024,18,2,4,24
STINGY,1738,3,0,1,4
GREEDY,3791,14,2,4,20
STINGY,819,4,0,1,5
STINGY,1211,2,1,1,4
GREEDY,1869,16,2,4,22
STINGY,1696,1,0,2,3
STINGY,1132,8,0,0,8
STINGY,1422,3,0,0,3
GREEDY,2812,12,2,4,18
GREEDY,2733,20,1,3,24
STINGY,1710,2,1,0,3
GREEDY,3144,17,2,4,23
GREEDY,6601,16,1,3,20
STINGY,1237,5,1,1,7
GREEDY,5978,16,1,2,19
GREEDY,5124,16,1,4,21
STINGY,1504,2,1,1,4
GREEDY,2419,13,1,4,18
GREEDY,2407,19,1,4,24
STINGY,1386,2,1,3,6
STINGY,1476,3,0,2,5
STINGY,1797,2,0,0,2
GREEDY,29141,15,2,2,19
STINGY,1376,2,0,0,2
GREEDY,8377,16,2,2,20
GREEDY,987,16,0,1,17
GREEDY,1442,17,1,4,22
GREEDY,4243,13,2,4,19
STINGY,1252,3,0,0,3
STINGY,1776,2,0,1,3
GREEDY,3657,15,0,3,18
STINGY,1174,4,1,0,5
GREEDY,4162,16,2,4,22
STINGY,1551,6,1,3,10
GREEDY,5172,16,2,3,21
GREEDY,2438,15,1,3,19
STINGY,1212,6,0,1,7
GREEDY,4178,16,2,1,19
GREEDY,3723,16,2,3,21
STINGY,775,3,1,1,5
GREEDY,4654,18,1,3,22
STINGY,2096,2,1,1,4
STINGY,1620,2,0,1,3
STINGY,1483,1,0,1,2
STINGY,1870,2,1,1,4
GREEDY,2236,17,1,4,22
STINGY,1687,2,0,1,3
GREEDY,7063,17,2,3,22
STINGY,668,6,0,0,6
GREEDY,4541,14,2,2,18
GREEDY,2087,17,1,3,21
GREEDY,17965,15,1,2,18
STINGY,1447,2,0,2,4
STINGY,988,3,0,1,4
STINGY,1673,4,0,0,4
STINGY,1562,3,0,0,3
GREEDY,4018,17,1,2,20
GREEDY,3469,17,2,1,20
GREEDY,2976,16,1,3,20
GREEDY,3604,15,2,2,19
STINGY,73439,9,0,1,10
GREEDY,1568,15,1,3,19
GREEDY,4467,14,1,3,18
STINGY,678,6,1,0,7
STINGY,953,2,0,0,2
GREEDY,2753,14,0,3,17
STINGY,1377,5,0,0,5
STINGY,1798,1,0,1,2
GREEDY,4249,17,1,3,21
STINGY,456,8,0,0,8
GREEDY,3676,17,2,3,22
STINGY,1091,4,1,2,7
STINGY,1215,3,1,2,6
GREEDY,1694,12,2,4,18
GREEDY,8889,14,1,4,19
GREEDY,4588,16,2,2,20
GREEDY,2974,18,2,4,24
STINGY,45215,11,1,2,14
GREEDY,3254,14,2,3,19
GREEDY,1638,18,2,4,24
STINGY,1040,3,0,3,6
GREEDY,6348,18,1,2,21
GREEDY,3257,13,1,4,18
GREEDY,7514,14,1,3,18
STINGY,1811,2,0,1,3
GREEDY,2699,19,2,3,24
GREEDY,2270,14,0,4,18
STINGY,839,3,0,0,3
GREEDY,4627,17,0,3,20
GREEDY,2419,16,2,4,22
GREEDY,6344,15,2,3,20
GREEDY,2737,16,2,3,21
GREEDY,3043,16,2,3,21
STINGY,1914,1,0,0,1
GREEDY,1430,16,2,4,22
GREEDY,4387,17,2,3,22
GREEDY,4063,15,2,2,19
GREEDY,13531,15,1,3,19
GREEDY,2558,18,2,2,22
GREEDY,2863,14,1,3,18
STINGY,2554,3,0,0,3
STINGY,1056,6,1,0,7
STINGY,1162,3,0,1,4
STINGY,1570,3,1,0,4
GREEDY,1854,15,1,3,19
STINGY,1459,4,0,1,5
GREEDY,3094,17,1,3,21
STINGY,928,5,0,0,5
GREEDY,3008,18,1,3,22
GREEDY,3094,17,2,3,22
STINGY,2324,3,0,0,3
GREEDY,5126,16,2,2,20
GREEDY,5605,18,2,3,23
GREEDY,4260,17,2,3,22
STINGY,1028,3,0,1,4
STINGY,1870,5,1,2,8
GREEDY,5573,17,1,2,20
STINGY,1006,7,1,1,9
GREEDY,3438,17,2,4,23
GREEDY,6719,14,2,3,19
STINGY,1795,0,0,0,0
GREEDY,16424,15,1,3,19
STINGY,1519,5,0,0,5
GREEDY,1754,17,1,4,22
GREEDY,4055,16,1,4,21
STINGY,815,4,0,0,4
STINGY,1642,1,0,0,1
GREEDY,3394,17,2,2,21
STINGY,2096,0,0,0,0
STINGY,2041,3,0,1,4
STINGY,1776,4,0,1,5
GREEDY,2202,18,2,3,23
GREEDY,5290,15,2,2,19
STINGY,1123,4,0,1,5
GREEDY,5357,18,2,2,22
GREEDY,3321,17,2,4,23
STINGY,1772,2,0,0,2
STINGY,1258,5,1,0,6
GREEDY,3832,13,2,3,18
GREEDY,7284,13,1,4,18
STINGY,1708,2,0,1,3
GREEDY,292,12,1,4,17
STINGY,1307,2,1,3,6
STINGY,1447,5,0,0,5
STINGY,2307,0,0,0,0
GREEDY,2924,16,2,4,22
STINGY,1559,2,0,0,2
STINGY,1167,2,1,0,3
STINGY,754,3,1,1,5
GREEDY,4357,18,2,2,22
GREEDY,5400,15,2,3,20
STINGY,1510,4,1,0,5
GREEDY,3172,18,2,3,23
STINGY,1922,3,2,1,6
STINGY,1466,5,1,0,6
GREEDY,4488,15,2,4,21
STINGY,2001,2,0,1,3
GREEDY,2862,13,2,4,19
GREEDY,5948,15,1,3,19
STINGY,2780,3,1,2,6
STINGY,1219,2,0,2,4
GREEDY,2669,13,2,4,19
GREEDY,2555,15,2,4,21
STINGY,1939,4,1,0,5
GREEDY,5325,16,1,3,20
STINGY,1379,2,1,0,3
GREEDY,4727,15,2,4,21
GREEDY,2791,16,1,2,19
STINGY,831,2,1,2,5
STINGY,866,5,1,2,8
GREEDY,2702,14,2,2,18
GREEDY,14088,16,1,3,20
STINGY,2128,2,0,0,2
STINGY,1235,4,1,0,5
GREEDY,7538,13,1,3,17
GREEDY,2924,18,0,3,21
STINGY,965,1,1,0,2
GREEDY,3270,16,1,3,20
GREEDY,5257,14,2,4,20
STINGY,1162,3,1,1,5
GREEDY,6746,19,2,3,24
GREEDY,6245,17,2,3,22
STINGY,1998,0,0,3,3
GREEDY,2438,21,0,3,24
GREEDY,1388,16,2,3,21
STINGY,993,3,1,1,5
GREEDY,7938,15,2,1,18
GREEDY,566,15,1,2,18
STINGY,811,3,0,2,5
STINGY,1610,1,0,1,2
GREEDY,1942,16,1,3,20
GREEDY,7026,18,1,2,21
GREEDY,1609,14,2,3,19
GREEDY,2479,13,1,3,17
GREEDY,4965,13,2,3,18
GREEDY,4115,14,1,4,19
STINGY,316,6,0,1,7
STINGY,692,6,0,0,6
STINGY,1556,0,0,1,1
GREEDY,2119,17,1,2,20
STINGY,1873,4,0,1,5
GREEDY,3431,18,1,2,21
STINGY,1653,0,0,0,0
STINGY,1974,2,0,0,2
GREEDY,1082,11,1,3,15
GREEDY,3213,14,2,2,18
GREEDY,5503,17,2,2,21
STINGY,1266,6,0,2,8
GREEDY,5867,14,2,2,18
GREEDY,4794,14,2,4,20
GREEDY,3879,11,2,2,15
GREEDY,4983,16,2,3,21
STINGY,1315,2,0,0,2
GREEDY,3588,19,1,3,23
GREEDY,2027,14,2,4,20
GREEDY,1243,15,2,3,20
GREEDY,4527,18,1,3,22
GREEDY,2435,17,2,3,22
GREEDY,2509,15,2,3,20
GREEDY,3965,16,1,2,19
STINGY,1269,3,1,0,4
GREEDY,2320,14,2,4,20
GREEDY,3623,18,2,2,22
STINGY,1408,1,0,1,2
GREEDY,8944,14,2,4,20
STINGY,1760,2,0,0,2
STINGY,381,6,0,0,6
GREEDY,1369,19,1,3,23
GREEDY,5271,15,1,4,20
GREEDY,1921,16,2,4,22
STINGY,1325,3,0,1,4
STINGY,1990,0,1,0,1
STINGY,1856,1,0,3,4
STINGY,1289,4,0,1,5
GREEDY,3550,16,2,4,22
GREEDY,5639,17,2,3,22
GREEDY,4262,18,1,4,23
GREEDY,2349,14,1,4,19
GREEDY,10910,15,2,3,20
STINGY,957,7,1,0,8
STINGY,1293,4,0,2,6
GREEDY,6193,14,2,3,19
STINGY,1672,3,0,1,4
STINGY,1808,2,0,1,3
GREEDY,1972,15,1,3,19
GREEDY,1824,11,2,4,17
STINGY,1375,2,0,0,2
GREEDY,2155,16,1,4,21
GREEDY,3603,15,2,4,21
GREEDY,4116,15,2,2,19
GREEDY,3496,16,2,4,22
STINGY,2346,3,0,1,4
GREEDY,4134,17,2,3,22
STINGY,2300,2,1,1,4
GREEDY,1237,16,2,3,21
GREEDY,5439,14,2,3,19
GREEDY,5693,13,1,4,18
STINGY,1184,3,1,0,4
GREEDY,3782,18,2,3,23
STINGY,1749,3,0,1,4
STINGY,1566,3,0,0,3
GREEDY,6550,17,1,2,20
STINGY,1682,1,0,0,1
STINGY,1413,1,1,0,2
GREEDY,1347,16,1,4,21
GREEDY,4302,17,1,3,21
STINGY,1495,1,0,0,1
STINGY,1342,2,0,1,3
GREEDY,1677,13,2,4,19
GREEDY,2069,18,1,4,23
STINGY,1446,4,0,0,4
GREEDY,2718,18,2,3,23
GREEDY,3920,19,2,3,24
STINGY,2109,4,0,0,4
STINGY,1525,3,0,0,3
STINGY,1306,5,0,0,5
GREEDY,2306,14,2,4,20
GREEDY,6655,14,1,3,18
GREEDY,9108,15,1,3,19
GREEDY,2836,15,2,3,20
GREEDY,5364,18,1,3,22
STINGY,1622,3,0,2,5
GREEDY,3046,17,2,3,22
STINGY,1603,0,0,2,2
GREEDY,4445,15,2,1,18
STINGY,810,3,0,0,3
GREEDY,2182,16,2,3,21
GREEDY,2694,16,1,1,18
STINGY,2098,3,1,0,4
GREEDY,2205,17,1,4,22
GREEDY,2247,17,2,4,23
GREEDY,5804,14,2,3,19
STINGY,1517,2,0,1,3
GREEDY,1596,16,2,3,21
STINGY,1112,2,0,0,2
GREEDY,3322,18,2,4,24
GREEDY,6010,15,2,3,20
GREEDY,3942,17,2,4,23
STINGY,1576,2,0,0,2
GREEDY,5266,16,1,2,19
GREEDY,2931,13,2,4,19
GREEDY,2284,15,1,3,19
GREEDY,3194,20,2,3,25
STINGY,2316,0,1,0,1
GREEDY,2421,17,1,4,22
GREEDY,4092,15,1,2,18
GREEDY,1634,18,1,3,22
GREEDY,1926,15,1,4,20
GREEDY,1154,19,2,3,24
STINGY,1637,3,0,0,3
STINGY,1139,4,0,1,5
GREEDY,5501,15,1,2,18
GREEDY,2344,17,2,4,23
STINGY,925,5,0,0,5
GREEDY,2627,16,1,3,20
STINGY,963,4,1,1,6
GREEDY,4410,17,1,3,21
GREEDY,3726,19,1,4,24
STINGY,1214,6,1,0,7
STINGY,866,3,0,0,3
GREEDY,3530,15,2,4,21
STINGY,1758,1,0,1,2
GREEDY,3946,16,2,4,22
GREEDY,3548,16,1,4,21
GREEDY,6505,15,1,3,19
GREEDY,2430,14,2,3,19
GREEDY,3452,15,1,2,18
STINGY,1934,1,0,1,2
GREEDY,3746,17,2,2,21
STINGY,2238,4,0,2,6
GREEDY,2853,14,1,3,18
GREEDY,6415,16,1,2,19
GREEDY,1764,18,2,3,23
GREEDY,2557,18,2,2,22
STINGY,972,1,0,1,2
GREEDY,3367,16,0,4,20
STINGY,1144,3,0,1,4
GREEDY,2250,15,2,4,21
GREEDY,4551,17,1,4,22
GREEDY,5841,16,1,3,20
GREEDY,6541,17,2,1,20
STINGY,1331,2,1,0,3
STINGY,1634,2,0,0,2
GREEDY,10465,16,2,3,21
STINGY,1802,1,0,0,1
GREEDY,2724,18,2,2,22
GREEDY,6218,17,2,4,23
GREEDY,3292,11,1,2,14
GREEDY,1386,13,1,4,18
STINGY,1239,3,1,1,5
GREEDY,4478,15,1,3,19
GREEDY,1675,16,2,4,22
GREEDY,4979,16,2,2,20
GREEDY,2482,15,2,3,20
STINGY,1320,2,0,0,2
STINGY,1866,1,0,0,1
STINGY,1660,0,0,1,1
STINGY,777,3,2,1,6
GREEDY,1792,10,2,3,15
GREEDY,3071,16,1,4,21
GREEDY,6936,18,1,3,22
GREEDY,5107,15,2,2,19
GREEDY,4815,17,1,3,21
GREEDY,2571,16,0,4,20
GREEDY,3484,16,2,3,21
STINGY,1456,2,1,3,6
GREEDY,3633,14,1,4,19
STINGY,1891,2,1,0,3
STINGY,1940,4,1,0,5
GREEDY,2937,17,1,4,22
GREEDY,3955,12,1,4,17
STINGY,1519,2,0,1,3
GREEDY,5995,16,2,3,21
GREEDY,3772,16,2,3,21
GREEDY,11110,14,2,4,20
STINGY,1760,1,0,1,2
GREEDY,785,13,2,4,19
GREEDY,2724,17,1,4,22
GREEDY,4707,17,2,4,23
GREEDY,1134,16,1,3,20
STINGY,1426,2,1,0,3
GREEDY,2952,15,2,2,19
GREEDY,2569,18,2,3,23
STINGY,1789,6,2,0,8
GREEDY,6034,17,2,4,23
GREEDY,3538,16,2,2,20
GREEDY,3279,17,2,3,22
GREEDY,8170,12,2,4,18
GREEDY,4374,13,2,4,19
STINGY,626,3,0,1,4
GREEDY,3270,13,2,3,18
GREEDY,3327,16,2,1,19
STINGY,1494,1,0,0,1
GREEDY,3362,15,1,3,19
STINGY,1145,5,0,1,6
STINGY,1354,1,0,0,1
STINGY,516,3,0,2,5
STINGY,2109,1,2,0,3
STINGY,1697,3,0,1,4
GREEDY,4916,15,1,3,19
GREEDY,6941,15,2,4,21
GREEDY,6440,14,1,3,18
STINGY,1912,2,0,0,2
STINGY,1325,3,0,1,4
GREEDY,3546,17,2,3,22
GREEDY,4038,15,1,3,19
STINGY,1348,1,0,1,2
GREEDY,5370,15,0,2,17
STINGY,1321,3,0,2,5
STINGY,2156,5,2,0,7
STINGY,1541,4,0,1,5
GREEDY,4721,17,2,3,22
GREEDY,2414,16,2,2,20
STINGY,1860,1,0,2,3
GREEDY,1598,14,2,3,19
STINGY,935,6,0,3,9
GREEDY,3882,15,2,4,21
STINGY,2273,4,0,1,5
GREEDY,2841,15,2,3,20
GREEDY,2218,17,2,3,22
STINGY,1052,6,0,0,6
GREEDY,3622,13,2,3,18
GREEDY,4442,18,1,2,21
GREEDY,1617,17,1,3,21
STINGY,1345,3,1,0,4
GREEDY,4344,13,2,4,19
STINGY,1583,1,0,0,1
STINGY,1930,0,0,0,0
STINGY,39898,8,0,2,10
GREEDY,3381,18,1,3,22
GREEDY,4358,13,2,3,18
STINGY,1146,4,0,0,4
GREEDY,3821,19,0,3,22
STINGY,848,5,0,0,5
STINGY,1504,2,0,1,3
GREEDY,1897,20,0,3,23
STINGY,1354,1,0,0,1
GREEDY,843,18,1,4,23
GREEDY,6205,14,2,3,19
GREEDY,5098,16,2,3,21
GREEDY,5138,17,2,4,23
STINGY,1290,2,0,0,2
GREEDY,1315,16,2,2,20
GREEDY,725,9,1,4,14
GREEDY,2425,17,2,4,23
STINGY,1214,6,0,2,8
STINGY,1054,6,1,1,8
GREEDY,3696,18,1,3,22
GREEDY,4033,18,2,3,23
GREEDY,2809,16,1,4,21
GREEDY,3796,17,2,4,23
GREEDY,3661,16,1,4,21
STINGY,1250,1,1,0,2
GREEDY,2523,16,2,1,19
STINGY,541,6,0,1,7
GREEDY,2861,20,2,3,25
STINGY,896,3,1,1,5
STINGY,2120,3,0,2,5
GREEDY,2954,12,1,4,17
STINGY,480,8,0,1,9
GREEDY,6108,14,2,2,18
STINGY,768,4,0,0,4
GREEDY,1912,15,2,2,19
STINGY,906,5,0,0,5
STINGY,1713,2,0,0,2
GREEDY,9153,18,2,2,22
STINGY,2236,3,1,1,5
STINGY,1567,2,0,0,2
STINGY,1173,2,0,0,2
GREEDY,1094,18,1,2,21
STINGY,1350,4,0,0,4
GREEDY,4658,16,2,3,21
GREEDY,4880,18,2,3,23
GREEDY,636,12,2,4,18
STINGY,1564,4,0,0,4
STINGY,1460,3,0,3,6
STINGY,1489,3,0,0,3
GREEDY,2515,14,1,4,19
STINGY,1349,2,0,0,2
STINGY,782,4,1,0,5
GREEDY,4910,15,2,4,21
STINGY,1764,0,0,0,0
STINGY,1148,6,0,0,6
GREEDY,4297,18,2,2,22
GREEDY,4370,16,2,4,22
STINGY,897,5,0,0,5
GREEDY,5310,15,2,2,19
GREEDY,2789,14,2,4,20
STINGY,1104,3,0,1,4
GREEDY,3941,17,2,3,22
GREEDY,3845,18,0,3,21
STINGY,676,5,0,2,7
GREEDY,1528,9,2,4,15
GREEDY,3542,16,2,4,22
GREEDY,3228,15,1,4,20
GREEDY,2084,17,2,4,23
STINGY,3134,4,1,1,6
GREEDY,2673,18,1,2,21
STINGY,1715,1,0,1,2
STINGY,1306,2,0,0,2
STINGY,1626,3,2,0,5
STINGY,987,4,0,1,5
GREEDY,10443,15,1,3,19
GREEDY,1816,11,2,4,17
STINGY,1190,1,0,2,3
GREEDY,1441,14,1,4,19
STINGY,1293,3,0,0,3
GREEDY,3620,14,2,3,19
GREEDY,2481,15,0,2,17
STINGY,2014,7,1,1,9
GREEDY,2592,18,2,1,21
STINGY,930,5,0,2,7
GREEDY,6662,16,1,3,20
STINGY,2048,2,0,1,3
GREEDY,2754,15,2,3,20
GREEDY,2062,19,2,3,24
STINGY,1637,1,0,1,2
STINGY,1116,3,1,0,4
GREEDY,4718,18,2,4,24
GREEDY,3796,18,1,4,23
GREEDY,2422,15,1,4,20
GREEDY,5031,17,1,2,20
GREEDY,2538,13,1,4,18
STINGY,2162,2,0,0,2
STINGY,1627,1,0,0,1
GREEDY,3516,14,1,3,18
STINGY,1442,3,1,1,5
GREEDY,5885,15,2,3,20
GREEDY,3125,16,2,2,20
GREEDY,5556,13,2,3,18
GREEDY,3670,15,2,4,21
STINGY,1510,3,1,2,6
GREEDY,5418,15,1,4,20
GREEDY,4718,17,2,3,22
GREEDY,1766,12,2,3,17
GREEDY,1567,17,2,3,22
STINGY,738,2,1,2,5
GREEDY,4465,18,0,4,22
GREEDY,3076,12,1,4,17
GREEDY,2519,13,2,4,19
GREEDY,3152,15,1,4,20
STINGY,2048,1,1,0,2
GREEDY,19122,13,2,3,18
STINGY,913,3,0,0,3
GREEDY,3295,14,1,3,18
GREEDY,2795,15,1,3,19
GREEDY,3610,17,2,3,22
STINGY,935,4,0,1,5
GREEDY,9168,16,2,4,22
STINGY,2149,3,0,3,6
GREEDY,3973,19,1,3,23
STINGY,1137,4,0,0,4
STINGY,1641,2,0,0,2
GREEDY,4721,16,2,2,20
STINGY,2019,1,0,0,1
GREEDY,9198,17,2,2,21
STINGY,2135,0,1,0,1
GREEDY,2739,12,2,4,18
GREEDY,2850,12,2,4,18
GREEDY,4597,19,2,3,24
GREEDY,4999,18,1,3,22
STINGY,1400,5,0,1,6
STINGY,1920,2,0,0,2
GREEDY,2728,12,2,4,18
STINGY,1634,2,0,0,2
GREEDY,4587,17,1,3,21
GREEDY,4756,17,2,4,23
STINGY,868,4,0,0,4
STINGY,1098,3,0,0,3
GREEDY,3870,14,1,4,19
GREEDY,3329,16,2,4,22
GREEDY,9604,15,2,2,19
GREEDY,2405,16,2,3,21
STINGY,1730,2,0,1,3
STINGY,992,3,0,2,5
GREEDY,4820,16,1,4,21
GREEDY,2834,16,2,3,21
GREEDY,4455,17,2,3,22
GREEDY,1163,14,1,4,19
GREEDY,2673,14,2,4,20
STINGY,1631,4,0,2,6
GREEDY,5590,17,2,2,21
STINGY,1595,1,2,1,4
STINGY,1290,2,0,1,3
STINGY,2111,0,0,0,0
GREEDY,1797,15,0,4,19
STINGY,2271,0,0,1,1
STINGY,952,3,0,0,3
GREEDY,7560,13,1,3,17
STINGY,2394,0,1,0,1
STINGY,2342,1,0,1,2
STINGY,52376,7,1,1,9
STINGY,1016,5,2,0,7
GREEDY,2552,14,1,4,19
GREEDY,4634,16,2,2,20
STINGY,2003,2,0,1,3
STINGY,944,4,2,1,7
GREEDY,1911,15,0,3,18
GREEDY,3341,16,1,3,20
GREEDY,686,16,0,4,20
STINGY,1511,2,0,1,3
GREEDY,5082,18,1,4,23
STINGY,1242,3,0,0,3
GREEDY,1802,11,2,4,17
GREEDY,2607,15,2,4,21
GREEDY,3579,17,0,3,20
GREEDY,6817,15,2,3,20
GREEDY,2470,14,2,3,19
GREEDY,1789,17,2,4,23
GREEDY,6226,18,2,4,24
STINGY,2011,1,0,1,2
STINGY,1316,1,0,2,3
GREEDY,2341,14,2,3,19
STINGY,1720,2,0,1,3
GREEDY,4257,16,1,1,18
GREEDY,5275,14,2,3,19
GREEDY,3878,12,2,3,17
STINGY,1333,6,1,1,8
GREEDY,2963,15,0,2,17
STINGY,1248,2,0,1,3
STINGY,914,3,1,0,4
STINGY,1444,2,1,2,5
GREEDY,4377,18,2,2,22
STINGY,2040,1,1,1,3
GREEDY,3087,14,2,4,20
STINGY,1317,1,1,0,2
GREEDY,2109,17,2,3,22
STINGY,2060,3,0,0,3
GREEDY,3116,17,0,4,21
STINGY,1564,3,0,1,4
STINGY,926,2,0,2,4
GREEDY,2554,15,2,3,20
STINGY,1208,3,1,1,5
GREEDY,3717,12,2,4,18
GREEDY,1163,12,2,4,18
GREEDY,3504,14,1,3,18
STINGY,1308,6,1,1,8
STINGY,900,4,0,1,5
STINGY,1427,4,0,0,4
GREEDY,6877,17,2,3,22
GREEDY,3867,11,1,4,16
GREEDY,3702,16,2,3,21
STINGY,1773,4,1,0,5
GREEDY,2061,14,2,4,20
GREEDY,2009,10,1,4,15
GREEDY,2886,18,0,3,21
STINGY,1028,5,1,0,6
STINGY,2574,3,0,1,4
GREEDY,2544,19,2,3,24
STINGY,293,5,0,1,6
GREEDY,4279,17,2,3,22
STINGY,872,5,0,0,5
STINGY,1222,5,1,2,8
GREEDY,3216,18,2,2,22
STINGY,1462,1,0,1,2
STINGY,1458,2,0,0,2
STINGY,1422,1,0,1,2
STINGY,1072,3,0,0,3
STINGY,1978,1,0,1,2
STINGY,2311,1,0,1,2
GREEDY,2346,20,1,3,24
GREEDY,5099,16,2,4,22
GREEDY,1148,15,1,3,19
GREEDY,2302,15,2,3,20
STINGY,1777,2,1,1,4
GREEDY,9753,12,1,3,16
STINGY,1100,2,1,1,4
STINGY,1924,1,0,1,2
STINGY,1646,1,0,0,1
GREEDY,1827,16,1,2,19
GREEDY,6062,16,1,4,21
STINGY,2041,3,0,2,5
GREEDY,5434,18,2,4,24
GREEDY,3094,17,2,2,21
GREEDY,3926,16,2,3,21
GREEDY,8550,15,2,2,19
GREEDY,4055,19,2,1,22
GREEDY,1651,17,0,3,20
GREEDY,605,9,2,3,14
GREEDY,2741,15,1,3,19
GREEDY,9459,11,2,4,17
GREEDY,2541,17,2,3,22
GREEDY,2377,18,1,3,22
GREEDY,2460,17,1,4,22
GREEDY,1657,10,2,4,16
STINGY,2264,1,0,1,2
GREEDY,5322,18,2,3,23
GREEDY,3937,16,2,3,21
GREEDY,3284,17,1,2,20
GREEDY,5588,17,2,2,21
STINGY,1090,3,1,0,4
GREEDY,3935,14,2,1,17
STINGY,1444,1,1,0,2
STINGY,1246,6,0,0,6
GREEDY,6719,15,2,2,19
GREEDY,894,8,0,4,12
GREEDY,2258,14,1,4,19
STINGY,1412,2,0,1,3
STINGY,1639,5,0,1,6
STINGY,1594,2,0,0,2
GREEDY,3729,16,2,4,22
GREEDY,3495,19,1,1,21
GREEDY,5178,16,0,3,19
GREEDY,2626,16,2,3,21
GREEDY,2496,15,2,4,21
GREEDY,1396,12,2,4,18
GREEDY,4753,16,2,4,22
GREEDY,920,8,1,4,13
GREEDY,2790,16,2,3,21
GREEDY,5989,16,2,3,21
GREEDY,4937,19,2,1,22
STINGY,1898,1,1,1,3
GREEDY,798,13,2,4,19
STINGY,898,2,1,0,3
STINGY,1839,5,1,1,7
GREEDY,899,12,2,4,18
STINGY,1496,3,0,0,3
GREEDY,5283,17,1,3,21
STINGY,1017,3,0,0,3
GREEDY,4836,16,2,3,21
STINGY,1401,1,0,2,3
GREEDY,2442,11,2,4,17
STINGY,709,5,0,0,5
GREEDY,5478,16,1,2,19
GREEDY,3277,15,2,3,20
GREEDY,5780,18,2,3,23
STINGY,1322,2,1,0,3
GREEDY,2075,13,2,3,18
GREEDY,1991,14,1,3,18
STINGY,1159,4,2,1,7
STINGY,1976,1,0,0,1
GREEDY,3763,15,1,4,20
STINGY,1986,1,0,0,1
GREEDY,2849,17,2,4,23
STINGY,1966,4,0,0,4
GREEDY,2212,15,1,4,20
STINGY,1951,5,0,1,6
STINGY,805,4,0,1,5
GREEDY,6201,14,1,4,19
GREEDY,2563,17,2,1,20
STINGY,1529,4,0,0,4
STINGY,1198,3,1,1,5
GREEDY,2624,17,2,2,21
STINGY,1594,3,0,1,4
GREEDY,3703,18,1,3,22
GREEDY,1341,14,2,3,19
GREEDY,2577,16,1,4,21
STINGY,726,2,0,1,3
STINGY,1823,6,1,0,7
GREEDY,299,10,2,3,15
GREEDY,11384,16,1,2,19
STINGY,1457,3,0,1,4
GREEDY,2517,20,1,2,23
GREEDY,4587,14,2,4,20
STINGY,1367,3,1,1,5
STINGY,1288,4,0,0,4
STINGY,1479,5,1,2,8
STINGY,301,8,1,1,10
GREEDY,3502,13,2,3,18
STINGY,1217,5,0,0,5
STINGY,646,2,1,0,3
GREEDY,11804,13,2,2,17
STINGY,1523,1,0,0,1
GREEDY,2290,15,1,4,20
GREEDY,5166,16,1,2,19
STINGY,563,3,2,2,7
GREEDY,5963,19,2,3,24
STINGY,1191,4,0,1,5
