strategy,money,countries,utilities,stations,totalLandsOwned
STATION_GUY,38169,12,0,4,16
UTILITY_GUY,1096,5,0,1,6
STATION_GUY,1447,7,0,4,11
UTILITY_GUY,1022,7,0,1,8
STATION_GUY,710,4,0,4,8
UTILITY_GUY,13407,13,1,1,15
UTILITY_GUY,34391,11,0,1,12
STATION_GUY,3982,10,1,2,13
STATION_GUY,39216,10,1,3,14
STATION_GUY,4345,10,0,4,14
STATION_GUY,22873,12,1,3,16
UTILITY_GUY,1356,4,0,0,4
STATION_GUY,1226,5,1,4,10
UTILITY_GUY,804,5,1,0,6
,,,,
STATION_GUY,16428,11,0,4,15
STATION_GUY,17196,12,2,2,16
UTILITY_GUY,698,7,2,1,10
UTILITY_GUY,714,4,1,1,6
STATION_GUY,937,7,0,4,11
STATION_GUY,2156,5,0,4,9
STATION_GUY,683,6,0,2,8
STATION_GUY,2222,6,0,4,10
UTILITY_GUY,17540,11,1,2,14
STATION_GUY,11889,11,1,3,15
STATION_GUY,1525,8,1,3,12
,,,,
STATION_GUY,6933,14,1,4,19
STATION_GUY,253,5,1,3,9
STATION_GUY,1173,8,1,4,13
STATION_GUY,436,10,1,3,14
UTILITY_GUY,8248,13,2,1,16
UTILITY_GUY,6542,15,2,1,18
,,,,
UTILITY_GUY,931,6,1,3,10
,,,,
STATION_GUY,242,6,1,3,10
,,,,
UTILITY_GUY,728,6,0,3,9
STATION_GUY,1238,9,1,2,12
STATION_GUY,1276,6,0,1,7
UTILITY_GUY,24134,13,2,1,16
STATION_GUY,6432,10,0,3,13
UTILITY_GUY,280,10,2,1,13
STATION_GUY,30982,14,1,2,17
STATION_GUY,1459,4,0,3,7
,,,,
UTILITY_GUY,4373,9,1,2,12
UTILITY_GUY,901,7,0,1,8
UTILITY_GUY,7568,10,2,2,14
STATION_GUY,12885,13,0,2,15
STATION_GUY,21445,13,1,3,17
,,,,
STATION_GUY,87906,13,1,3,17
,,,,
UTILITY_GUY,1087,6,0,2,8
STATION_GUY,2314,9,1,4,14
,,,,
,,,,
STATION_GUY,2175,11,1,3,15
STATION_GUY,12129,13,0,3,16
,,,,
STATION_GUY,19267,12,0,2,14
UTILITY_GUY,17047,12,2,1,15
UTILITY_GUY,26810,14,1,2,17
STATION_GUY,1205,5,0,3,8
STATION_GUY,16626,15,0,2,17
UTILITY_GUY,1666,8,2,4,14
UTILITY_GUY,18293,14,1,3,18
STATION_GUY,913,8,1,3,12
,,,,
UTILITY_GUY,1041,2,0,1,3
UTILITY_GUY,1061,8,1,1,10
STATION_GUY,2199,11,2,2,15
UTILITY_GUY,45590,12,2,0,14
STATION_GUY,645,3,0,2,5
STATION_GUY,7671,13,2,3,18
UTILITY_GUY,16248,10,2,1,13
,,,,
STATION_GUY,1210,5,1,3,9
STATION_GUY,1632,5,0,3,8
UTILITY_GUY,43082,12,2,1,15
STATION_GUY,26787,14,1,1,16
UTILITY_GUY,58290,12,0,1,13
STATION_GUY,1647,8,0,3,11
STATION_GUY,1054,7,0,4,11
UTILITY_GUY,39420,12,1,1,14
UTILITY_GUY,9938,12,2,2,16
STATION_GUY,11983,14,0,2,16
,,,,
UTILITY_GUY,550,6,1,1,8
STATION_GUY,1312,3,0,3,6
,,,,
UTILITY_GUY,16202,14,2,1,17
UTILITY_GUY,9014,16,2,1,19
UTILITY_GUY,1402,3,1,0,4
STATION_GUY,1643,8,1,4,13
STATION_GUY,1864,9,0,4,13
UTILITY_GUY,1378,3,1,0,4
STATION_GUY,443,5,2,3,10
STATION_GUY,17128,14,0,3,17
STATION_GUY,20381,9,1,2,12
STATION_GUY,12140,12,1,1,14
UTILITY_GUY,14453,12,1,3,16
STATION_GUY,10710,12,1,2,15
UTILITY_GUY,811,7,2,3,12
STATION_GUY,29444,12,1,3,16
STATION_GUY,1568,11,1,4,16
STATION_GUY,298,9,0,4,13
UTILITY_GUY,650,6,2,0,8
,,,,
UTILITY_GUY,1611,5,1,2,8
UTILITY_GUY,16196,15,1,3,19
UTILITY_GUY,1842,4,1,0,5
,,,,
STATION_GUY,1944,8,1,3,12
STATION_GUY,3175,11,1,3,15
STATION_GUY,1171,4,0,4,8
STATION_GUY,5172,11,0,4,15
UTILITY_GUY,13688,13,2,2,17
STATION_GUY,13343,10,1,2,13
STATION_GUY,1888,2,0,2,4
STATION_GUY,4537,13,0,2,15
STATION_GUY,2059,9,0,4,13
STATION_GUY,1008,6,0,4,10
UTILITY_GUY,77001,10,2,3,15
STATION_GUY,4274,11,1,4,16
UTILITY_GUY,2076,9,2,1,12
STATION_GUY,8916,12,0,3,15
UTILITY_GUY,1716,1,1,0,2
UTILITY_GUY,5732,16,2,3,21
UTILITY_GUY,4878,15,1,3,19
UTILITY_GUY,74807,12,1,2,15
UTILITY_GUY,206,7,1,2,10
UTILITY_GUY,11360,13,2,1,16
UTILITY_GUY,1495,9,1,4,14
STATION_GUY,980,4,1,3,8
STATION_GUY,22587,12,1,1,14
UTILITY_GUY,7299,13,1,2,16
UTILITY_GUY,2131,10,1,3,14
UTILITY_GUY,29282,12,2,1,15
UTILITY_GUY,8014,9,0,1,10
STATION_GUY,5007,14,1,2,17
STATION_GUY,22087,12,1,3,16
STATION_GUY,55884,9,0,3,12
UTILITY_GUY,15327,13,2,2,17
STATION_GUY,2485,10,0,4,14
,,,,
UTILITY_GUY,742,3,2,1,6
UTILITY_GUY,556,10,2,2,14
UTILITY_GUY,10994,15,2,1,18
UTILITY_GUY,21026,11,0,1,12
STATION_GUY,20085,13,1,3,17
STATION_GUY,718,7,0,3,10
STATION_GUY,140,7,0,3,10
STATION_GUY,950,5,1,2,8
STATION_GUY,1273,4,1,3,8
UTILITY_GUY,24945,11,2,2,15
UTILITY_GUY,18420,12,2,2,16
STATION_GUY,12831,14,1,4,19
UTILITY_GUY,14002,11,2,2,15
UTILITY_GUY,12202,11,2,2,15
STATION_GUY,9104,14,0,3,17
STATION_GUY,1100,9,0,4,13
,,,,
STATION_GUY,13652,14,0,3,17
UTILITY_GUY,17719,9,2,2,13
STATION_GUY,8796,12,1,4,17
STATION_GUY,2621,10,2,4,16
STATION_GUY,1202,6,1,2,9
STATION_GUY,1300,10,2,3,15
STATION_GUY,2653,10,1,4,15
STATION_GUY,1314,8,0,4,12
STATION_GUY,7149,11,0,4,15
STATION_GUY,19898,10,0,2,12
STATION_GUY,9102,9,2,3,14
UTILITY_GUY,936,6,1,1,8
STATION_GUY,321,5,2,2,9
STATION_GUY,364,8,0,2,10
STATION_GUY,11509,10,1,1,12
STATION_GUY,8312,15,0,3,18
,,,,
STATION_GUY,9561,14,1,3,18
,,,,
STATION_GUY,19226,13,0,2,15
STATION_GUY,4690,12,1,4,17
UTILITY_GUY,3728,12,2,3,17
STATION_GUY,1334,9,0,4,13
STATION_GUY,5105,9,0,4,13
STATION_GUY,77157,12,0,3,15
,,,,
UTILITY_GUY,926,9,1,2,12
STATION_GUY,2345,8,1,4,13
UTILITY_GUY,10891,12,2,2,16
UTILITY_GUY,49594,10,2,1,13
UTILITY_GUY,31742,12,1,1,14
UTILITY_GUY,11620,14,1,1,16
STATION_GUY,7509,17,0,4,21
,,,,
UTILITY_GUY,654,5,0,0,5
UTILITY_GUY,14453,13,2,0,15
STATION_GUY,64482,9,0,3,12
STATION_GUY,270,8,1,2,11
,,,,
STATION_GUY,6311,8,2,3,13
STATION_GUY,2941,3,0,4,7
UTILITY_GUY,2668,9,2,3,14
UTILITY_GUY,20055,12,2,1,15
STATION_GUY,25006,12,0,2,14
UTILITY_GUY,1258,4,1,0,5
UTILITY_GUY,91443,11,1,2,14
UTILITY_GUY,17351,12,2,2,16
STATION_GUY,11166,13,1,3,17
STATION_GUY,10119,14,0,2,16
,,,,
,,,,
STATION_GUY,2046,13,1,4,18
STATION_GUY,1819,8,0,4,12
STATION_GUY,9581,13,2,3,18
UTILITY_GUY,21919,10,2,1,13
STATION_GUY,2280,4,1,4,9
,,,,
UTILITY_GUY,14155,12,1,3,16
STATION_GUY,1213,4,0,3,7
,,,,
STATION_GUY,26216,10,1,3,14
,,,,
STATION_GUY,1258,7,0,2,9
STATION_GUY,4549,12,1,4,17
,,,,
STATION_GUY,11560,14,1,3,18
STATION_GUY,3510,11,1,3,15
STATION_GUY,12942,11,2,2,15
STATION_GUY,614,8,1,3,12
STATION_GUY,18861,10,0,3,13
UTILITY_GUY,364,8,1,2,11
STATION_GUY,13172,14,2,2,18
STATION_GUY,6488,11,0,3,14
UTILITY_GUY,1113,5,2,2,9
STATION_GUY,2837,12,0,2,14
UTILITY_GUY,10606,8,2,1,11
UTILITY_GUY,766,7,2,1,10
UTILITY_GUY,10905,10,2,3,15
,,,,
STATION_GUY,10707,11,1,3,15
UTILITY_GUY,19179,14,1,1,16
STATION_GUY,14478,13,1,2,16
STATION_GUY,6255,12,1,4,17
UTILITY_GUY,307,8,1,2,11
STATION_GUY,1200,8,1,4,13
UTILITY_GUY,24263,11,2,2,15
UTILITY_GUY,16909,13,2,1,16
STATION_GUY,24657,14,0,3,17
STATION_GUY,1084,13,0,4,17
UTILITY_GUY,15241,15,1,2,18
UTILITY_GUY,3610,15,1,2,18
STATION_GUY,8535,9,1,3,13
UTILITY_GUY,14233,13,1,1,15
STATION_GUY,2284,11,0,4,15
STATION_GUY,1591,8,1,4,13
STATION_GUY,1100,3,1,3,7
UTILITY_GUY,97986,9,0,2,11
STATION_GUY,3385,15,1,2,18
STATION_GUY,1132,6,0,4,10
STATION_GUY,31405,13,1,2,16
STATION_GUY,59788,12,1,2,15
STATION_GUY,10633,14,1,1,16
UTILITY_GUY,686,6,0,1,7
STATION_GUY,4435,10,1,4,15
STATION_GUY,673,8,0,4,12
STATION_GUY,1512,6,1,4,11
STATION_GUY,20103,10,0,3,13
STATION_GUY,928,10,0,4,14
STATION_GUY,1305,4,0,2,6
STATION_GUY,7575,14,1,2,17
,,,,
,,,,
STATION_GUY,2963,9,1,3,13
UTILITY_GUY,6597,13,1,1,15
,,,,
UTILITY_GUY,2226,10,1,3,14
STATION_GUY,3244,11,2,3,16
STATION_GUY,17562,16,1,3,20
,,,,
STATION_GUY,5168,11,1,4,16
STATION_GUY,800,8,1,3,12
STATION_GUY,8237,12,1,4,17
STATION_GUY,32759,12,0,2,14
,,,,
STATION_GUY,2619,9,0,4,13
UTILITY_GUY,18462,12,1,1,14
STATION_GUY,32424,13,1,2,16
UTILITY_GUY,1393,6,0,1,7
UTILITY_GUY,9427,13,1,2,16
STATION_GUY,3245,11,1,3,15
STATION_GUY,2605,7,0,4,11
STATION_GUY,582,4,1,1,6
STATION_GUY,12910,15,1,3,19
UTILITY_GUY,10256,16,1,1,18
STATION_GUY,13289,14,1,1,16
UTILITY_GUY,34143,13,2,1,16
UTILITY_GUY,590,6,1,0,7
STATION_GUY,2499,15,0,2,17
STATION_GUY,9430,11,0,4,15
STATION_GUY,28568,14,1,2,17
STATION_GUY,9672,13,1,3,17
STATION_GUY,592,7,2,2,11
,,,,
UTILITY_GUY,999,3,0,1,4
STATION_GUY,7336,12,1,4,17
,,,,
UTILITY_GUY,11507,15,1,3,19
STATION_GUY,2206,12,0,4,16
STATION_GUY,8891,13,0,3,16
STATION_GUY,891,6,0,4,10
STATION_GUY,8556,10,0,3,13
UTILITY_GUY,60274,13,1,2,16
,,,,
STATION_GUY,4655,8,2,4,14
UTILITY_GUY,2108,12,1,2,15
UTILITY_GUY,6294,9,2,2,13
STATION_GUY,116,9,0,3,12
UTILITY_GUY,30147,13,1,0,14
STATION_GUY,10062,12,0,4,16
UTILITY_GUY,8044,12,2,1,15
UTILITY_GUY,470,7,2,0,9
UTILITY_GUY,1401,5,0,1,6
UTILITY_GUY,10467,10,1,1,12
STATION_GUY,9494,11,2,2,15
,,,,
UTILITY_GUY,3605,11,1,2,14
UTILITY_GUY,8223,15,2,1,18
STATION_GUY,1051,4,1,2,7
,,,,
STATION_GUY,12333,10,0,3,13
UTILITY_GUY,6625,8,1,1,10
STATION_GUY,1178,5,0,2,7
UTILITY_GUY,18228,12,2,1,15
STATION_GUY,7775,10,1,4,15
UTILITY_GUY,13738,11,1,1,13
STATION_GUY,176,11,1,3,15
STATION_GUY,1469,4,0,1,5
STATION_GUY,2323,9,2,4,15
STATION_GUY,754,11,0,3,14
UTILITY_GUY,12067,16,1,1,18
UTILITY_GUY,8978,11,1,0,12
STATION_GUY,3443,10,1,4,15
,,,,
STATION_GUY,1366,8,1,3,12
STATION_GUY,5869,12,0,3,15
,,,,
UTILITY_GUY,1885,12,0,1,13
STATION_GUY,13966,11,1,3,15
UTILITY_GUY,623,5,1,2,8
UTILITY_GUY,1037,4,2,1,7
STATION_GUY,989,7,1,3,11
STATION_GUY,10732,9,2,4,15
UTILITY_GUY,1414,5,0,2,7
UTILITY_GUY,737,6,0,0,6
STATION_GUY,11085,12,0,2,14
STATION_GUY,4089,8,1,3,12
STATION_GUY,19907,12,1,1,14
,,,,
STATION_GUY,9483,14,0,3,17
STATION_GUY,15939,13,1,2,16
UTILITY_GUY,70159,11,1,0,12
STATION_GUY,1045,3,1,3,7
STATION_GUY,7549,15,2,1,18
STATION_GUY,12042,14,0,2,16
STATION_GUY,3645,12,1,4,17
,,,,
UTILITY_GUY,63125,11,2,1,14
STATION_GUY,1216,3,0,3,6
STATION_GUY,55503,12,1,3,16
,,,,
UTILITY_GUY,6834,11,2,3,16
STATION_GUY,1869,5,0,3,8
UTILITY_GUY,986,8,2,0,10
UTILITY_GUY,409,8,2,1,11
UTILITY_GUY,16277,12,2,1,15
UTILITY_GUY,522,5,1,2,8
UTILITY_GUY,1920,10,2,1,13
STATION_GUY,5620,15,1,3,19
STATION_GUY,4194,15,0,4,19
STATION_GUY,3225,12,1,2,15
STATION_GUY,690,10,0,4,14
STATION_GUY,7440,9,1,3,13
UTILITY_GUY,1169,4,0,0,4
UTILITY_GUY,7641,12,1,1,14
STATION_GUY,9334,13,0,2,15
UTILITY_GUY,11130,12,2,1,15
STATION_GUY,3190,9,1,4,14
UTILITY_GUY,5983,13,1,2,16
UTILITY_GUY,4205,11,2,1,14
UTILITY_GUY,8814,13,2,1,16
UTILITY_GUY,35669,13,1,1,15
STATION_GUY,2207,10,0,3,13
UTILITY_GUY,32180,15,2,1,18
UTILITY_GUY,20113,11,2,1,14
STATION_GUY,813,3,0,3,6
UTILITY_GUY,47972,12,2,1,15
STATION_GUY,8876,10,0,3,13
STATION_GUY,3443,12,0,4,16
UTILITY_GUY,30202,15,0,2,17
STATION_GUY,656,5,0,3,8
STATION_GUY,1506,15,0,3,18
,,,,
STATION_GUY,2628,11,2,4,17
STATION_GUY,35561,12,0,2,14
STATION_GUY,7164,11,1,4,16
STATION_GUY,91031,12,0,3,15
STATION_GUY,2112,7,1,4,12
STATION_GUY,400,8,1,4,13
STATION_GUY,1079,5,1,4,10
STATION_GUY,22731,11,2,4,17
STATION_GUY,1226,8,1,4,13
,,,,
UTILITY_GUY,641,9,1,1,11
STATION_GUY,24268,14,0,3,17
UTILITY_GUY,11508,14,2,2,18
STATION_GUY,13596,15,1,3,19
,,,,
STATION_GUY,2082,9,1,4,14
,,,,
,,,,
STATION_GUY,9796,14,0,4,18
UTILITY_GUY,1013,7,2,0,9
UTILITY_GUY,2846,11,0,2,13
STATION_GUY,4067,12,1,3,16
STATION_GUY,1654,13,1,3,17
STATION_GUY,11453,14,1,3,18
STATION_GUY,4450,9,1,4,14
STATION_GUY,1424,3,1,1,5
,,,,
,,,,
STATION_GUY,66463,14,0,3,17
STATION_GUY,1477,1,1,0,2
,,,,
STATION_GUY,520,3,1,3,7
,,,,
UTILITY_GUY,4741,15,1,0,16
STATION_GUY,20599,9,1,2,12
UTILITY_GUY,523,9,1,0,10
,,,,
UTILITY_GUY,1235,5,1,2,8
UTILITY_GUY,11764,13,1,2,16
STATION_GUY,7752,12,2,2,16
UTILITY_GUY,45789,13,1,2,16
STATION_GUY,25106,13,0,1,14
STATION_GUY,396,11,0,2,13
UTILITY_GUY,17436,12,2,1,15
STATION_GUY,1348,6,0,2,8
UTILITY_GUY,6519,11,2,3,16
UTILITY_GUY,5126,12,2,3,17
STATION_GUY,514,5,1,1,7
STATION_GUY,107,8,0,1,9
UTILITY_GUY,14186,12,1,2,15
STATION_GUY,11444,15,0,2,17
STATION_GUY,33379,10,0,3,13
STATION_GUY,5184,10,1,3,14
UTILITY_GUY,9878,12,2,2,16
STATION_GUY,1980,4,0,3,7
STATION_GUY,2072,13,2,3,18
STATION_GUY,31878,13,0,4,17
UTILITY_GUY,250,7,2,2,11
UTILITY_GUY,19221,11,2,3,16
STATION_GUY,6030,13,0,4,17
STATION_GUY,6591,12,0,3,15
STATION_GUY,13023,11,1,3,15
UTILITY_GUY,787,6,1,0,7
UTILITY_GUY,1179,8,1,2,11
STATION_GUY,6721,11,1,4,16
STATION_GUY,5624,11,0,4,15
STATION_GUY,3387,9,1,4,14
,,,,
STATION_GUY,5810,14,1,3,18
UTILITY_GUY,11402,10,1,1,12
UTILITY_GUY,11469,10,1,1,12
STATION_GUY,10472,10,1,4,15
UTILITY_GUY,805,8,1,2,11
STATION_GUY,1654,6,1,4,11
STATION_GUY,816,4,1,4,9
UTILITY_GUY,35867,11,2,1,14
STATION_GUY,7952,14,0,4,18
STATION_GUY,11550,12,0,3,15
STATION_GUY,6787,10,0,3,13
STATION_GUY,6510,10,0,3,13
UTILITY_GUY,1254,3,1,1,5
,,,,
STATION_GUY,1737,13,0,4,17
STATION_GUY,2232,7,1,4,12
,,,,
STATION_GUY,6316,11,0,4,15
,,,,
UTILITY_GUY,33465,14,2,0,16
UTILITY_GUY,70377,12,0,2,14
UTILITY_GUY,11032,11,1,1,13
UTILITY_GUY,13158,9,2,3,14
UTILITY_GUY,32812,15,1,2,18
STATION_GUY,3714,10,1,3,14
STATION_GUY,1091,6,0,4,10
UTILITY_GUY,34875,14,1,0,15
UTILITY_GUY,15678,11,1,2,14
STATION_GUY,13720,10,1,2,13
STATION_GUY,1474,7,0,3,10
STATION_GUY,14616,9,1,4,14
UTILITY_GUY,1222,3,1,0,4
UTILITY_GUY,12648,13,2,1,16
,,,,
,,,,
STATION_GUY,1208,9,0,4,13
UTILITY_GUY,733,5,2,0,7
UTILITY_GUY,19166,10,0,1,11
STATION_GUY,10871,12,0,2,14
STATION_GUY,15390,13,0,2,15
STATION_GUY,20108,10,1,3,14
STATION_GUY,2168,6,1,3,10
STATION_GUY,10474,10,0,3,13
UTILITY_GUY,1612,4,1,2,7
UTILITY_GUY,1113,5,2,0,7
,,,,
STATION_GUY,4396,16,1,4,21
,,,,
STATION_GUY,1545,5,2,1,8
STATION_GUY,5065,11,1,2,14
UTILITY_GUY,53585,11,2,1,14
UTILITY_GUY,2876,7,2,3,12
STATION_GUY,19435,13,1,2,16
STATION_GUY,1030,6,0,4,10
STATION_GUY,1750,9,1,3,13
UTILITY_GUY,14862,12,2,1,15
STATION_GUY,8357,11,1,3,15
STATION_GUY,1885,10,0,3,13
,,,,
STATION_GUY,62900,11,0,3,14
,,,,
STATION_GUY,1019,10,1,2,13
UTILITY_GUY,9771,12,2,2,16
,,,,
STATION_GUY,2485,13,2,2,17
STATION_GUY,10781,12,1,3,16
UTILITY_GUY,933,6,2,1,9
STATION_GUY,1470,7,0,4,11
STATION_GUY,3348,10,0,4,14
STATION_GUY,8831,14,0,2,16
UTILITY_GUY,18794,12,1,2,15
,,,,
STATION_GUY,32610,12,0,3,15
STATION_GUY,35171,11,0,2,13
STATION_GUY,5276,12,1,3,16
UTILITY_GUY,26638,10,2,0,12
UTILITY_GUY,9240,16,2,1,19
STATION_GUY,625,7,1,2,10
STATION_GUY,11443,14,1,3,18
UTILITY_GUY,28618,14,1,2,17
,,,,
STATION_GUY,14202,14,0,1,15
STATION_GUY,2999,11,0,3,14
UTILITY_GUY,1531,7,2,0,9
STATION_GUY,12006,12,0,3,15
UTILITY_GUY,830,9,1,2,12
UTILITY_GUY,2045,9,2,0,11
UTILITY_GUY,1246,4,1,0,5
STATION_GUY,85874,11,2,1,14
STATION_GUY,4466,12,1,2,15
STATION_GUY,13481,13,0,2,15
UTILITY_GUY,20575,10,1,2,13
STATION_GUY,2174,8,1,4,13
STATION_GUY,14484,11,0,2,13
STATION_GUY,2899,8,2,4,14
STATION_GUY,1686,7,1,3,11
STATION_GUY,2197,8,2,3,13
STATION_GUY,8535,14,0,4,18
UTILITY_GUY,754,6,1,1,8
STATION_GUY,39760,13,1,3,17
UTILITY_GUY,9126,14,1,2,17
STATION_GUY,13014,14,0,1,15
STATION_GUY,71797,12,0,3,15
STATION_GUY,481,9,0,3,12
STATION_GUY,7931,10,0,3,13
UTILITY_GUY,5969,10,2,2,14
STATION_GUY,1054,9,1,4,14
,,,,
UTILITY_GUY,793,8,1,0,9
UTILITY_GUY,11318,14,2,2,18
UTILITY_GUY,30893,12,2,0,14
STATION_GUY,9082,12,0,1,13
,,,,
STATION_GUY,1356,8,1,4,13
,,,,
STATION_GUY,6457,9,1,3,13
STATION_GUY,2552,8,2,4,14
STATION_GUY,15445,10,0,3,13
UTILITY_GUY,59641,10,2,2,14
UTILITY_GUY,632,7,0,0,7
STATION_GUY,1328,1,1,3,5
STATION_GUY,429,3,2,3,8
STATION_GUY,12952,15,1,3,19
,,,,
STATION_GUY,9065,14,2,3,19
STATION_GUY,1086,9,0,1,10
STATION_GUY,1067,10,0,3,13
STATION_GUY,4032,6,0,4,10
UTILITY_GUY,16794,14,1,3,18
UTILITY_GUY,19247,12,1,2,15
STATION_GUY,12394,12,1,1,14
UTILITY_GUY,5325,12,1,1,14
UTILITY_GUY,10814,12,2,3,17
STATION_GUY,28590,13,2,2,17
UTILITY_GUY,8345,13,1,2,16
UTILITY_GUY,28649,15,1,2,18
STATION_GUY,4644,11,2,3,16
STATION_GUY,17486,8,0,3,11
UTILITY_GUY,12683,14,2,3,19
,,,,
UTILITY_GUY,40477,13,1,1,15
STATION_GUY,10018,13,1,4,18
STATION_GUY,961,5,2,3,10
UTILITY_GUY,200,5,1,0,6
STATION_GUY,354,6,1,3,10
UTILITY_GUY,11398,11,1,3,15
UTILITY_GUY,523,6,2,2,10
UTILITY_GUY,12249,10,1,1,12
STATION_GUY,976,8,0,3,11
STATION_GUY,379,5,0,4,9
STATION_GUY,2186,13,1,4,18
UTILITY_GUY,31035,11,2,1,14
STATION_GUY,8865,10,1,3,14
STATION_GUY,5471,11,0,4,15
UTILITY_GUY,9919,15,1,2,18
UTILITY_GUY,265,7,0,0,7
STATION_GUY,37293,12,0,4,16
STATION_GUY,15280,10,0,3,13
UTILITY_GUY,9017,14,2,2,18
UTILITY_GUY,17697,13,1,1,15
UTILITY_GUY,28122,11,2,1,14
UTILITY_GUY,17719,14,1,1,16
STATION_GUY,1967,10,2,3,15
STATION_GUY,21452,13,1,2,16
UTILITY_GUY,6746,12,2,2,16
STATION_GUY,2666,9,0,4,13
STATION_GUY,14822,9,2,2,13
STATION_GUY,4177,11,1,4,16
UTILITY_GUY,715,7,0,1,8
UTILITY_GUY,1236,9,1,2,12
UTILITY_GUY,912,8,0,1,9
UTILITY_GUY,21551,10,2,2,14
STATION_GUY,992,7,2,4,13
STATION_GUY,23096,13,0,2,15
UTILITY_GUY,4386,13,2,2,17
,,,,
UTILITY_GUY,13295,14,2,2,18
STATION_GUY,10391,10,1,3,14
STATION_GUY,16578,14,0,2,16
,,,,
UTILITY_GUY,20371,12,1,1,14
,,,,
UTILITY_GUY,3544,11,1,2,14
UTILITY_GUY,28857,13,1,1,15
STATION_GUY,7666,12,1,2,15
,,,,
UTILITY_GUY,22770,16,2,1,19
UTILITY_GUY,1510,3,1,4,8
STATION_GUY,3979,14,0,3,17
UTILITY_GUY,6001,13,2,1,16
STATION_GUY,2083,7,0,4,11
STATION_GUY,3258,8,1,4,13
UTILITY_GUY,11254,12,1,2,15
STATION_GUY,826,6,0,3,9
STATION_GUY,1395,3,0,3,6
UTILITY_GUY,17083,12,1,2,15
,,,,
STATION_GUY,1123,8,1,4,13
UTILITY_GUY,10946,11,1,2,14
STATION_GUY,1109,9,1,4,14
UTILITY_GUY,964,3,1,1,5
STATION_GUY,5518,16,1,2,19
,,,,
UTILITY_GUY,26510,11,0,3,14
,,,,
STATION_GUY,8961,11,0,3,14
STATION_GUY,8019,14,0,3,17
STATION_GUY,1241,4,0,4,8
STATION_GUY,26172,16,1,1,18
STATION_GUY,997,6,1,1,8
STATION_GUY,21242,12,1,2,15
STATION_GUY,1075,7,1,3,11
UTILITY_GUY,3764,13,1,1,15
STATION_GUY,1516,9,1,4,14
,,,,
STATION_GUY,14436,10,0,2,12
UTILITY_GUY,12035,9,2,1,12
UTILITY_GUY,3096,10,0,1,11
UTILITY_GUY,1309,6,1,2,9
STATION_GUY,625,9,0,1,10
STATION_GUY,18935,11,1,3,15
UTILITY_GUY,2713,9,2,2,13
UTILITY_GUY,33095,12,1,1,14
STATION_GUY,19472,13,1,3,17
UTILITY_GUY,775,6,1,2,9
UTILITY_GUY,11211,15,2,1,18
UTILITY_GUY,8498,13,1,1,15
UTILITY_GUY,285,8,0,0,8
UTILITY_GUY,16308,13,2,2,17
,,,,
STATION_GUY,1057,10,0,3,13
STATION_GUY,5323,12,1,4,17
STATION_GUY,4929,16,2,2,20
UTILITY_GUY,864,5,1,1,7
STATION_GUY,12776,14,1,2,17
STATION_GUY,47510,11,0,4,15
UTILITY_GUY,14444,11,2,1,14
UTILITY_GUY,62269,12,1,2,15
UTILITY_GUY,12974,14,2,1,17
STATION_GUY,1998,8,1,4,13
STATION_GUY,20019,12,1,2,15
,,,,
STATION_GUY,10180,12,0,3,15
UTILITY_GUY,968,3,1,1,5
UTILITY_GUY,21260,15,2,0,17
STATION_GUY,18837,12,0,3,15
STATION_GUY,28018,15,0,2,17
UTILITY_GUY,1198,3,1,0,4
STATION_GUY,1599,7,1,4,12
,,,,
UTILITY_GUY,11652,9,2,1,12
STATION_GUY,9116,11,0,3,14
UTILITY_GUY,18639,13,1,1,15
STATION_GUY,42783,15,2,2,19
STATION_GUY,4080,12,0,3,15
UTILITY_GUY,17316,15,1,1,17
STATION_GUY,1001,8,0,4,12
UTILITY_GUY,4880,13,2,1,16
UTILITY_GUY,196,5,1,3,9
UTILITY_GUY,55336,10,2,2,14
,,,,
UTILITY_GUY,33038,9,2,1,12
UTILITY_GUY,791,5,1,0,6
STATION_GUY,6366,14,1,4,19
STATION_GUY,11394,13,0,3,16
STATION_GUY,2005,6,1,4,11
,,,,
STATION_GUY,7331,15,1,4,20
UTILITY_GUY,477,5,2,2,9
STATION_GUY,26748,12,0,2,14
STATION_GUY,2277,8,1,3,12
STATION_GUY,445,9,0,2,11
STATION_GUY,2523,10,1,4,15
STATION_GUY,12217,11,0,3,14
STATION_GUY,5978,13,0,4,17
UTILITY_GUY,1509,3,2,1,6
UTILITY_GUY,9150,14,1,1,16
,,,,
STATION_GUY,1925,11,1,3,15
STATION_GUY,14314,11,0,4,15
UTILITY_GUY,10236,14,2,3,19
STATION_GUY,11956,16,1,3,20
UTILITY_GUY,1158,4,2,0,6
STATION_GUY,1030,8,0,3,11
STATION_GUY,13033,12,1,4,17
STATION_GUY,1120,6,1,4,11
STATION_GUY,13376,11,0,2,13
UTILITY_GUY,6755,13,2,2,17
UTILITY_GUY,22377,13,1,2,16
UTILITY_GUY,38196,13,2,2,17
UTILITY_GUY,921,6,0,0,6
STATION_GUY,29516,9,0,2,11
STATION_GUY,12470,10,1,4,15
STATION_GUY,11757,11,1,2,14
STATION_GUY,19214,13,1,3,17
UTILITY_GUY,1509,9,2,2,13
UTILITY_GUY,1053,5,2,1,8
STATION_GUY,26135,14,1,3,18
STATION_GUY,10754,11,0,3,14
,,,,
,,,,
UTILITY_GUY,398,5,1,2,8
STATION_GUY,19864,15,0,2,17
UTILITY_GUY,838,3,1,2,6
UTILITY_GUY,502,8,1,1,10
STATION_GUY,250,6,1,3,10
STATION_GUY,5403,12,0,4,16
STATION_GUY,1104,10,1,3,14
STATION_GUY,1477,5,1,3,9
STATION_GUY,1918,11,0,4,15
,,,,
UTILITY_GUY,28979,13,1,1,15
UTILITY_GUY,22916,12,2,0,14
STATION_GUY,13137,12,1,2,15
UTILITY_GUY,21150,12,1,2,15
STATION_GUY,606,6,0,4,10
STATION_GUY,1418,8,0,3,11
UTILITY_GUY,44841,11,1,2,14
UTILITY_GUY,1100,10,2,3,15
STATION_GUY,1420,3,1,3,7
UTILITY_GUY,11160,9,1,0,10
STATION_GUY,19026,13,1,3,17
STATION_GUY,1184,4,1,3,8
STATION_GUY,1312,7,0,2,9
STATION_GUY,1177,3,1,3,7
STATION_GUY,38148,10,0,3,13
UTILITY_GUY,33875,13,2,2,17
STATION_GUY,4017,10,2,4,16
UTILITY_GUY,2914,9,1,3,13
STATION_GUY,48465,10,0,2,12
STATION_GUY,20023,13,1,3,17
STATION_GUY,2188,13,1,3,17
,,,,
STATION_GUY,3956,6,2,4,12
STATION_GUY,1061,7,1,4,12
STATION_GUY,2892,12,0,4,16
STATION_GUY,73056,12,0,4,16
,,,,
STATION_GUY,4489,11,1,4,16
STATION_GUY,19336,14,1,3,18
UTILITY_GUY,11951,9,1,2,12
STATION_GUY,2998,12,2,4,18
UTILITY_GUY,2693,14,2,2,18
UTILITY_GUY,5547,12,2,2,16
UTILITY_GUY,913,5,2,2,9
STATION_GUY,10294,8,0,4,12
STATION_GUY,36844,13,1,3,17
UTILITY_GUY,19357,11,1,1,13
UTILITY_GUY,8861,14,0,2,16
STATION_GUY,4801,12,0,3,15
STATION_GUY,3146,8,1,4,13
STATION_GUY,25453,12,1,2,15
STATION_GUY,7191,11,1,4,16
STATION_GUY,2086,9,1,2,12
STATION_GUY,33712,13,1,3,17
UTILITY_GUY,9247,16,1,3,20
STATION_GUY,7530,12,2,4,18
UTILITY_GUY,6389,10,1,1,12
STATION_GUY,2940,7,1,4,12
STATION_GUY,414,5,0,3,8
UTILITY_GUY,1205,2,0,0,2
STATION_GUY,17318,11,1,2,14
STATION_GUY,18840,13,2,2,17
STATION_GUY,8823,9,1,3,13
STATION_GUY,888,7,0,0,7
UTILITY_GUY,10865,13,0,3,16
UTILITY_GUY,993,8,2,1,11
,,,,
STATION_GUY,10949,15,0,4,19
STATION_GUY,3727,8,2,3,13
STATION_GUY,21114,12,0,3,15
STATION_GUY,1183,8,1,3,12
,,,,
UTILITY_GUY,394,4,1,2,7
STATION_GUY,32483,8,0,3,11
UTILITY_GUY,849,7,2,1,10
UTILITY_GUY,447,6,1,0,7
STATION_GUY,922,3,0,4,7
STATION_GUY,27958,10,0,1,11
UTILITY_GUY,468,5,0,1,6
STATION_GUY,1846,7,0,3,10
STATION_GUY,4097,7,1,4,12
,,,,
UTILITY_GUY,1158,3,0,0,3
STATION_GUY,6219,8,0,4,12
UTILITY_GUY,18838,12,2,2,16
STATION_GUY,1544,6,0,4,10
UTILITY_GUY,10515,15,1,2,18
STATION_GUY,272,7,0,1,8
STATION_GUY,5256,11,0,2,13
STATION_GUY,3659,13,0,4,17
UTILITY_GUY,11516,14,2,1,17
STATION_GUY,1553,4,1,4,9
STATION_GUY,4524,12,1,4,17
,,,,
STATION_GUY,346,9,0,2,11
STATION_GUY,5430,11,2,3,16
STATION_GUY,17155,12,1,3,16
STATION_GUY,514,6,0,0,6
STATION_GUY,1220,2,1,4,7
STATION_GUY,22671,13,1,2,16
UTILITY_GUY,6020,13,1,3,17
STATION_GUY,19173,13,1,3,17
UTILITY_GUY,1020,5,1,2,8
UTILITY_GUY,19626,10,2,1,13
STATION_GUY,9902,10,1,3,14
STATION_GUY,30571,15,0,3,18
UTILITY_GUY,13271,12,2,2,16
STATION_GUY,1453,3,0,4,7
UTILITY_GUY,3143,13,2,3,18
,,,,
UTILITY_GUY,5748,12,2,1,15
UTILITY_GUY,956,3,0,0,3
UTILITY_GUY,820,4,2,0,6
UTILITY_GUY,33810,13,1,3,17
STATION_GUY,1435,8,0,4,12
STATION_GUY,1999,8,0,4,12
STATION_GUY,14558,13,1,3,17
UTILITY_GUY,35738,13,1,1,15
STATION_GUY,17717,11,1,2,14
STATION_GUY,2820,11,2,4,17
UTILITY_GUY,617,6,1,0,7
UTILITY_GUY,26855,10,1,3,14
STATION_GUY,17189,11,0,2,13
STATION_GUY,8372,13,0,3,16
UTILITY_GUY,21268,14,0,0,14
STATION_GUY,36391,12,0,3,15
STATION_GUY,2141,9,1,3,13
UTILITY_GUY,31381,11,2,1,14
STATION_GUY,5765,11,1,2,14
UTILITY_GUY,2480,11,1,1,13
STATION_GUY,1644,9,1,4,14
UTILITY_GUY,12673,12,2,1,15
,,,,
STATION_GUY,285,9,0,3,12
,,,,
STATION_GUY,7026,10,0,2,12
STATION_GUY,21473,12,2,3,17
STATION_GUY,4476,11,2,3,16
UTILITY_GUY,14486,13,1,3,17
STATION_GUY,5245,13,0,4,17
STATION_GUY,7601,14,0,4,18
STATION_GUY,1415,9,0,3,12
STATION_GUY,970,8,0,1,9
UTILITY_GUY,1957,7,2,1,10
STATION_GUY,817,9,0,3,12
STATION_GUY,7221,14,0,4,18
UTILITY_GUY,2673,13,1,1,15
UTILITY_GUY,11112,13,2,1,16
STATION_GUY,24434,12,1,3,16
UTILITY_GUY,9350,14,1,2,17
UTILITY_GUY,3403,9,2,2,13
STATION_GUY,1176,5,0,2,7
STATION_GUY,1807,9,0,4,13
UTILITY_GUY,12000,9,1,2,12
UTILITY_GUY,22243,14,2,1,17
UTILITY_GUY,9665,15,1,1,17
UTILITY_GUY,8228,10,2,1,13
STATION_GUY,238,6,0,4,10
UTILITY_GUY,19592,12,1,1,14
STATION_GUY,18235,13,2,2,17
STATION_GUY,9417,15,0,3,18
,,,,
UTILITY_GUY,20010,14,2,1,17
STATION_GUY,20635,14,0,3,17
STATION_GUY,31175,12,1,3,16
UTILITY_GUY,16531,14,2,3,19
UTILITY_GUY,11485,10,1,3,14
STATION_GUY,12108,16,1,3,20
STATION_GUY,8391,14,0,3,17
STATION_GUY,1144,6,2,2,10
UTILITY_GUY,1059,9,2,1,12
STATION_GUY,991,8,0,3,11
STATION_GUY,4268,12,0,3,15
UTILITY_GUY,890,5,1,2,8
STATION_GUY,16589,14,1,3,18
UTILITY_GUY,498,9,1,0,10
STATION_GUY,28975,15,1,2,18
STATION_GUY,2541,10,1,4,15
STATION_GUY,664,5,0,2,7
STATION_GUY,33990,13,0,3,16
STATION_GUY,6038,12,1,2,15
UTILITY_GUY,13499,12,2,2,16
STATION_GUY,15824,12,0,3,15
STATION_GUY,1237,2,0,2,4
STATION_GUY,6640,14,1,3,18
UTILITY_GUY,18279,12,2,2,16
STATION_GUY,2198,10,0,3,13
STATION_GUY,2155,11,1,4,16
STATION_GUY,2330,7,0,4,11
UTILITY_GUY,22941,12,1,2,15
STATION_GUY,643,7,0,0,7
UTILITY_GUY,16323,12,1,2,15
STATION_GUY,5668,14,1,3,18
STATION_GUY,10485,12,0,2,14
STATION_GUY,6503,14,0,4,18
STATION_GUY,494,6,0,4,10
,,,,
UTILITY_GUY,752,8,1,0,9
UTILITY_GUY,1007,7,1,1,9
STATION_GUY,1608,9,0,4,13
STATION_GUY,960,5,0,2,7
,,,,
STATION_GUY,8372,13,2,2,17
STATION_GUY,2814,7,0,4,11
,,,,
STATION_GUY,1061,9,0,3,12
STATION_GUY,4896,13,0,3,16
STATION_GUY,2684,5,1,4,10
,,,,
STATION_GUY,1749,3,0,4,7
STATION_GUY,3335,11,0,3,14
STATION_GUY,15492,12,0,2,14
STATION_GUY,1768,8,0,4,12
,,,,
STATION_GUY,4276,9,0,4,13
UTILITY_GUY,20172,10,1,2,13
UTILITY_GUY,31943,14,1,1,16
UTILITY_GUY,38131,13,0,0,13
UTILITY_GUY,1713,8,2,0,10
STATION_GUY,1204,4,0,2,6
STATION_GUY,877,4,1,3,8
STATION_GUY,14863,13,1,2,16
UTILITY_GUY,28428,10,2,2,14
,,,,
UTILITY_GUY,863,6,1,1,8
STATION_GUY,28379,10,1,3,14
STATION_GUY,1235,11,0,4,15
STATION_GUY,428,7,0,2,9
UTILITY_GUY,27556,10,1,1,12
STATION_GUY,14410,10,0,3,13
STATION_GUY,18725,15,0,0,15
UTILITY_GUY,48,8,0,2,10
STATION_GUY,6400,8,0,3,11
UTILITY_GUY,394,8,1,2,11
STATION_GUY,14892,12,0,3,15
UTILITY_GUY,3459,8,1,3,12
,,,,
STATION_GUY,9949,13,1,2,16
STATION_GUY,1325,3,0,4,7
STATION_GUY,850,5,1,4,10
STATION_GUY,3756,15,0,4,19
UTILITY_GUY,2092,12,1,3,16
STATION_GUY,1277,8,1,3,12
UTILITY_GUY,11232,16,2,1,19
STATION_GUY,16675,13,0,1,14
STATION_GUY,1222,6,1,4,11
STATION_GUY,1246,5,0,2,7
STATION_GUY,8235,12,0,3,15
UTILITY_GUY,1188,3,1,0,4
STATION_GUY,7917,15,0,4,19
STATION_GUY,6973,12,0,3,15
UTILITY_GUY,34081,14,1,1,16
,,,,
STATION_GUY,19180,14,0,2,16
STATION_GUY,337,8,1,4,13
STATION_GUY,2341,10,1,3,14
UTILITY_GUY,1020,6,2,2,10
UTILITY_GUY,6109,11,2,2,15
UTILITY_GUY,7179,13,1,2,16
UTILITY_GUY,4106,14,1,3,18
UTILITY_GUY,257,7,1,1,9
STATION_GUY,528,6,1,2,9
,,,,
,,,,
UTILITY_GUY,1032,7,2,2,11
STATION_GUY,52778,14,0,2,16
STATION_GUY,7719,12,1,3,16
STATION_GUY,1667,2,0,1,3
STATION_GUY,8344,10,0,4,14
STATION_GUY,9919,12,1,3,16
STATION_GUY,1693,9,0,4,13
STATION_GUY,7412,14,0,3,17
UTILITY_GUY,60967,10,1,1,12
STATION_GUY,1804,9,1,4,14
UTILITY_GUY,13436,14,1,1,16
,,,,
STATION_GUY,2367,6,1,3,10
STATION_GUY,1307,10,0,3,13
STATION_GUY,10053,14,1,3,18
STATION_GUY,1956,8,0,4,12
STATION_GUY,7385,13,1,2,16
STATION_GUY,2884,12,0,4,16
,,,,
STATION_GUY,29922,9,1,4,14
UTILITY_GUY,898,3,1,1,5
,,,,
STATION_GUY,13040,11,0,4,15
STATION_GUY,1028,8,0,3,11
,,,,
UTILITY_GUY,23106,12,1,1,14
,,,,
UTILITY_GUY,25339,14,1,1,16
STATION_GUY,14356,9,0,3,12
STATION_GUY,1857,11,1,4,16
UTILITY_GUY,430,9,1,0,10
STATION_GUY,16283,13,1,1,15
STATION_GUY,2914,10,1,3,14
STATION_GUY,8783,9,0,2,11
STATION_GUY,6439,15,0,3,18
STATION_GUY,2013,10,2,2,14
STATION_GUY,855,7,0,4,11
STATION_GUY,7207,9,1,2,12
UTILITY_GUY,28857,12,1,2,15
UTILITY_GUY,911,5,0,0,5
STATION_GUY,830,5,0,3,8
STATION_GUY,16980,12,1,3,16
UTILITY_GUY,10167,14,2,2,18
UTILITY_GUY,509,5,1,1,7
STATION_GUY,229,10,1,3,14
STATION_GUY,13529,12,1,3,16
STATION_GUY,3576,11,1,3,15
STATION_GUY,2354,5,1,4,10
UTILITY_GUY,30519,13,1,1,15
UTILITY_GUY,24024,14,2,2,18
UTILITY_GUY,10236,11,2,3,16
STATION_GUY,1814,4,2,2,8
UTILITY_GUY,9521,10,1,1,12
STATION_GUY,1475,5,1,4,10
STATION_GUY,17994,10,0,2,12
STATION_GUY,6463,9,0,4,13
STATION_GUY,2448,4,0,4,8
STATION_GUY,6084,12,1,3,16
STATION_GUY,845,5,1,3,9
STATION_GUY,77525,13,0,3,16
STATION_GUY,675,10,0,3,13
STATION_GUY,25932,10,2,2,14
STATION_GUY,1335,14,0,2,16
STATION_GUY,3983,14,0,4,18
UTILITY_GUY,968,5,1,2,8
,,,,
STATION_GUY,17396,11,1,3,15
STATION_GUY,11618,17,0,3,20
STATION_GUY,890,7,0,4,11
STATION_GUY,2624,11,1,2,14
,,,,
STATION_GUY,11710,13,0,1,14
STATION_GUY,3689,9,1,4,14
STATION_GUY,19944,9,1,3,13
STATION_GUY,4204,12,2,2,16
UTILITY_GUY,6506,11,2,3,16
UTILITY_GUY,1148,10,0,2,12
UTILITY_GUY,13448,12,2,1,15
STATION_GUY,2238,7,2,4,13
STATION_GUY,24593,14,0,3,17
STATION_GUY,4009,13,1,3,17
STATION_GUY,19058,13,1,3,17
UTILITY_GUY,25891,11,1,2,14
UTILITY_GUY,18173,13,1,3,17
UTILITY_GUY,20614,12,1,1,14
UTILITY_GUY,4228,8,1,2,11
STATION_GUY,1416,5,1,3,9
STATION_GUY,10388,10,2,3,15
,,,,
UTILITY_GUY,33469,15,2,0,17
STATION_GUY,1263,10,2,4,16
STATION_GUY,1094,9,1,3,13
STATION_GUY,3241,3,2,3,8
STATION_GUY,273,9,0,1,10
STATION_GUY,9682,15,0,2,17
,,,,
STATION_GUY,2345,11,1,4,16
STATION_GUY,707,5,0,2,7
,,,,
UTILITY_GUY,18439,10,0,1,11
STATION_GUY,56351,10,0,3,13
STATION_GUY,12995,13,1,2,16
STATION_GUY,1528,9,1,4,14
,,,,
STATION_GUY,18884,15,0,3,18
UTILITY_GUY,13442,12,1,1,14
,,,,
,,,,
UTILITY_GUY,46929,11,2,1,14
,,,,
STATION_GUY,251,5,1,1,7
UTILITY_GUY,252,6,0,1,7
STATION_GUY,16109,15,0,2,17
UTILITY_GUY,711,7,1,1,9
STATION_GUY,8547,12,0,2,14
UTILITY_GUY,2288,7,1,2,10
UTILITY_GUY,513,5,2,1,8
UTILITY_GUY,187,7,1,1,9
STATION_GUY,27985,12,1,2,15
STATION_GUY,10257,13,0,3,16
STATION_GUY,898,8,2,3,13
STATION_GUY,21661,15,1,3,19
STATION_GUY,10526,15,0,4,19
STATION_GUY,13769,13,1,3,17
STATION_GUY,1141,12,0,4,16
STATION_GUY,4143,13,0,4,17
STATION_GUY,12923,15,1,2,18
UTILITY_GUY,5314,10,2,2,14
STATION_GUY,14853,12,1,3,16
STATION_GUY,11796,12,1,2,15
STATION_GUY,788,3,2,2,7
STATION_GUY,5877,12,1,2,15
,,,,
UTILITY_GUY,203,9,1,1,11
UTILITY_GUY,930,5,2,0,7
STATION_GUY,4214,8,0,3,11
STATION_GUY,3617,10,0,2,12
STATION_GUY,37920,14,1,3,18
,,,,
STATION_GUY,11239,14,1,2,17
STATION_GUY,2938,11,1,2,14
,,,,
STATION_GUY,791,7,0,2,9
STATION_GUY,39143,9,1,2,12
STATION_GUY,13530,12,0,3,15
STATION_GUY,24647,14,0,3,17
STATION_GUY,1083,9,0,3,12
,,,,
STATION_GUY,35772,12,0,4,16
STATION_GUY,25674,11,0,0,11
STATION_GUY,23110,14,1,2,17
STATION_GUY,1376,7,0,3,10
,,,,
STATION_GUY,1223,8,1,3,12
STATION_GUY,1964,6,2,4,12
UTILITY_GUY,9903,11,2,0,13
STATION_GUY,16618,12,1,3,16
STATION_GUY,1145,6,0,0,6
,,,,
STATION_GUY,6999,15,0,4,19
UTILITY_GUY,8521,10,1,1,12
UTILITY_GUY,68410,12,1,1,14
STATION_GUY,7825,15,1,2,18
STATION_GUY,477,9,1,3,13
STATION_GUY,2960,7,1,4,12
UTILITY_GUY,536,5,1,1,7
STATION_GUY,17729,13,2,2,17
STATION_GUY,10385,9,0,1,10
STATION_GUY,77919,10,1,3,14
STATION_GUY,286,9,1,3,13
UTILITY_GUY,1111,9,0,3,12
UTILITY_GUY,1544,3,1,0,4
STATION_GUY,1446,10,2,4,16
UTILITY_GUY,27373,12,2,2,16
STATION_GUY,1459,10,0,4,14
STATION_GUY,28004,12,1,3,16
STATION_GUY,2099,8,1,4,13
STATION_GUY,1096,6,2,4,12
STATION_GUY,1680,5,1,4,10
UTILITY_GUY,30054,10,2,2,14
STATION_GUY,1980,11,1,3,15
STATION_GUY,16617,14,0,3,17
UTILITY_GUY,11523,12,1,1,14
,,,,
UTILITY_GUY,18984,12,1,2,15
UTILITY_GUY,730,4,2,2,8
UTILITY_GUY,17956,15,1,2,18
STATION_GUY,12424,11,1,1,13
STATION_GUY,1540,9,2,4,15
STATION_GUY,4999,9,2,4,15
STATION_GUY,3233,11,0,4,15
UTILITY_GUY,27627,10,1,0,11
UTILITY_GUY,21129,13,2,2,17
UTILITY_GUY,1071,8,2,1,11
STATION_GUY,5518,11,1,4,16
STATION_GUY,1251,7,0,4,11
STATION_GUY,1251,8,0,4,12
,,,,
STATION_GUY,4947,8,1,2,11
UTILITY_GUY,1008,7,1,0,8
STATION_GUY,1791,9,0,3,12
STATION_GUY,8194,11,1,1,13
,,,,
STATION_GUY,4921,14,0,3,17
UTILITY_GUY,26716,14,1,1,16
UTILITY_GUY,21885,16,1,1,18
STATION_GUY,4657,9,1,4,14
,,,,
UTILITY_GUY,1779,0,2,0,2
STATION_GUY,7012,14,2,4,20
STATION_GUY,30252,12,1,3,16
UTILITY_GUY,13505,14,1,1,16
STATION_GUY,15327,9,1,2,12
STATION_GUY,28239,13,0,3,16
STATION_GUY,819,6,1,4,11
,,,,
STATION_GUY,9147,14,0,3,17
STATION_GUY,2168,5,1,4,10
UTILITY_GUY,1666,6,2,1,9
STATION_GUY,23572,11,0,1,12
UTILITY_GUY,2322,11,1,1,13
UTILITY_GUY,1587,4,2,0,6
UTILITY_GUY,27422,14,1,1,16
UTILITY_GUY,10921,16,2,3,21
UTILITY_GUY,10170,13,1,1,15
,,,,
UTILITY_GUY,25660,12,2,1,15
UTILITY_GUY,303,9,2,1,12
UTILITY_GUY,540,7,1,0,8
UTILITY_GUY,5908,11,2,2,15
STATION_GUY,2382,11,1,4,16
UTILITY_GUY,1464,6,2,1,9
UTILITY_GUY,834,5,2,1,8
UTILITY_GUY,17983,13,2,2,17
UTILITY_GUY,22382,12,2,0,14
UTILITY_GUY,19152,13,0,2,15
STATION_GUY,89599,13,1,3,17
STATION_GUY,1394,4,0,4,8
STATION_GUY,23213,11,0,1,12
UTILITY_GUY,5983,10,2,1,13
STATION_GUY,8799,10,1,3,14
STATION_GUY,4456,9,1,4,14
UTILITY_GUY,25811,12,1,1,14
STATION_GUY,1015,4,0,3,7
STATION_GUY,15462,13,0,3,16
STATION_GUY,2257,11,1,4,16
UTILITY_GUY,32148,9,0,2,11
STATION_GUY,4650,11,2,4,17
STATION_GUY,1757,6,0,4,10
UTILITY_GUY,53325,13,0,1,14
STATION_GUY,824,6,1,4,11
UTILITY_GUY,542,6,2,0,8
STATION_GUY,33509,12,0,3,15
STATION_GUY,1308,6,1,3,10
STATION_GUY,6527,11,0,3,14
UTILITY_GUY,21809,13,0,3,16
UTILITY_GUY,1056,3,1,1,5
UTILITY_GUY,1341,10,1,3,14
STATION_GUY,14853,12,2,4,18
STATION_GUY,37685,14,1,4,19
STATION_GUY,1256,5,0,4,9
STATION_GUY,1304,7,1,4,12
STATION_GUY,6724,13,0,3,16
STATION_GUY,6118,12,1,2,15
STATION_GUY,632,7,1,4,12
UTILITY_GUY,8866,15,1,2,18
STATION_GUY,3115,12,2,2,16
STATION_GUY,946,8,0,3,11
STATION_GUY,8276,10,1,1,12
STATION_GUY,1090,10,2,4,16
UTILITY_GUY,3269,13,2,2,17
STATION_GUY,2792,11,2,3,16
,,,,
STATION_GUY,5159,8,1,3,12
STATION_GUY,3374,12,2,4,18
UTILITY_GUY,2982,13,2,2,17
UTILITY_GUY,25101,11,1,1,13
,,,,
,,,,
UTILITY_GUY,19363,13,1,1,15
UTILITY_GUY,19570,14,2,1,17
UTILITY_GUY,579,8,1,1,10
UTILITY_GUY,14249,12,0,2,14
,,,,
UTILITY_GUY,15129,12,2,1,15
STATION_GUY,13994,9,1,2,12
STATION_GUY,9302,11,0,4,15
STATION_GUY,484,8,1,2,11
STATION_GUY,7854,13,1,4,18
,,,,
STATION_GUY,5148,11,1,4,16
STATION_GUY,2189,7,2,3,12
UTILITY_GUY,26640,13,2,1,16
UTILITY_GUY,5118,11,2,2,15
STATION_GUY,8999,13,1,3,17
UTILITY_GUY,3299,9,2,2,13
STATION_GUY,14115,13,2,3,18
,,,,
UTILITY_GUY,5603,14,0,2,16
STATION_GUY,11155,12,0,2,14
STATION_GUY,921,7,2,1,10
UTILITY_GUY,22087,12,2,3,17
STATION_GUY,2744,11,1,4,16
STATION_GUY,484,5,2,3,10
UTILITY_GUY,23128,12,1,1,14
STATION_GUY,9648,10,1,2,13
UTILITY_GUY,4974,14,2,2,18
UTILITY_GUY,469,7,0,2,9
UTILITY_GUY,15563,12,1,3,16
UTILITY_GUY,5377,16,2,1,19
UTILITY_GUY,733,3,0,3,6
STATION_GUY,813,3,2,1,6
STATION_GUY,1266,9,1,3,13
STATION_GUY,1580,2,0,1,3
UTILITY_GUY,14611,9,1,2,12
,,,,
STATION_GUY,22239,11,0,2,13
UTILITY_GUY,46470,11,2,0,13
,,,,
UTILITY_GUY,905,5,1,0,6
STATION_GUY,737,9,1,2,12
STATION_GUY,331,9,1,1,11
,,,,
STATION_GUY,620,8,1,4,13
STATION_GUY,1050,4,0,1,5
STATION_GUY,497,5,2,2,9
UTILITY_GUY,11607,10,2,1,13
UTILITY_GUY,99976,13,1,2,16
UTILITY_GUY,3331,6,2,2,10
STATION_GUY,10180,12,0,1,13
STATION_GUY,16756,12,0,2,14
UTILITY_GUY,41814,11,1,1,13
STATION_GUY,28452,14,1,2,17
STATION_GUY,83359,9,0,3,12
UTILITY_GUY,1163,8,2,2,12
,,,,
STATION_GUY,22291,10,1,3,14
UTILITY_GUY,9876,10,1,3,14
UTILITY_GUY,19263,14,2,2,18
STATION_GUY,4380,16,1,1,18
,,,,
STATION_GUY,2276,8,1,4,13
STATION_GUY,890,6,1,3,10
UTILITY_GUY,13047,13,2,2,17
STATION_GUY,1574,9,0,4,13
UTILITY_GUY,1937,7,1,0,8
UTILITY_GUY,737,6,1,2,9
STATION_GUY,12813,12,0,3,15
,,,,
UTILITY_GUY,27912,14,2,1,17
UTILITY_GUY,170,7,1,3,11
STATION_GUY,914,8,2,3,13
STATION_GUY,15364,14,0,2,16
STATION_GUY,1014,3,1,3,7
STATION_GUY,33028,9,1,3,13
,,,,
STATION_GUY,9593,14,0,2,16
UTILITY_GUY,13820,9,2,1,12
UTILITY_GUY,395,8,2,0,10
STATION_GUY,11406,15,0,3,18
UTILITY_GUY,14589,13,1,3,17
,,,,
UTILITY_GUY,486,8,1,0,9
STATION_GUY,1446,5,0,3,8
STATION_GUY,16866,11,1,4,16
STATION_GUY,1348,6,1,3,10
STATION_GUY,15934,13,1,2,16
STATION_GUY,2158,12,1,3,16
UTILITY_GUY,11017,9,0,1,10
UTILITY_GUY,320,5,1,2,8
STATION_GUY,989,8,0,4,12
STATION_GUY,16151,11,0,3,14
UTILITY_GUY,13388,9,1,1,11
UTILITY_GUY,12067,10,1,1,12
,,,,
STATION_GUY,16258,11,1,3,15
STATION_GUY,24792,14,1,2,17
STATION_GUY,69139,13,1,2,16
STATION_GUY,16062,11,0,3,14
STATION_GUY,1286,7,1,4,12
STATION_GUY,733,11,0,2,13
STATION_GUY,6094,9,0,2,11
STATION_GUY,1440,5,1,3,9
STATION_GUY,3269,13,2,2,17
STATION_GUY,5577,13,1,4,18
STATION_GUY,1798,6,0,4,10
STATION_GUY,1184,13,2,4,19
UTILITY_GUY,12321,11,1,3,15
STATION_GUY,10024,11,0,3,14
,,,,
STATION_GUY,5410,9,1,3,13
UTILITY_GUY,15741,9,1,2,12
STATION_GUY,2431,10,1,4,15
STATION_GUY,11523,13,1,3,17
,,,,
UTILITY_GUY,1235,2,0,0,2
,,,,
STATION_GUY,17695,14,1,3,18
STATION_GUY,786,8,0,3,11
STATION_GUY,1058,5,1,3,9
UTILITY_GUY,47962,13,1,3,17
UTILITY_GUY,8874,11,1,1,13
STATION_GUY,1083,5,1,2,8
STATION_GUY,13864,13,1,3,17
STATION_GUY,14086,10,1,3,14
STATION_GUY,3046,9,0,4,13
UTILITY_GUY,586,5,2,1,8
STATION_GUY,30765,10,1,1,12
UTILITY_GUY,1425,3,2,0,5
STATION_GUY,2459,9,1,4,14
UTILITY_GUY,249,9,0,0,9
STATION_GUY,16307,11,1,2,14
STATION_GUY,1843,2,1,4,7
UTILITY_GUY,23643,11,2,1,14
STATION_GUY,2232,13,1,4,18
,,,,
STATION_GUY,4906,10,2,4,16
STATION_GUY,4289,7,1,4,12
UTILITY_GUY,29088,12,2,2,16
STATION_GUY,14816,13,0,1,14
,,,,
UTILITY_GUY,19635,13,2,2,17
UTILITY_GUY,37367,10,1,1,12
STATION_GUY,5539,15,1,2,18
UTILITY_GUY,11782,15,2,3,20
UTILITY_GUY,21529,13,1,2,16
UTILITY_GUY,15349,12,1,2,15
STATION_GUY,3741,12,0,4,16
UTILITY_GUY,710,5,2,0,7
STATION_GUY,1579,7,1,4,12
STATION_GUY,18497,11,1,3,15
UTILITY_GUY,11114,13,1,1,15
STATION_GUY,1122,11,0,3,14
,,,,
STATION_GUY,2003,4,2,3,9
STATION_GUY,9355,11,0,4,15
UTILITY_GUY,19595,9,2,1,12
STATION_GUY,2164,14,0,4,18
STATION_GUY,11847,11,1,2,14
UTILITY_GUY,2425,6,1,3,10
UTILITY_GUY,5411,12,1,0,13
UTILITY_GUY,22401,13,1,1,15
STATION_GUY,9204,13,1,4,18
UTILITY_GUY,5614,10,2,2,14
STATION_GUY,5335,14,0,4,18
STATION_GUY,5365,11,0,4,15
STATION_GUY,4967,11,0,3,14
STATION_GUY,25052,13,1,3,17
STATION_GUY,19417,11,0,2,13
UTILITY_GUY,5645,11,2,2,15
UTILITY_GUY,243,7,1,3,11
STATION_GUY,6385,12,0,3,15
UTILITY_GUY,3287,11,2,4,17
UTILITY_GUY,407,5,1,0,6
UTILITY_GUY,5038,11,2,1,14
STATION_GUY,1310,9,1,1,11
UTILITY_GUY,16104,15,1,1,17
STATION_GUY,870,3,1,4,8
STATION_GUY,4378,9,1,4,14
UTILITY_GUY,649,9,1,4,14
,,,,
UTILITY_GUY,21184,13,1,2,16
STATION_GUY,1232,6,0,4,10
STATION_GUY,482,3,0,4,7
STATION_GUY,2490,9,1,3,13
STATION_GUY,707,11,0,4,15
STATION_GUY,9383,13,0,2,15
STATION_GUY,8785,13,1,2,16
,,,,
STATION_GUY,7852,9,0,3,12
STATION_GUY,9105,10,1,2,13
UTILITY_GUY,87850,10,1,1,12
STATION_GUY,467,8,1,2,11
STATION_GUY,2839,9,0,4,13
STATION_GUY,8030,15,0,3,18
STATION_GUY,16422,13,1,3,17
STATION_GUY,2394,3,1,4,8
,,,,
UTILITY_GUY,2085,9,2,3,14
STATION_GUY,6248,13,0,3,16
STATION_GUY,2243,12,0,3,15
STATION_GUY,8280,14,0,3,17
UTILITY_GUY,9443,13,2,2,17
UTILITY_GUY,13186,14,2,1,17
STATION_GUY,1042,8,0,4,12
STATION_GUY,1224,5,0,4,9
,,,,
STATION_GUY,6840,13,0,2,15
STATION_GUY,16357,13,1,3,17
STATION_GUY,4607,14,1,4,19
STATION_GUY,1722,8,0,4,12
STATION_GUY,17789,13,1,1,15
STATION_GUY,1140,2,0,2,4
STATION_GUY,20339,10,0,2,12
UTILITY_GUY,4669,13,2,1,16
STATION_GUY,2627,11,1,4,16
STATION_GUY,1728,9,0,4,13
STATION_GUY,16884,12,0,2,14
STATION_GUY,3156,10,1,4,15
STATION_GUY,2625,6,1,3,10
STATION_GUY,1470,5,0,4,9
STATION_GUY,867,5,1,3,9
UTILITY_GUY,15481,12,2,1,15
STATION_GUY,960,10,1,4,15
UTILITY_GUY,4207,12,1,1,14
UTILITY_GUY,9145,10,2,1,13
STATION_GUY,29368,12,0,4,16
UTILITY_GUY,28829,14,2,1,17
STATION_GUY,12074,13,0,2,15
UTILITY_GUY,32795,12,1,1,14
,,,,
UTILITY_GUY,40757,14,2,1,17
STATION_GUY,62381,13,0,3,16
UTILITY_GUY,843,5,2,2,9
STATION_GUY,14894,13,0,3,16
STATION_GUY,11623,13,1,2,16
,,,,
,,,,
UTILITY_GUY,654,6,2,1,9
STATION_GUY,15908,12,1,3,16
UTILITY_GUY,7303,11,1,1,13
STATION_GUY,1407,4,1,4,9
STATION_GUY,1584,9,0,3,12
UTILITY_GUY,3222,10,2,4,16
UTILITY_GUY,10069,10,2,2,14
STATION_GUY,4680,7,1,3,11
STATION_GUY,7025,17,1,1,19
STATION_GUY,21950,12,0,2,14
,,,,
STATION_GUY,1100,3,1,2,6
UTILITY_GUY,1139,6,1,1,8
,,,,
STATION_GUY,22686,9,1,3,13
STATION_GUY,5534,10,1,4,15
STATION_GUY,28424,13,0,2,15
STATION_GUY,1446,5,1,3,9
,,,,
STATION_GUY,12058,10,1,3,14
UTILITY_GUY,45489,12,1,1,14
UTILITY_GUY,338,7,1,0,8
,,,,
STATION_GUY,2873,11,0,4,15
STATION_GUY,2002,11,0,4,15
STATION_GUY,828,3,0,3,6
UTILITY_GUY,1049,6,2,2,10
UTILITY_GUY,17426,15,2,1,18
UTILITY_GUY,12954,11,1,1,13
UTILITY_GUY,5472,15,1,4,20
UTILITY_GUY,1053,0,1,0,1
STATION_GUY,44055,12,1,3,16
STATION_GUY,12074,11,1,2,14
UTILITY_GUY,290,5,1,3,9
STATION_GUY,32393,12,1,1,14
UTILITY_GUY,13610,13,1,3,17
STATION_GUY,18393,13,1,3,17
UTILITY_GUY,1742,7,2,3,12
STATION_GUY,617,5,1,3,9
UTILITY_GUY,4626,7,1,0,8
,,,,
STATION_GUY,10188,13,2,2,17
STATION_GUY,8500,11,0,3,14
STATION_GUY,17892,9,0,3,12
UTILITY_GUY,300,8,1,3,12
STATION_GUY,1458,9,0,4,13
STATION_GUY,602,3,2,2,7
STATION_GUY,9378,16,1,2,19
UTILITY_GUY,742,11,0,1,12
STATION_GUY,23726,15,1,2,18
STATION_GUY,10362,12,1,1,14
,,,,
UTILITY_GUY,1897,4,1,1,6
STATION_GUY,4865,13,1,4,18
UTILITY_GUY,632,7,1,2,10
STATION_GUY,7092,11,0,3,14
STATION_GUY,12610,13,0,3,16
STATION_GUY,7456,11,0,2,13
STATION_GUY,13560,10,1,3,14
STATION_GUY,283,7,0,3,10
UTILITY_GUY,2548,7,2,2,11
UTILITY_GUY,30604,12,2,1,15
STATION_GUY,2416,9,2,4,15
UTILITY_GUY,924,5,1,0,6
STATION_GUY,20869,16,1,1,18
UTILITY_GUY,200,7,0,0,7
UTILITY_GUY,1074,3,0,0,3
STATION_GUY,21190,10,0,2,12
STATION_GUY,13547,14,1,3,18
STATION_GUY,300,8,0,1,9
STATION_GUY,1362,9,0,3,12
,,,,
,,,,
UTILITY_GUY,24784,12,2,1,15
STATION_GUY,647,7,0,2,9
STATION_GUY,801,7,0,2,9
STATION_GUY,1502,8,1,4,13
UTILITY_GUY,1360,4,1,1,6
STATION_GUY,50544,14,2,1,17
,,,,
STATION_GUY,1266,6,1,4,11
STATION_GUY,13157,14,1,4,19
STATION_GUY,7215,9,1,3,13
STATION_GUY,5111,15,0,3,18
STATION_GUY,3534,11,1,4,16
,,,,
,,,,
STATION_GUY,885,5,1,2,8
STATION_GUY,10672,13,0,3,16
UTILITY_GUY,45752,12,2,1,15
STATION_GUY,992,6,1,2,9
STATION_GUY,375,6,0,3,9
UTILITY_GUY,41634,14,1,2,17
,,,,
,,,,
,,,,
UTILITY_GUY,27854,9,1,3,13
STATION_GUY,9960,14,1,3,18
STATION_GUY,23948,12,1,2,15
STATION_GUY,15407,15,1,2,18
STATION_GUY,15193,13,0,3,16
UTILITY_GUY,86,11,0,1,12
STATION_GUY,2792,10,1,4,15
STATION_GUY,1568,8,1,4,13
STATION_GUY,34671,13,1,3,17
UTILITY_GUY,56407,13,2,0,15
UTILITY_GUY,41899,10,1,2,13
STATION_GUY,1331,8,2,2,12
UTILITY_GUY,22149,13,2,2,17
STATION_GUY,20225,14,1,2,17
STATION_GUY,13543,13,0,3,16
STATION_GUY,4134,8,2,4,14
,,,,
UTILITY_GUY,6737,13,1,3,17
,,,,
UTILITY_GUY,1119,2,1,1,4
STATION_GUY,4656,14,0,2,16
STATION_GUY,8954,14,1,3,18
STATION_GUY,8823,13,0,3,16
STATION_GUY,11336,14,1,3,18
STATION_GUY,1182,4,0,0,4
STATION_GUY,1781,9,0,4,13
STATION_GUY,11249,13,1,3,17
STATION_GUY,1080,6,0,3,9
STATION_GUY,3165,10,0,4,14
UTILITY_GUY,8764,10,1,1,12
STATION_GUY,44132,11,0,2,13
UTILITY_GUY,3738,11,1,3,15
STATION_GUY,3290,11,1,4,16
UTILITY_GUY,17336,12,2,2,16
STATION_GUY,36078,12,1,2,15
UTILITY_GUY,7085,10,1,2,13
STATION_GUY,6635,13,0,2,15
,,,,
STATION_GUY,10077,13,0,2,15
,,,,
,,,,
STATION_GUY,1591,11,0,4,15
UTILITY_GUY,52530,14,1,1,16
UTILITY_GUY,43522,12,2,2,16
UTILITY_GUY,32957,9,2,1,12
UTILITY_GUY,7112,12,2,1,15
UTILITY_GUY,732,2,1,1,4
STATION_GUY,1804,6,1,4,11
STATION_GUY,1718,2,0,0,2
,,,,
STATION_GUY,1859,10,1,4,15
UTILITY_GUY,17989,11,1,1,13
UTILITY_GUY,630,6,2,0,8
UTILITY_GUY,790,9,1,4,14
UTILITY_GUY,7446,12,2,2,16
UTILITY_GUY,1111,7,2,1,10
UTILITY_GUY,17103,13,1,2,16
STATION_GUY,24600,12,0,3,15
STATION_GUY,930,9,1,4,14
UTILITY_GUY,45249,13,2,0,15
UTILITY_GUY,1178,7,0,0,7
UTILITY_GUY,10825,10,2,1,13
STATION_GUY,8550,9,1,1,11
UTILITY_GUY,27816,10,2,1,13
STATION_GUY,2920,13,1,4,18
STATION_GUY,18550,12,1,4,17
STATION_GUY,1017,2,0,2,4
STATION_GUY,59720,14,1,1,16
STATION_GUY,892,11,1,4,16
UTILITY_GUY,8585,11,2,3,16
STATION_GUY,33208,11,2,2,15
UTILITY_GUY,19264,12,2,1,15
STATION_GUY,56008,10,1,3,14
,,,,
STATION_GUY,7690,14,0,4,18
STATION_GUY,2440,8,2,4,14
STATION_GUY,51079,14,1,2,17
STATION_GUY,2452,7,1,4,12
STATION_GUY,42945,13,1,2,16
STATION_GUY,440,7,1,0,8
STATION_GUY,10032,14,1,3,18
STATION_GUY,30758,10,1,2,13
STATION_GUY,13584,13,2,2,17
UTILITY_GUY,667,5,2,1,8
STATION_GUY,5720,8,0,4,12
STATION_GUY,29569,11,0,3,14
STATION_GUY,12814,11,1,3,15
UTILITY_GUY,13559,12,1,3,16
STATION_GUY,14395,10,0,3,13
STATION_GUY,3445,11,0,4,15
UTILITY_GUY,1716,10,2,3,15
STATION_GUY,2185,11,0,4,15
STATION_GUY,17368,12,1,3,16
STATION_GUY,7316,12,0,2,14
STATION_GUY,16159,11,0,3,14
STATION_GUY,21316,12,2,1,15
STATION_GUY,1348,9,2,2,13
UTILITY_GUY,9394,14,2,1,17
STATION_GUY,4314,9,1,4,14
UTILITY_GUY,474,4,2,2,8
STATION_GUY,15158,12,0,3,15
STATION_GUY,9472,9,1,4,14
STATION_GUY,4264,12,1,4,17
,,,,
UTILITY_GUY,9776,10,2,2,14
STATION_GUY,5859,15,0,3,18
,,,,
UTILITY_GUY,614,3,0,1,4
STATION_GUY,1164,10,0,4,14
STATION_GUY,97427,14,0,2,16
UTILITY_GUY,17810,10,0,2,12
STATION_GUY,533,5,0,3,8
UTILITY_GUY,794,4,2,1,7
,,,,
STATION_GUY,3053,11,1,4,16
UTILITY_GUY,94011,10,1,1,12
UTILITY_GUY,6761,13,2,3,18
STATION_GUY,1726,4,0,0,4
STATION_GUY,1920,13,0,4,17
UTILITY_GUY,14806,14,0,1,15
,,,,
STATION_GUY,12477,12,1,3,16
,,,,
,,,,
,,,,
STATION_GUY,2054,9,0,4,13
STATION_GUY,8435,15,2,4,21
UTILITY_GUY,634,7,1,0,8
,,,,
STATION_GUY,407,5,0,4,9
STATION_GUY,19101,11,1,2,14
STATION_GUY,52627,12,1,2,15
STATION_GUY,2119,7,0,3,10
,,,,
STATION_GUY,33561,13,1,2,16
STATION_GUY,1302,8,0,3,11
STATION_GUY,4696,15,1,4,20
STATION_GUY,712,5,0,2,7
,,,,
STATION_GUY,14338,12,1,1,14
STATION_GUY,7705,13,1,3,17
UTILITY_GUY,26293,14,1,1,16
UTILITY_GUY,1291,5,2,2,9
UTILITY_GUY,694,5,2,0,7
STATION_GUY,517,8,1,2,11
STATION_GUY,1552,11,0,3,14
UTILITY_GUY,196,6,0,1,7
STATION_GUY,6209,13,1,4,18
STATION_GUY,25396,13,1,3,17
,,,,
STATION_GUY,9577,13,0,3,16
,,,,
STATION_GUY,10012,11,2,1,14
UTILITY_GUY,1721,7,2,4,13
UTILITY_GUY,18936,13,2,1,16
,,,,
UTILITY_GUY,19678,9,2,1,12
STATION_GUY,3060,11,0,4,15
STATION_GUY,45252,9,1,2,12
UTILITY_GUY,1680,5,1,0,6
STATION_GUY,4386,11,1,4,16
UTILITY_GUY,17263,11,1,3,15
STATION_GUY,2375,10,1,4,15
STATION_GUY,9479,12,0,3,15
UTILITY_GUY,1410,5,1,2,8
UTILITY_GUY,12017,10,1,0,11
STATION_GUY,4490,15,1,3,19
,,,,
,,,,
STATION_GUY,1619,9,0,3,12
UTILITY_GUY,41376,10,2,1,13
UTILITY_GUY,8957,11,2,3,16
STATION_GUY,36631,12,1,2,15
,,,,
UTILITY_GUY,28055,12,1,1,14
STATION_GUY,19982,13,1,2,16
,,,,
UTILITY_GUY,690,5,1,0,6
STATION_GUY,22507,11,0,4,15
STATION_GUY,776,5,0,2,7
UTILITY_GUY,15649,9,1,1,11
STATION_GUY,11308,9,1,4,14
UTILITY_GUY,86394,13,2,1,16
UTILITY_GUY,28494,13,2,0,15
,,,,
,,,,
STATION_GUY,2797,10,0,4,14
STATION_GUY,1558,10,0,4,14
STATION_GUY,20625,13,0,2,15
UTILITY_GUY,28099,14,1,1,16
STATION_GUY,708,8,1,3,12
UTILITY_GUY,35426,14,2,0,16
STATION_GUY,327,9,0,2,11
STATION_GUY,9903,12,0,1,13
STATION_GUY,28948,15,0,3,18
UTILITY_GUY,581,9,0,0,9
UTILITY_GUY,921,7,1,0,8
STATION_GUY,5228,14,0,2,16
UTILITY_GUY,21935,14,2,1,17
STATION_GUY,49517,12,0,2,14
STATION_GUY,8403,11,1,3,15
STATION_GUY,15587,11,1,3,15
STATION_GUY,4794,16,1,3,20
STATION_GUY,6075,12,1,4,17
UTILITY_GUY,25697,11,1,2,14
UTILITY_GUY,48621,14,1,2,17
UTILITY_GUY,431,5,2,3,10
UTILITY_GUY,1460,7,2,1,10
UTILITY_GUY,32520,10,2,0,12
STATION_GUY,18204,13,0,4,17
UTILITY_GUY,6967,10,1,1,12
STATION_GUY,1831,7,1,4,12
STATION_GUY,12681,14,2,2,18
STATION_GUY,1923,9,0,4,13
,,,,
UTILITY_GUY,344,6,2,0,8
STATION_GUY,527,7,0,3,10
,,,,
STATION_GUY,8387,13,0,3,16
STATION_GUY,2287,10,0,4,14
STATION_GUY,2379,6,0,4,10
,,,,
,,,,
STATION_GUY,4435,12,1,3,16
UTILITY_GUY,7729,10,1,3,14
STATION_GUY,15748,15,1,1,17
STATION_GUY,7367,11,0,1,12
STATION_GUY,684,5,0,2,7
UTILITY_GUY,11236,14,2,1,17
UTILITY_GUY,53071,10,1,2,13
STATION_GUY,489,6,1,4,11
STATION_GUY,24319,12,0,1,13
,,,,
UTILITY_GUY,32018,9,0,1,10
UTILITY_GUY,48867,14,2,1,17
UTILITY_GUY,9791,12,0,1,13
UTILITY_GUY,24986,8,2,2,12
UTILITY_GUY,32853,14,1,2,17
STATION_GUY,2954,10,1,3,14
STATION_GUY,2455,9,1,4,14
STATION_GUY,1492,7,0,4,11
STATION_GUY,896,4,0,0,4
STATION_GUY,27627,13,0,2,15
UTILITY_GUY,448,8,1,0,9
STATION_GUY,5135,10,1,4,15
UTILITY_GUY,12814,9,2,2,13
UTILITY_GUY,12420,14,1,1,16
UTILITY_GUY,1001,4,2,1,7
UTILITY_GUY,3323,9,2,2,13
STATION_GUY,7617,16,1,4,21
STATION_GUY,512,3,1,3,7
STATION_GUY,2945,12,0,4,16
UTILITY_GUY,33390,12,1,1,14
STATION_GUY,29625,12,1,1,14
STATION_GUY,3215,11,1,3,15
STATION_GUY,13852,13,0,4,17
STATION_GUY,2688,7,0,4,11
UTILITY_GUY,232,10,1,2,13
STATION_GUY,8127,14,1,4,19
STATION_GUY,4758,12,1,3,16
STATION_GUY,1601,11,1,3,15
UTILITY_GUY,44506,14,1,0,15
STATION_GUY,2444,11,1,4,16
STATION_GUY,10546,9,2,3,14
UTILITY_GUY,976,11,2,2,15
,,,,
,,,,
,,,,
STATION_GUY,652,10,1,2,13
STATION_GUY,17576,11,0,3,14
STATION_GUY,3154,10,1,3,14
STATION_GUY,1246,6,1,4,11
STATION_GUY,827,5,0,2,7
UTILITY_GUY,625,8,2,0,10
UTILITY_GUY,13846,16,2,1,19
UTILITY_GUY,1175,6,1,1,8
STATION_GUY,10511,11,0,4,15
STATION_GUY,1484,10,0,3,13
STATION_GUY,13746,12,1,2,15
STATION_GUY,1194,9,2,2,13
UTILITY_GUY,8793,16,2,1,19
STATION_GUY,923,3,0,1,4
STATION_GUY,3977,8,2,4,14
UTILITY_GUY,30003,13,1,1,15
STATION_GUY,1747,8,1,4,13
UTILITY_GUY,27008,12,0,2,14
STATION_GUY,14019,10,0,1,11
STATION_GUY,628,2,0,4,6
UTILITY_GUY,27004,12,1,2,15
,,,,
STATION_GUY,12118,14,1,2,17
STATION_GUY,359,9,1,3,13
,,,,
UTILITY_GUY,3128,12,0,2,14
STATION_GUY,4726,16,1,3,20
UTILITY_GUY,8044,10,2,2,14
STATION_GUY,24155,12,1,1,14
STATION_GUY,3079,10,1,3,14
UTILITY_GUY,90,5,0,1,6
STATION_GUY,16280,14,0,3,17
STATION_GUY,13095,14,1,4,19
,,,,
STATION_GUY,12033,13,0,3,16
STATION_GUY,1459,5,0,3,8
STATION_GUY,24673,15,0,2,17
UTILITY_GUY,1022,7,1,3,11
UTILITY_GUY,9546,16,1,1,18
STATION_GUY,7947,16,0,3,19
,,,,
,,,,
STATION_GUY,8850,11,0,3,14
UTILITY_GUY,15452,12,1,1,14
UTILITY_GUY,16817,14,1,1,16
STATION_GUY,6070,8,1,3,12
STATION_GUY,4031,10,0,4,14
STATION_GUY,85285,12,0,3,15
UTILITY_GUY,943,10,2,1,13
STATION_GUY,29199,12,2,3,17
UTILITY_GUY,19705,13,2,2,17
UTILITY_GUY,838,3,1,1,5
STATION_GUY,758,6,0,2,8
STATION_GUY,21734,13,1,2,16
STATION_GUY,6052,10,0,4,14
STATION_GUY,1322,8,0,3,11
UTILITY_GUY,28040,13,2,3,18
STATION_GUY,2203,3,2,4,9
STATION_GUY,11331,11,0,2,13
,,,,
,,,,
,,,,
,,,,
,,,,
,,,,
UTILITY_GUY,1739,1,1,1,3
STATION_GUY,1446,3,1,4,8
STATION_GUY,22002,14,0,3,17
STATION_GUY,13766,13,1,3,17
UTILITY_GUY,28829,12,1,2,15
STATION_GUY,11577,12,0,3,15
STATION_GUY,783,7,1,4,12
STATION_GUY,971,7,0,2,9
,,,,
,,,,
STATION_GUY,27166,13,1,3,17
,,,,
,,,,
