strategy,money,countries,utilities,stations,totalLandsOwned
STATION_GUY,22265,12,1,1,14
UTILITY_GUY,30292,10,1,2,13
STATION_GUY,2507,8,1,3,12
UTILITY_GUY,5114,12,2,2,16
UTILITY_GUY,9473,12,2,2,16
UTILITY_GUY,1205,11,1,1,13
STATION_GUY,8753,12,0,4,16
STATION_GUY,919,7,1,4,12
STATION_GUY,39359,11,0,3,14
STATION_GUY,7543,11,0,4,15
,,,,
UTILITY_GUY,2786,10,2,3,15
STATION_GUY,1593,4,1,4,9
STATION_GUY,12127,8,1,3,12
,,,,
,,,,
STATION_GUY,17474,12,0,3,15
UTILITY_GUY,50443,10,1,2,13
STATION_GUY,7149,10,1,4,15
UTILITY_GUY,6616,12,2,2,16
STATION_GUY,38153,10,0,3,13
STATION_GUY,75899,10,0,3,13
UTILITY_GUY,16460,12,2,1,15
STATION_GUY,7945,13,0,2,15
STATION_GUY,1023,8,0,1,9
STATION_GUY,19264,10,1,3,14
STATION_GUY,2269,9,1,4,14
UTILITY_GUY,808,6,1,1,8
STATION_GUY,4408,12,1,4,17
STATION_GUY,4146,9,1,4,14
UTILITY_GUY,4726,13,1,1,15
STATION_GUY,9046,12,0,1,13
UTILITY_GUY,80849,10,2,1,13
STATION_GUY,8354,15,0,2,17
STATION_GUY,6463,11,0,3,14
STATION_GUY,2850,5,0,4,9
STATION_GUY,670,8,1,4,13
STATION_GUY,21844,11,0,4,15
STATION_GUY,11798,11,1,3,15
STATION_GUY,2373,6,0,4,10
UTILITY_GUY,1043,5,1,1,7
UTILITY_GUY,1032,3,1,0,4
UTILITY_GUY,856,8,0,0,8
UTILITY_GUY,2617,15,1,2,18
STATION_GUY,6459,14,1,2,17
STATION_GUY,957,11,0,4,15
UTILITY_GUY,2553,10,1,3,14
UTILITY_GUY,24468,12,2,3,17
STATION_GUY,2665,4,0,4,8
UTILITY_GUY,14526,11,2,1,14
STATION_GUY,23932,13,0,3,16
STATION_GUY,11689,10,1,2,13
UTILITY_GUY,863,5,2,0,7
UTILITY_GUY,6156,14,1,2,17
STATION_GUY,8991,14,1,2,17
STATION_GUY,805,7,1,3,11
STATION_GUY,10898,13,1,1,15
UTILITY_GUY,1133,3,1,1,5
UTILITY_GUY,252,8,0,1,9
UTILITY_GUY,9329,12,2,1,15
UTILITY_GUY,5277,13,1,1,15
UTILITY_GUY,10147,11,2,0,13
STATION_GUY,1073,8,0,4,12
STATION_GUY,4604,11,0,4,15
UTILITY_GUY,18987,13,2,1,16
STATION_GUY,5881,10,0,2,12
STATION_GUY,13193,10,0,3,13
,,,,
STATION_GUY,798,6,2,3,11
,,,,
STATION_GUY,945,4,1,1,6
STATION_GUY,11908,15,1,2,18
UTILITY_GUY,57358,14,2,0,16
,,,,
,,,,
UTILITY_GUY,21752,13,1,2,16
UTILITY_GUY,826,5,1,0,6
,,,,
UTILITY_GUY,3705,13,1,2,16
STATION_GUY,13404,13,1,3,17
,,,,
STATION_GUY,25602,13,1,2,16
UTILITY_GUY,23248,10,2,0,12
STATION_GUY,1828,8,1,4,13
UTILITY_GUY,71994,13,2,1,16
STATION_GUY,16200,14,0,3,17
UTILITY_GUY,41777,16,2,1,19
STATION_GUY,1498,6,1,4,11
,,,,
STATION_GUY,19367,11,0,2,13
,,,,
STATION_GUY,5013,9,1,4,14
UTILITY_GUY,14888,14,2,1,17
STATION_GUY,93906,12,0,2,14
UTILITY_GUY,1341,3,2,1,6
UTILITY_GUY,56121,12,1,1,14
STATION_GUY,1353,13,1,3,17
UTILITY_GUY,13171,12,0,2,14
STATION_GUY,246,6,0,2,8
STATION_GUY,1044,4,0,2,6
STATION_GUY,9225,11,1,3,15
UTILITY_GUY,12645,13,1,1,15
UTILITY_GUY,23333,10,1,2,13
STATION_GUY,7344,12,1,3,16
STATION_GUY,15498,14,0,1,15
UTILITY_GUY,491,8,2,2,12
UTILITY_GUY,2895,8,2,2,12
STATION_GUY,8404,11,0,4,15
UTILITY_GUY,29337,13,1,2,16
UTILITY_GUY,33989,14,1,2,17
STATION_GUY,4310,10,1,4,15
STATION_GUY,14206,12,0,4,16
STATION_GUY,11187,12,0,3,15
STATION_GUY,14024,14,1,2,17
STATION_GUY,35688,12,0,3,15
UTILITY_GUY,8405,13,2,1,16
STATION_GUY,1722,7,0,3,10
STATION_GUY,23020,12,0,4,16
STATION_GUY,752,5,0,4,9
UTILITY_GUY,14695,14,2,1,17
STATION_GUY,808,5,0,4,9
STATION_GUY,5465,10,2,4,16
UTILITY_GUY,44719,12,0,1,13
UTILITY_GUY,4916,14,1,1,16
UTILITY_GUY,12581,11,2,0,13
UTILITY_GUY,6940,17,2,1,20
STATION_GUY,1389,4,0,4,8
UTILITY_GUY,16600,14,1,2,17
STATION_GUY,8402,12,0,4,16
UTILITY_GUY,12864,13,1,2,16
UTILITY_GUY,18,7,1,0,8
STATION_GUY,586,7,0,2,9
STATION_GUY,21732,13,1,2,16
,,,,
,,,,
STATION_GUY,1114,2,0,1,3
STATION_GUY,1268,2,1,2,5
UTILITY_GUY,1373,6,2,3,11
STATION_GUY,4085,10,0,4,14
UTILITY_GUY,26404,13,2,1,16
STATION_GUY,50028,13,0,3,16
UTILITY_GUY,28039,11,2,0,13
STATION_GUY,1596,3,0,3,6
UTILITY_GUY,9884,14,2,2,18
STATION_GUY,5557,10,0,4,14
UTILITY_GUY,6743,13,2,2,17
STATION_GUY,3091,10,2,4,16
UTILITY_GUY,46108,10,1,2,13
UTILITY_GUY,24610,12,1,3,16
UTILITY_GUY,16688,12,0,4,16
UTILITY_GUY,11512,8,1,3,12
STATION_GUY,19250,10,0,3,13
UTILITY_GUY,34282,13,2,2,17
,,,,
STATION_GUY,2260,10,1,4,15
,,,,
STATION_GUY,1413,12,1,4,17
STATION_GUY,584,6,0,3,9
STATION_GUY,13649,11,1,3,15
UTILITY_GUY,43648,11,0,2,13
STATION_GUY,1775,11,0,3,14
STATION_GUY,6113,13,1,2,16
UTILITY_GUY,13111,10,2,1,13
UTILITY_GUY,1021,5,1,0,6
UTILITY_GUY,16346,9,1,1,11
STATION_GUY,1027,7,1,3,11
STATION_GUY,13015,14,0,4,18
STATION_GUY,8177,9,1,4,14
UTILITY_GUY,1205,11,0,2,13
STATION_GUY,19351,11,0,3,14
STATION_GUY,2588,8,0,4,12
,,,,
STATION_GUY,20556,12,1,1,14
UTILITY_GUY,31982,12,2,3,17
STATION_GUY,848,9,1,3,13
UTILITY_GUY,16713,14,2,1,17
UTILITY_GUY,560,7,1,0,8
STATION_GUY,60430,10,1,3,14
STATION_GUY,540,7,1,3,11
STATION_GUY,900,6,1,2,9
UTILITY_GUY,898,8,0,2,10
UTILITY_GUY,9274,11,1,2,14
STATION_GUY,1761,9,0,4,13
STATION_GUY,14965,13,2,3,18
UTILITY_GUY,16151,10,2,1,13
STATION_GUY,892,8,1,1,10
UTILITY_GUY,986,3,2,1,6
UTILITY_GUY,1042,6,1,2,9
UTILITY_GUY,27908,11,1,2,14
STATION_GUY,26643,13,0,2,15
STATION_GUY,17621,11,1,2,14
STATION_GUY,13913,9,0,3,12
UTILITY_GUY,31125,12,1,1,14
,,,,
STATION_GUY,542,8,2,1,11
UTILITY_GUY,18955,15,1,2,18
STATION_GUY,1021,5,0,3,8
UTILITY_GUY,15127,15,1,2,18
,,,,
UTILITY_GUY,15759,12,0,2,14
STATION_GUY,313,8,0,3,11
UTILITY_GUY,1138,1,0,1,2
STATION_GUY,1738,5,0,4,9
STATION_GUY,17253,12,1,3,16
UTILITY_GUY,24022,11,2,1,14
STATION_GUY,10902,12,1,2,15
UTILITY_GUY,12192,12,1,2,15
STATION_GUY,2137,3,0,4,7
UTILITY_GUY,18500,18,2,0,20
STATION_GUY,494,7,0,3,10
STATION_GUY,811,3,0,2,5
STATION_GUY,1279,9,2,4,15
STATION_GUY,75303,15,0,3,18
UTILITY_GUY,29561,13,2,0,15
UTILITY_GUY,5477,13,1,2,16
UTILITY_GUY,23604,11,2,1,14
STATION_GUY,689,9,0,2,11
STATION_GUY,747,9,1,1,11
UTILITY_GUY,8698,11,0,3,14
STATION_GUY,3318,7,0,3,10
,,,,
UTILITY_GUY,1580,6,2,1,9
STATION_GUY,6959,11,0,4,15
UTILITY_GUY,535,7,0,1,8
UTILITY_GUY,13159,11,1,2,14
STATION_GUY,18258,15,0,3,18
,,,,
STATION_GUY,1401,5,0,4,9
STATION_GUY,36642,14,0,3,17
,,,,
STATION_GUY,545,3,0,1,4
STATION_GUY,1993,12,1,4,17
UTILITY_GUY,90244,11,2,0,13
STATION_GUY,184,3,1,2,6
STATION_GUY,19142,14,0,2,16
UTILITY_GUY,52876,10,2,2,14
UTILITY_GUY,7562,15,1,2,18
,,,,
UTILITY_GUY,6890,10,1,1,12
STATION_GUY,13429,10,0,2,12
UTILITY_GUY,27041,11,2,1,14
UTILITY_GUY,162,6,2,0,8
STATION_GUY,4801,14,1,3,18
,,,,
STATION_GUY,16968,14,1,3,18
STATION_GUY,1408,5,1,4,10
STATION_GUY,2167,10,2,4,16
STATION_GUY,3957,12,1,3,16
UTILITY_GUY,120,7,0,2,9
STATION_GUY,3562,11,2,4,17
UTILITY_GUY,1358,4,2,0,6
UTILITY_GUY,42033,11,1,3,15
STATION_GUY,2404,4,1,4,9
STATION_GUY,13374,15,1,1,17
UTILITY_GUY,9792,13,2,2,17
STATION_GUY,1254,7,0,3,10
STATION_GUY,38503,13,0,1,14
STATION_GUY,12026,10,1,3,14
STATION_GUY,13706,13,1,3,17
STATION_GUY,14931,11,1,3,15
UTILITY_GUY,2568,9,1,4,14
STATION_GUY,829,4,0,2,6
STATION_GUY,7533,14,0,3,17
UTILITY_GUY,638,9,2,1,12
UTILITY_GUY,48446,13,1,1,15
UTILITY_GUY,22810,13,2,2,17
STATION_GUY,43612,14,0,2,16
,,,,
STATION_GUY,1256,7,1,3,11
STATION_GUY,43099,10,0,3,13
STATION_GUY,5562,12,1,3,16
UTILITY_GUY,684,6,1,0,7
UTILITY_GUY,10064,12,2,2,16
UTILITY_GUY,3543,11,1,2,14
STATION_GUY,374,4,0,3,7
STATION_GUY,24643,12,1,3,16
,,,,
UTILITY_GUY,22417,12,1,2,15
STATION_GUY,1075,4,0,4,8
STATION_GUY,3671,7,1,4,12
STATION_GUY,1473,4,0,4,8
UTILITY_GUY,13758,12,2,2,16
UTILITY_GUY,30987,13,1,2,16
STATION_GUY,1477,9,0,4,13
STATION_GUY,2224,11,0,4,15
STATION_GUY,4413,10,0,4,14
UTILITY_GUY,12600,10,2,1,13
STATION_GUY,4001,8,1,3,12
STATION_GUY,875,8,0,3,11
STATION_GUY,16380,13,0,2,15
STATION_GUY,1499,4,0,4,8
STATION_GUY,762,6,1,4,11
STATION_GUY,1592,7,0,3,10
UTILITY_GUY,2851,10,2,1,13
STATION_GUY,14224,11,0,3,14
UTILITY_GUY,9655,14,2,1,17
STATION_GUY,8924,11,1,3,15
,,,,
,,,,
UTILITY_GUY,1132,5,0,3,8
UTILITY_GUY,83803,11,1,1,13
UTILITY_GUY,11137,11,2,2,15
STATION_GUY,10995,12,1,3,16
UTILITY_GUY,11786,14,2,2,18
STATION_GUY,2002,5,1,4,10
STATION_GUY,10345,12,0,4,16
STATION_GUY,35130,15,0,3,18
STATION_GUY,2491,4,0,3,7
UTILITY_GUY,1265,4,1,1,6
STATION_GUY,12602,13,0,3,16
STATION_GUY,14829,5,1,2,8
STATION_GUY,2530,6,0,3,9
UTILITY_GUY,44136,12,2,1,15
,,,,
,,,,
STATION_GUY,32440,9,0,3,12
UTILITY_GUY,9960,13,2,2,17
STATION_GUY,1141,6,1,4,11
UTILITY_GUY,296,10,2,1,13
STATION_GUY,22585,8,1,3,12
STATION_GUY,1153,3,1,2,6
,,,,
UTILITY_GUY,10301,11,2,1,14
,,,,
UTILITY_GUY,3661,14,1,1,16
STATION_GUY,944,3,1,3,7
UTILITY_GUY,854,7,0,1,8
STATION_GUY,6233,13,1,2,16
UTILITY_GUY,2950,7,1,2,10
UTILITY_GUY,22762,14,0,1,15
UTILITY_GUY,587,4,1,0,5
,,,,
UTILITY_GUY,4742,13,1,4,18
STATION_GUY,7817,12,2,4,18
STATION_GUY,3163,10,1,4,15
STATION_GUY,4304,10,2,3,15
STATION_GUY,701,7,0,2,9
STATION_GUY,442,7,0,2,9
UTILITY_GUY,19602,13,0,2,15
STATION_GUY,2759,15,0,3,18
STATION_GUY,952,3,0,2,5
STATION_GUY,987,7,1,3,11
,,,,
STATION_GUY,1672,5,2,3,10
UTILITY_GUY,15143,11,2,1,14
STATION_GUY,7838,11,1,4,16
,,,,
UTILITY_GUY,9050,12,2,2,16
UTILITY_GUY,552,4,0,1,5
STATION_GUY,1972,2,0,3,5
STATION_GUY,14224,14,0,2,16
UTILITY_GUY,21313,14,1,2,17
STATION_GUY,2626,9,2,3,14
STATION_GUY,4625,9,1,3,13
,,,,
STATION_GUY,731,3,2,1,6
STATION_GUY,1659,4,0,4,8
UTILITY_GUY,1016,6,1,1,8
STATION_GUY,2360,11,0,4,15
STATION_GUY,2019,11,1,3,15
STATION_GUY,4442,10,1,4,15
STATION_GUY,659,10,0,3,13
,,,,
UTILITY_GUY,48201,9,1,1,11
,,,,
STATION_GUY,5455,13,0,3,16
STATION_GUY,23733,15,1,2,18
STATION_GUY,24668,11,1,2,14
STATION_GUY,991,5,0,4,9
UTILITY_GUY,858,7,1,2,10
UTILITY_GUY,13045,14,2,1,17
,,,,
UTILITY_GUY,36519,11,1,2,14
STATION_GUY,632,5,0,2,7
STATION_GUY,8331,13,0,3,16
STATION_GUY,858,9,2,3,14
STATION_GUY,976,7,0,3,10
,,,,
STATION_GUY,6648,13,0,4,17
UTILITY_GUY,17444,13,2,2,17
,,,,
STATION_GUY,636,9,0,3,12
,,,,
UTILITY_GUY,19780,13,0,3,16
,,,,
STATION_GUY,38020,12,0,3,15
STATION_GUY,6631,13,0,3,16
STATION_GUY,1884,7,0,4,11
STATION_GUY,1254,6,1,3,10
STATION_GUY,2116,9,0,4,13
,,,,
STATION_GUY,639,7,0,4,11
UTILITY_GUY,38431,14,2,0,16
UTILITY_GUY,1348,5,2,0,7
,,,,
STATION_GUY,7490,13,0,4,17
STATION_GUY,489,11,1,2,14
,,,,
STATION_GUY,713,9,2,3,14
UTILITY_GUY,47258,12,2,0,14
UTILITY_GUY,8587,11,2,2,15
UTILITY_GUY,18504,15,0,1,16
UTILITY_GUY,1432,3,1,2,6
STATION_GUY,3981,12,0,2,14
,,,,
,,,,
STATION_GUY,2462,12,0,4,16
STATION_GUY,6819,11,1,2,14
UTILITY_GUY,24554,11,2,1,14
STATION_GUY,10325,12,2,3,17
STATION_GUY,10016,12,0,3,15
UTILITY_GUY,4855,6,1,1,8
UTILITY_GUY,63613,11,2,2,15
STATION_GUY,10268,13,0,4,17
UTILITY_GUY,26470,14,1,1,16
UTILITY_GUY,67378,12,1,0,13
STATION_GUY,325,7,1,1,9
STATION_GUY,2732,9,1,4,14
STATION_GUY,3467,9,0,4,13
UTILITY_GUY,1063,7,1,0,8
STATION_GUY,7620,11,0,4,15
UTILITY_GUY,919,9,1,3,13
STATION_GUY,1061,3,0,1,4
STATION_GUY,4274,12,0,4,16
UTILITY_GUY,1721,9,1,1,11
STATION_GUY,5194,7,1,4,12
UTILITY_GUY,575,3,1,3,7
STATION_GUY,14075,12,1,2,15
STATION_GUY,1386,6,0,0,6
STATION_GUY,11917,11,0,2,13
UTILITY_GUY,915,2,2,0,4
UTILITY_GUY,55169,13,1,1,15
STATION_GUY,21291,9,1,2,12
STATION_GUY,26138,11,1,4,16
UTILITY_GUY,231,9,2,3,14
STATION_GUY,11085,13,1,3,17
UTILITY_GUY,279,8,1,1,10
UTILITY_GUY,826,12,1,1,14
,,,,
UTILITY_GUY,15077,9,2,1,12
UTILITY_GUY,16691,10,1,1,12
STATION_GUY,12309,10,0,4,14
STATION_GUY,12780,13,1,3,17
UTILITY_GUY,798,5,0,0,5
,,,,
STATION_GUY,10685,14,1,2,17
,,,,
UTILITY_GUY,113,6,0,1,7
UTILITY_GUY,36747,11,2,2,15
UTILITY_GUY,3761,11,2,2,15
STATION_GUY,1649,1,1,1,3
STATION_GUY,17738,12,0,2,14
UTILITY_GUY,1502,4,2,0,6
STATION_GUY,3712,9,2,4,15
STATION_GUY,7354,17,1,2,20
STATION_GUY,9008,13,1,3,17
UTILITY_GUY,716,8,2,1,11
STATION_GUY,21969,12,0,1,13
STATION_GUY,2620,4,0,4,8
,,,,
STATION_GUY,660,9,0,3,12
UTILITY_GUY,10184,15,2,1,18
UTILITY_GUY,12280,11,2,1,14
STATION_GUY,5724,11,0,2,13
STATION_GUY,2899,9,0,3,12
STATION_GUY,1130,3,0,1,4
,,,,
UTILITY_GUY,11831,12,1,2,15
STATION_GUY,1156,8,2,4,14
,,,,
STATION_GUY,4587,9,0,4,13
STATION_GUY,7902,12,1,3,16
STATION_GUY,3068,10,0,4,14
STATION_GUY,1405,4,0,4,8
STATION_GUY,11359,13,0,3,16
STATION_GUY,1129,6,2,3,11
STATION_GUY,703,8,1,3,12
STATION_GUY,3756,14,0,4,18
UTILITY_GUY,5347,15,2,2,19
STATION_GUY,1374,4,0,3,7
STATION_GUY,1994,8,0,3,11
STATION_GUY,8022,13,2,2,17
UTILITY_GUY,57177,11,2,1,14
STATION_GUY,2804,11,0,4,15
UTILITY_GUY,344,5,2,1,8
UTILITY_GUY,797,5,1,2,8
STATION_GUY,3362,9,0,3,12
UTILITY_GUY,94593,13,1,0,14
UTILITY_GUY,1380,5,2,2,9
STATION_GUY,6205,7,1,4,12
UTILITY_GUY,1299,11,1,1,13
STATION_GUY,9870,9,1,3,13
,,,,
UTILITY_GUY,449,6,1,1,8
STATION_GUY,31330,13,1,3,17
STATION_GUY,3765,11,0,4,15
UTILITY_GUY,1383,5,2,1,8
STATION_GUY,1863,9,1,4,14
STATION_GUY,718,6,0,3,9
STATION_GUY,864,9,0,1,10
STATION_GUY,1712,5,1,4,10
UTILITY_GUY,30106,8,0,0,8
STATION_GUY,1558,11,1,4,16
,,,,
STATION_GUY,6952,10,2,3,15
STATION_GUY,2048,11,0,4,15
,,,,
STATION_GUY,1245,10,0,3,13
UTILITY_GUY,6469,10,1,1,12
UTILITY_GUY,15016,13,2,1,16
STATION_GUY,3366,7,0,4,11
STATION_GUY,4195,10,1,4,15
UTILITY_GUY,1138,8,2,1,11
UTILITY_GUY,12012,12,1,2,15
STATION_GUY,13520,11,0,2,13
UTILITY_GUY,11064,13,1,1,15
UTILITY_GUY,2144,4,2,4,10
STATION_GUY,13904,12,1,3,16
STATION_GUY,240,5,1,1,7
,,,,
UTILITY_GUY,874,4,1,0,5
STATION_GUY,1382,5,1,3,9
STATION_GUY,23096,10,1,2,13
STATION_GUY,11205,13,1,4,18
UTILITY_GUY,4985,13,1,0,14
STATION_GUY,1292,8,0,3,11
STATION_GUY,10921,10,1,3,14
,,,,
STATION_GUY,8304,12,2,4,18
UTILITY_GUY,13211,16,2,2,20
UTILITY_GUY,4995,12,2,1,15
UTILITY_GUY,17514,11,2,2,15
STATION_GUY,1375,8,1,3,12
UTILITY_GUY,37941,13,1,2,16
STATION_GUY,1091,2,0,2,4
UTILITY_GUY,34625,13,1,1,15
STATION_GUY,8653,11,2,2,15
UTILITY_GUY,23862,13,0,1,14
STATION_GUY,2210,8,0,4,12
UTILITY_GUY,6193,13,1,1,15
UTILITY_GUY,55507,11,0,1,12
STATION_GUY,3337,9,1,3,13
STATION_GUY,25757,11,0,0,11
STATION_GUY,1034,7,0,2,9
UTILITY_GUY,726,5,1,1,7
STATION_GUY,696,6,0,3,9
STATION_GUY,10499,16,2,3,21
STATION_GUY,659,4,0,3,7
STATION_GUY,12265,15,1,3,19
STATION_GUY,922,4,1,2,7
STATION_GUY,1590,7,1,3,11
STATION_GUY,17975,9,1,3,13
STATION_GUY,13128,13,0,3,16
,,,,
UTILITY_GUY,11845,15,2,0,17
UTILITY_GUY,31377,11,1,1,13
UTILITY_GUY,1672,3,0,0,3
,,,,
STATION_GUY,17961,14,0,1,15
UTILITY_GUY,10095,14,1,1,16
STATION_GUY,636,9,1,4,14
,,,,
,,,,
UTILITY_GUY,10813,17,2,1,20
STATION_GUY,8075,12,0,3,15
UTILITY_GUY,28822,11,0,2,13
UTILITY_GUY,19308,11,2,2,15
STATION_GUY,8397,10,1,4,15
UTILITY_GUY,18279,12,2,1,15
UTILITY_GUY,4230,11,2,1,14
STATION_GUY,5763,11,0,4,15
UTILITY_GUY,17179,9,2,3,14
UTILITY_GUY,575,12,1,1,14
STATION_GUY,4008,10,1,1,12
STATION_GUY,2104,6,1,4,11
STATION_GUY,906,2,0,3,5
STATION_GUY,615,6,0,2,8
UTILITY_GUY,62170,12,2,0,14
STATION_GUY,9401,11,0,3,14
STATION_GUY,221,8,1,3,12
UTILITY_GUY,22199,14,1,1,16
STATION_GUY,970,2,1,3,6
UTILITY_GUY,1238,11,2,0,13
UTILITY_GUY,3927,11,1,0,12
UTILITY_GUY,2952,14,2,3,19
STATION_GUY,1640,5,1,3,9
UTILITY_GUY,20783,10,1,0,11
STATION_GUY,5904,16,0,2,18
STATION_GUY,16283,12,0,2,14
UTILITY_GUY,17308,16,2,1,19
UTILITY_GUY,1610,3,0,0,3
UTILITY_GUY,403,6,1,3,10
STATION_GUY,1009,7,0,4,11
UTILITY_GUY,71210,16,1,1,18
STATION_GUY,3110,13,1,4,18
,,,,
STATION_GUY,2196,6,0,4,10
STATION_GUY,1736,4,1,3,8
STATION_GUY,22172,9,1,3,13
,,,,
STATION_GUY,855,10,1,2,13
STATION_GUY,20899,12,0,3,15
STATION_GUY,1910,10,2,4,16
UTILITY_GUY,13778,10,1,1,12
,,,,
,,,,
STATION_GUY,514,5,1,4,10
UTILITY_GUY,648,5,1,1,7
STATION_GUY,2595,6,1,4,11
STATION_GUY,1320,3,0,3,6
UTILITY_GUY,17585,14,1,2,17
UTILITY_GUY,359,5,1,1,7
STATION_GUY,24197,10,0,2,12
UTILITY_GUY,23192,13,2,0,15
STATION_GUY,74219,11,1,2,14
,,,,
STATION_GUY,2748,8,0,4,12
STATION_GUY,2669,8,0,4,12
STATION_GUY,31858,11,2,2,15
UTILITY_GUY,61389,13,2,1,16
,,,,
STATION_GUY,1267,10,0,4,14
STATION_GUY,3333,11,0,4,15
,,,,
STATION_GUY,51874,9,1,2,12
UTILITY_GUY,920,6,2,2,10
UTILITY_GUY,1120,1,0,2,3
STATION_GUY,15593,11,0,3,14
,,,,
UTILITY_GUY,23927,13,2,2,17
,,,,
UTILITY_GUY,6955,12,2,0,14
STATION_GUY,1143,3,0,3,6
UTILITY_GUY,12060,13,2,1,16
UTILITY_GUY,3769,6,2,1,9
STATION_GUY,20461,11,2,3,16
UTILITY_GUY,5098,12,0,1,13
STATION_GUY,1467,9,0,4,13
STATION_GUY,3958,11,1,4,16
STATION_GUY,20802,15,0,2,17
UTILITY_GUY,3228,11,0,1,12
STATION_GUY,37006,15,0,2,17
STATION_GUY,1805,6,0,4,10
UTILITY_GUY,15755,11,1,1,13
UTILITY_GUY,11297,14,2,1,17
STATION_GUY,5295,10,0,4,14
UTILITY_GUY,1297,6,1,2,9
STATION_GUY,3429,12,0,4,16
UTILITY_GUY,48794,10,0,2,12
UTILITY_GUY,31344,13,2,1,16
STATION_GUY,905,9,1,2,12
STATION_GUY,11279,10,1,3,14
,,,,
STATION_GUY,1706,5,1,3,9
UTILITY_GUY,1745,11,1,3,15
STATION_GUY,3152,6,1,4,11
STATION_GUY,15466,14,1,1,16
STATION_GUY,637,11,1,4,16
UTILITY_GUY,24,7,2,1,10
STATION_GUY,4128,12,0,3,15
STATION_GUY,9276,12,0,2,14
UTILITY_GUY,693,9,2,1,12
UTILITY_GUY,12229,13,1,1,15
STATION_GUY,18085,12,0,3,15
UTILITY_GUY,8244,9,1,3,13
,,,,
STATION_GUY,2521,7,0,4,11
UTILITY_GUY,19533,11,2,2,15
UTILITY_GUY,315,7,1,2,10
UTILITY_GUY,6853,15,1,3,19
STATION_GUY,688,2,1,4,7
STATION_GUY,16658,11,1,3,15
STATION_GUY,32411,15,0,2,17
STATION_GUY,9417,13,1,2,16
UTILITY_GUY,12854,11,2,1,14
STATION_GUY,1821,3,1,3,7
STATION_GUY,13589,13,1,4,18
STATION_GUY,1682,5,2,4,11
STATION_GUY,3362,9,0,4,13
STATION_GUY,4110,10,0,3,13
STATION_GUY,1196,3,0,3,6
STATION_GUY,12829,14,0,2,16
STATION_GUY,530,8,0,3,11
UTILITY_GUY,1123,7,2,1,10
,,,,
STATION_GUY,895,6,1,3,10
UTILITY_GUY,18446,10,1,1,12
,,,,
UTILITY_GUY,19602,14,1,0,15
STATION_GUY,5575,12,1,3,16
STATION_GUY,37356,10,0,1,11
UTILITY_GUY,8216,13,2,2,17
UTILITY_GUY,9841,10,2,2,14
UTILITY_GUY,37358,13,2,3,18
UTILITY_GUY,3145,9,1,1,11
UTILITY_GUY,21929,12,1,1,14
STATION_GUY,14647,12,1,2,15
UTILITY_GUY,26226,14,1,2,17
UTILITY_GUY,466,6,2,1,9
STATION_GUY,2399,10,0,3,13
STATION_GUY,36298,13,0,3,16
STATION_GUY,5963,10,0,1,11
STATION_GUY,2591,9,1,4,14
STATION_GUY,1198,5,0,4,9
,,,,
,,,,
STATION_GUY,892,9,2,3,14
STATION_GUY,425,9,0,3,12
UTILITY_GUY,24377,14,1,2,17
STATION_GUY,2798,11,0,4,15
STATION_GUY,1895,7,2,4,13
STATION_GUY,12559,11,0,4,15
UTILITY_GUY,1682,4,2,1,7
STATION_GUY,3494,12,1,4,17
STATION_GUY,2518,8,2,4,14
,,,,
STATION_GUY,9203,10,0,2,12
STATION_GUY,32729,13,1,2,16
STATION_GUY,7321,12,0,4,16
STATION_GUY,337,6,0,2,8
UTILITY_GUY,424,6,2,1,9
STATION_GUY,33677,13,1,3,17
STATION_GUY,1762,6,1,3,10
UTILITY_GUY,11157,13,0,0,13
UTILITY_GUY,8097,10,2,1,13
UTILITY_GUY,5797,10,2,4,16
,,,,
UTILITY_GUY,17438,10,0,1,11
UTILITY_GUY,19630,13,1,2,16
STATION_GUY,1752,7,1,3,11
UTILITY_GUY,15761,13,1,1,15
STATION_GUY,1847,4,2,4,10
UTILITY_GUY,20783,14,2,2,18
STATION_GUY,1473,8,1,4,13
UTILITY_GUY,8931,12,2,2,16
STATION_GUY,17735,12,1,4,17
STATION_GUY,1232,6,0,4,10
STATION_GUY,2595,8,1,4,13
STATION_GUY,640,7,0,3,10
STATION_GUY,3124,6,2,4,12
STATION_GUY,203,2,1,3,6
STATION_GUY,6970,12,0,3,15
STATION_GUY,1500,6,1,3,10
STATION_GUY,16621,14,1,3,18
,,,,
UTILITY_GUY,122,6,1,3,10
STATION_GUY,960,6,0,4,10
STATION_GUY,14303,13,1,3,17
UTILITY_GUY,600,5,1,0,6
STATION_GUY,1177,7,0,4,11
UTILITY_GUY,1279,5,0,0,5
UTILITY_GUY,5049,10,1,1,12
STATION_GUY,7393,13,1,4,18
UTILITY_GUY,7836,12,1,2,15
STATION_GUY,1082,6,2,4,12
STATION_GUY,942,9,1,4,14
STATION_GUY,16664,13,1,1,15
,,,,
STATION_GUY,1035,8,2,4,14
,,,,
STATION_GUY,25833,13,1,2,16
,,,,
STATION_GUY,18841,12,0,3,15
STATION_GUY,1782,9,1,4,14
UTILITY_GUY,53742,10,2,1,13
UTILITY_GUY,518,5,0,0,5
STATION_GUY,30439,12,2,2,16
STATION_GUY,1700,7,1,2,10
UTILITY_GUY,18704,16,0,1,17
UTILITY_GUY,67026,13,2,0,15
STATION_GUY,16244,14,0,3,17
UTILITY_GUY,10205,14,2,2,18
,,,,
STATION_GUY,4592,10,0,4,14
STATION_GUY,2451,10,0,4,14
UTILITY_GUY,11891,9,2,1,12
,,,,
STATION_GUY,1902,4,0,3,7
UTILITY_GUY,20294,13,1,3,17
STATION_GUY,20465,8,1,2,11
STATION_GUY,832,3,0,3,6
STATION_GUY,7812,14,1,2,17
STATION_GUY,3002,11,0,4,15
,,,,
STATION_GUY,19529,13,0,2,15
STATION_GUY,4401,10,2,2,14
STATION_GUY,3398,13,1,4,18
STATION_GUY,7323,9,1,4,14
UTILITY_GUY,17692,10,2,2,14
STATION_GUY,2125,11,0,4,15
STATION_GUY,6794,10,0,3,13
STATION_GUY,27764,16,0,2,18
STATION_GUY,10803,14,0,3,17
STATION_GUY,1179,3,1,3,7
UTILITY_GUY,9031,15,1,1,17
STATION_GUY,5131,8,1,4,13
UTILITY_GUY,15972,14,2,1,17
UTILITY_GUY,884,8,1,0,9
STATION_GUY,10451,13,0,3,16
UTILITY_GUY,1426,5,1,0,6
UTILITY_GUY,1015,8,2,3,13
UTILITY_GUY,8738,13,1,1,15
STATION_GUY,21735,11,2,1,14
UTILITY_GUY,30105,10,1,0,11
UTILITY_GUY,6049,12,1,2,15
,,,,
,,,,
UTILITY_GUY,59265,13,1,1,15
STATION_GUY,14569,13,1,4,18
UTILITY_GUY,27727,15,2,0,17
UTILITY_GUY,17296,13,2,1,16
STATION_GUY,271,8,0,4,12
UTILITY_GUY,22032,12,2,1,15
UTILITY_GUY,8422,12,2,2,16
UTILITY_GUY,9780,12,1,1,14
STATION_GUY,2237,11,1,2,14
STATION_GUY,636,7,0,3,10
STATION_GUY,21447,12,0,3,15
UTILITY_GUY,33489,10,1,1,12
UTILITY_GUY,4862,11,2,2,15
UTILITY_GUY,25828,11,2,1,14
STATION_GUY,20202,11,2,2,15
UTILITY_GUY,3766,13,1,1,15
UTILITY_GUY,15017,13,1,1,15
STATION_GUY,4284,6,0,2,8
UTILITY_GUY,974,3,1,0,4
STATION_GUY,364,8,0,3,11
STATION_GUY,10510,15,0,2,17
,,,,
UTILITY_GUY,1179,8,2,0,10
STATION_GUY,10957,12,0,3,15
,,,,
STATION_GUY,22338,12,0,3,15
UTILITY_GUY,33295,12,2,1,15
UTILITY_GUY,26187,11,1,2,14
STATION_GUY,18604,11,2,3,16
STATION_GUY,10939,15,1,3,19
UTILITY_GUY,59458,12,1,1,14
STATION_GUY,9393,11,1,4,16
UTILITY_GUY,10497,13,1,1,15
STATION_GUY,23775,11,0,2,13
STATION_GUY,2508,7,0,4,11
,,,,
,,,,
STATION_GUY,14393,12,0,3,15
UTILITY_GUY,27120,14,1,1,16
STATION_GUY,14190,11,1,3,15
STATION_GUY,841,6,2,4,12
UTILITY_GUY,501,9,0,3,12
STATION_GUY,17004,10,1,2,13
STATION_GUY,2650,12,0,4,16
STATION_GUY,5690,12,0,4,16
STATION_GUY,1493,10,1,3,14
UTILITY_GUY,15480,13,2,1,16
STATION_GUY,14457,17,0,3,20
STATION_GUY,21259,12,1,3,16
STATION_GUY,542,3,0,2,5
UTILITY_GUY,77294,11,2,1,14
STATION_GUY,3153,13,1,3,17
STATION_GUY,5660,12,0,3,15
UTILITY_GUY,1465,12,1,2,15
STATION_GUY,10873,12,0,3,15
STATION_GUY,7944,14,1,4,19
STATION_GUY,1700,0,0,1,1
STATION_GUY,4564,13,1,4,18
STATION_GUY,349,8,0,2,10
,,,,
UTILITY_GUY,19259,10,0,3,13
UTILITY_GUY,612,4,1,1,6
STATION_GUY,4635,15,0,4,19
STATION_GUY,11123,15,0,3,18
,,,,
UTILITY_GUY,8480,13,2,3,18
UTILITY_GUY,212,6,1,1,8
,,,,
UTILITY_GUY,7722,10,1,3,14
UTILITY_GUY,8382,10,2,1,13
UTILITY_GUY,1680,11,2,1,14
,,,,
STATION_GUY,578,9,0,2,11
UTILITY_GUY,6393,13,2,3,18
STATION_GUY,30109,12,1,4,17
UTILITY_GUY,8433,12,1,2,15
UTILITY_GUY,11605,12,2,3,17
UTILITY_GUY,1225,12,1,0,13
STATION_GUY,800,6,0,4,10
UTILITY_GUY,10201,13,2,0,15
STATION_GUY,19015,13,1,3,17
,,,,
UTILITY_GUY,1058,5,1,1,7
STATION_GUY,3955,13,0,2,15
STATION_GUY,28464,11,1,2,14
UTILITY_GUY,514,6,2,1,9
STATION_GUY,5183,13,1,4,18
STATION_GUY,1574,6,0,4,10
STATION_GUY,9000,14,1,1,16
UTILITY_GUY,6953,13,0,2,15
UTILITY_GUY,9881,12,2,1,15
STATION_GUY,2438,8,2,4,14
STATION_GUY,8205,12,0,3,15
UTILITY_GUY,8438,13,1,2,16
STATION_GUY,1737,5,1,3,9
STATION_GUY,19717,12,1,2,15
STATION_GUY,315,4,0,3,7
STATION_GUY,11853,11,2,3,16
STATION_GUY,23974,10,0,2,12
STATION_GUY,1814,7,1,4,12
STATION_GUY,30369,9,2,3,14
,,,,
,,,,
STATION_GUY,10762,10,0,4,14
,,,,
STATION_GUY,2312,9,1,4,14
STATION_GUY,842,5,0,2,7
STATION_GUY,24181,12,1,2,15
UTILITY_GUY,19456,12,1,2,15
UTILITY_GUY,25093,12,1,2,15
STATION_GUY,17137,13,0,2,15
UTILITY_GUY,12466,14,1,1,16
,,,,
STATION_GUY,19708,13,1,3,17
STATION_GUY,31868,12,0,3,15
STATION_GUY,11531,13,1,2,16
UTILITY_GUY,877,5,0,0,5
STATION_GUY,1542,7,1,4,12
UTILITY_GUY,10024,10,1,0,11
STATION_GUY,17282,14,0,3,17
UTILITY_GUY,396,8,0,1,9
STATION_GUY,16818,10,1,4,15
STATION_GUY,3527,10,0,4,14
,,,,
UTILITY_GUY,11180,13,2,1,16
STATION_GUY,10746,15,1,3,19
UTILITY_GUY,17652,13,1,1,15
STATION_GUY,228,5,1,3,9
UTILITY_GUY,392,2,2,2,6
,,,,
UTILITY_GUY,32175,11,2,2,15
STATION_GUY,19460,10,1,3,14
UTILITY_GUY,11417,16,1,2,19
STATION_GUY,8237,11,0,4,15
STATION_GUY,15986,12,0,3,15
STATION_GUY,9553,13,1,2,16
STATION_GUY,4196,12,0,4,16
UTILITY_GUY,488,4,1,4,9
UTILITY_GUY,583,6,1,0,7
STATION_GUY,21299,10,0,3,13
STATION_GUY,13146,11,0,4,15
UTILITY_GUY,24757,12,1,2,15
STATION_GUY,5408,14,0,3,17
,,,,
STATION_GUY,342,4,1,3,8
STATION_GUY,15531,15,0,2,17
STATION_GUY,20998,12,0,2,14
UTILITY_GUY,15906,12,1,1,14
STATION_GUY,116,7,0,2,9
STATION_GUY,1818,10,0,3,13
STATION_GUY,2307,11,2,4,17
UTILITY_GUY,628,5,1,0,6
UTILITY_GUY,22347,8,2,1,11
STATION_GUY,3074,9,0,4,13
,,,,
STATION_GUY,1136,4,0,0,4
STATION_GUY,1784,8,1,4,13
STATION_GUY,4491,14,0,4,18
STATION_GUY,569,4,2,1,7
UTILITY_GUY,40239,14,2,1,17
STATION_GUY,5744,10,0,3,13
UTILITY_GUY,8610,11,1,2,14
,,,,
UTILITY_GUY,34477,13,2,1,16
STATION_GUY,18440,13,0,1,14
,,,,
UTILITY_GUY,7811,12,1,1,14
UTILITY_GUY,21048,14,2,3,19
UTILITY_GUY,19993,7,0,2,9
STATION_GUY,2552,9,0,4,13
STATION_GUY,44566,10,1,2,13
,,,,
STATION_GUY,6362,17,1,3,21
,,,,
STATION_GUY,419,6,0,2,8
,,,,
STATION_GUY,9374,12,0,3,15
STATION_GUY,2632,8,2,3,13
STATION_GUY,15060,14,0,4,18
STATION_GUY,998,7,0,3,10
STATION_GUY,12899,8,1,2,11
STATION_GUY,22687,11,0,3,14
,,,,
,,,,
STATION_GUY,12411,11,0,3,14
UTILITY_GUY,1317,6,2,3,11
STATION_GUY,1223,6,1,4,11
STATION_GUY,2242,9,0,4,13
UTILITY_GUY,9440,12,2,1,15
STATION_GUY,10238,7,1,3,11
STATION_GUY,5707,13,0,4,17
UTILITY_GUY,868,11,1,1,13
,,,,
UTILITY_GUY,11829,13,2,2,17
STATION_GUY,9941,9,1,3,13
STATION_GUY,16320,9,1,3,13
UTILITY_GUY,18527,12,1,1,14
UTILITY_GUY,2873,7,1,3,11
STATION_GUY,1284,10,0,4,14
STATION_GUY,2150,7,1,4,12
STATION_GUY,611,8,1,3,12
UTILITY_GUY,10666,10,1,2,13
UTILITY_GUY,280,9,2,3,14
STATION_GUY,1162,8,0,4,12
STATION_GUY,34468,12,0,4,16
STATION_GUY,9226,13,0,2,15
,,,,
STATION_GUY,9897,14,1,3,18
STATION_GUY,4392,9,0,4,13
UTILITY_GUY,6720,12,0,2,14
STATION_GUY,1569,6,0,3,9
STATION_GUY,2890,12,0,3,15
STATION_GUY,26646,11,1,3,15
UTILITY_GUY,419,8,2,1,11
STATION_GUY,6446,13,1,3,17
STATION_GUY,945,8,1,3,12
STATION_GUY,2748,10,1,4,15
UTILITY_GUY,23910,12,2,2,16
STATION_GUY,3501,11,1,4,16
,,,,
STATION_GUY,926,9,1,4,14
,,,,
STATION_GUY,1882,6,1,4,11
STATION_GUY,578,10,0,4,14
UTILITY_GUY,20114,15,1,2,18
STATION_GUY,2052,6,1,4,11
,,,,
STATION_GUY,701,6,1,3,10
STATION_GUY,6967,11,1,3,15
STATION_GUY,9538,14,1,3,18
STATION_GUY,439,7,1,3,11
UTILITY_GUY,85314,14,2,1,17
STATION_GUY,8437,15,0,2,17
STATION_GUY,2179,8,1,4,13
STATION_GUY,22398,13,0,3,16
UTILITY_GUY,52278,14,0,1,15
STATION_GUY,8712,13,0,2,15
UTILITY_GUY,18830,16,1,2,19
UTILITY_GUY,25998,12,2,1,15
UTILITY_GUY,42442,10,1,2,13
STATION_GUY,745,3,0,4,7
UTILITY_GUY,7511,11,1,1,13
UTILITY_GUY,1497,4,0,3,7
STATION_GUY,806,8,1,3,12
UTILITY_GUY,22447,13,1,0,14
UTILITY_GUY,19790,9,2,1,12
UTILITY_GUY,8759,13,2,2,17
STATION_GUY,45841,11,1,2,14
UTILITY_GUY,13380,13,2,3,18
STATION_GUY,798,10,1,4,15
UTILITY_GUY,2632,11,1,1,13
STATION_GUY,518,7,1,2,10
STATION_GUY,2756,7,1,4,12
,,,,
STATION_GUY,960,3,0,2,5
UTILITY_GUY,4684,9,2,2,13
STATION_GUY,2430,7,1,3,11
UTILITY_GUY,967,3,1,0,4
STATION_GUY,747,6,1,4,11
STATION_GUY,2530,7,1,4,12
STATION_GUY,2909,10,0,4,14
STATION_GUY,83963,12,0,4,16
STATION_GUY,990,7,1,4,12
STATION_GUY,2336,12,0,4,16
STATION_GUY,201,5,1,3,9
STATION_GUY,1150,6,0,1,7
,,,,
STATION_GUY,2367,11,1,4,16
STATION_GUY,1394,11,1,3,15
STATION_GUY,995,6,2,3,11
,,,,
UTILITY_GUY,24676,9,1,1,11
UTILITY_GUY,80095,10,1,1,12
UTILITY_GUY,12395,13,1,2,16
UTILITY_GUY,29051,10,2,1,13
STATION_GUY,15696,15,0,3,18
UTILITY_GUY,1433,5,2,0,7
STATION_GUY,7402,10,1,2,13
,,,,
,,,,
STATION_GUY,47402,11,0,4,15
UTILITY_GUY,5388,12,1,2,15
,,,,
UTILITY_GUY,429,6,1,1,8
STATION_GUY,2119,10,0,4,14
UTILITY_GUY,1016,8,1,0,9
STATION_GUY,9442,10,1,3,14
STATION_GUY,25258,12,1,3,16
STATION_GUY,1782,5,1,4,10
STATION_GUY,2071,6,1,3,10
UTILITY_GUY,31848,13,0,1,14
STATION_GUY,630,5,2,1,8
STATION_GUY,293,6,0,3,9
STATION_GUY,18498,14,1,3,18
UTILITY_GUY,1400,4,2,0,6
STATION_GUY,7652,10,0,2,12
,,,,
UTILITY_GUY,1884,10,0,1,11
STATION_GUY,78046,11,0,3,14
,,,,
UTILITY_GUY,39498,14,2,1,17
STATION_GUY,5577,13,2,4,19
,,,,
UTILITY_GUY,50460,10,0,1,11
STATION_GUY,4988,11,0,3,14
UTILITY_GUY,14469,13,2,3,18
STATION_GUY,3432,15,0,4,19
UTILITY_GUY,19225,11,2,0,13
,,,,
STATION_GUY,14481,11,0,3,14
UTILITY_GUY,17742,11,2,0,13
UTILITY_GUY,4693,12,1,3,16
,,,,
STATION_GUY,30088,10,1,2,13
UTILITY_GUY,16917,11,2,2,15
STATION_GUY,8999,11,2,2,15
STATION_GUY,2398,13,1,4,18
STATION_GUY,679,11,1,3,15
UTILITY_GUY,1038,3,1,0,4
UTILITY_GUY,6850,13,1,2,16
STATION_GUY,9762,14,1,2,17
STATION_GUY,4861,11,1,4,16
STATION_GUY,2495,11,0,4,15
STATION_GUY,5531,12,1,4,17
STATION_GUY,91307,13,0,2,15
STATION_GUY,2611,8,1,4,13
STATION_GUY,2988,7,1,4,12
STATION_GUY,2152,12,0,4,16
STATION_GUY,16714,11,0,3,14
STATION_GUY,6749,13,0,3,16
UTILITY_GUY,252,11,1,1,13
,,,,
UTILITY_GUY,2260,11,2,2,15
STATION_GUY,1962,7,1,4,12
UTILITY_GUY,17223,13,2,2,17
STATION_GUY,20868,7,2,2,11
STATION_GUY,311,7,1,0,8
STATION_GUY,17401,14,1,2,17
UTILITY_GUY,1106,2,1,1,4
STATION_GUY,1186,5,0,0,5
UTILITY_GUY,7837,10,1,1,12
STATION_GUY,379,11,0,2,13
STATION_GUY,1727,11,0,4,15
STATION_GUY,13952,8,0,2,10
STATION_GUY,943,9,1,4,14
STATION_GUY,11768,13,0,3,16
STATION_GUY,46134,14,0,2,16
STATION_GUY,3142,8,0,4,12
UTILITY_GUY,19630,13,2,1,16
,,,,
STATION_GUY,2012,8,0,4,12
STATION_GUY,3225,13,2,4,19
STATION_GUY,12442,11,0,3,14
STATION_GUY,6648,12,0,4,16
,,,,
STATION_GUY,1250,9,1,3,13
STATION_GUY,7561,13,0,4,17
STATION_GUY,12291,10,0,2,12
,,,,
STATION_GUY,8558,13,0,2,15
UTILITY_GUY,552,5,0,2,7
STATION_GUY,6825,11,0,4,15
STATION_GUY,11968,13,0,4,17
UTILITY_GUY,5987,10,2,2,14
UTILITY_GUY,3715,10,1,2,13
UTILITY_GUY,10944,12,2,1,15
STATION_GUY,2461,9,1,3,13
UTILITY_GUY,604,7,1,1,9
STATION_GUY,13446,12,0,3,15
STATION_GUY,11358,15,0,3,18
STATION_GUY,20599,12,1,2,15
STATION_GUY,8204,12,0,2,14
,,,,
UTILITY_GUY,18536,12,0,2,14
,,,,
UTILITY_GUY,22642,14,1,2,17
STATION_GUY,10980,11,0,2,13
STATION_GUY,2085,6,0,3,9
UTILITY_GUY,385,7,1,1,9
UTILITY_GUY,5430,10,1,0,11
STATION_GUY,378,9,1,1,11
UTILITY_GUY,72440,10,1,1,12
STATION_GUY,32475,10,1,2,13
STATION_GUY,2228,16,1,2,19
STATION_GUY,18340,13,1,3,17
UTILITY_GUY,23001,9,1,1,11
UTILITY_GUY,35060,13,2,2,17
,,,,
UTILITY_GUY,29828,13,2,1,16
UTILITY_GUY,821,5,1,0,6
UTILITY_GUY,1853,7,2,2,11
,,,,
STATION_GUY,19545,7,1,2,10
STATION_GUY,3925,10,2,3,15
STATION_GUY,623,6,1,3,10
UTILITY_GUY,16886,12,0,2,14
,,,,
STATION_GUY,1640,7,0,4,11
UTILITY_GUY,10850,14,2,1,17
UTILITY_GUY,864,4,0,2,6
UTILITY_GUY,10352,14,1,1,16
STATION_GUY,382,8,1,4,13
STATION_GUY,16550,10,2,3,15
STATION_GUY,611,5,2,3,10
UTILITY_GUY,60093,14,1,1,16
STATION_GUY,17711,8,1,2,11
STATION_GUY,14754,13,0,2,15
STATION_GUY,6545,11,1,3,15
STATION_GUY,2918,10,0,4,14
STATION_GUY,21725,10,1,2,13
STATION_GUY,829,7,1,3,11
STATION_GUY,10827,10,1,3,14
STATION_GUY,21922,15,0,2,17
,,,,
STATION_GUY,1965,8,1,4,13
,,,,
UTILITY_GUY,14589,10,2,1,13
UTILITY_GUY,3714,7,2,1,10
UTILITY_GUY,17629,9,1,1,11
STATION_GUY,13659,9,1,3,13
STATION_GUY,2310,7,1,4,12
UTILITY_GUY,1458,2,2,1,5
STATION_GUY,3749,11,1,4,16
,,,,
UTILITY_GUY,1689,11,2,3,16
,,,,
UTILITY_GUY,12592,14,2,2,18
STATION_GUY,8831,13,0,4,17
UTILITY_GUY,29793,12,2,1,15
STATION_GUY,18621,12,0,2,14
,,,,
UTILITY_GUY,652,8,1,0,9
STATION_GUY,2179,10,1,4,15
,,,,
STATION_GUY,982,4,1,3,8
STATION_GUY,11333,12,0,2,14
STATION_GUY,3917,9,0,4,13
STATION_GUY,705,7,0,4,11
STATION_GUY,12433,13,0,2,15
STATION_GUY,4215,10,1,4,15
UTILITY_GUY,343,8,0,1,9
STATION_GUY,7666,11,0,4,15
STATION_GUY,22635,12,0,2,14
STATION_GUY,10401,16,2,3,21
STATION_GUY,932,8,1,3,12
UTILITY_GUY,22396,12,2,1,15
STATION_GUY,10852,11,2,3,16
STATION_GUY,1199,8,2,4,14
UTILITY_GUY,19797,10,2,1,13
UTILITY_GUY,9334,13,1,2,16
STATION_GUY,6603,10,1,1,12
STATION_GUY,951,7,2,1,10
,,,,
STATION_GUY,19363,13,0,2,15
UTILITY_GUY,21821,13,1,3,17
UTILITY_GUY,803,5,1,1,7
UTILITY_GUY,10589,16,1,2,19
,,,,
STATION_GUY,14767,13,1,2,16
,,,,
,,,,
STATION_GUY,1316,6,0,4,10
STATION_GUY,38006,12,0,1,13
UTILITY_GUY,19589,14,1,1,16
UTILITY_GUY,1436,5,1,0,6
STATION_GUY,1472,2,1,2,5
STATION_GUY,2495,11,0,3,14
STATION_GUY,8807,14,1,4,19
,,,,
STATION_GUY,19156,12,1,3,16
,,,,
,,,,
UTILITY_GUY,1009,4,2,2,8
UTILITY_GUY,604,6,0,0,6
,,,,
UTILITY_GUY,27243,13,0,1,14
UTILITY_GUY,36698,12,1,1,14
UTILITY_GUY,56134,13,2,1,16
STATION_GUY,5187,9,1,3,13
STATION_GUY,9544,14,1,2,17
STATION_GUY,1659,12,0,4,16
STATION_GUY,11552,16,1,3,20
UTILITY_GUY,35729,11,2,1,14
STATION_GUY,11703,9,1,3,13
STATION_GUY,9627,14,1,3,18
UTILITY_GUY,27225,11,2,2,15
UTILITY_GUY,555,6,2,2,10
STATION_GUY,14633,13,1,3,17
STATION_GUY,24448,10,1,1,12
STATION_GUY,13191,14,0,3,17
UTILITY_GUY,10089,14,1,2,17
STATION_GUY,8259,13,0,3,16
UTILITY_GUY,1482,4,2,2,8
STATION_GUY,7663,9,1,4,14
,,,,
UTILITY_GUY,11605,13,1,2,16
UTILITY_GUY,71119,13,1,1,15
STATION_GUY,5648,12,0,2,14
UTILITY_GUY,1350,8,1,2,11
STATION_GUY,3308,9,1,3,13
,,,,
UTILITY_GUY,821,8,1,1,10
STATION_GUY,586,6,1,3,10
UTILITY_GUY,1014,5,0,1,6
STATION_GUY,8615,12,0,4,16
,,,,
,,,,
STATION_GUY,4488,10,2,3,15
UTILITY_GUY,19751,13,0,1,14
STATION_GUY,381,5,0,2,7
STATION_GUY,1785,10,2,2,14
UTILITY_GUY,29326,14,1,1,16
UTILITY_GUY,449,6,2,3,11
STATION_GUY,2843,7,0,4,11
UTILITY_GUY,1047,6,2,1,9
UTILITY_GUY,386,6,1,0,7
UTILITY_GUY,9968,10,2,2,14
,,,,
STATION_GUY,32513,14,1,1,16
UTILITY_GUY,21548,12,2,1,15
STATION_GUY,3054,12,1,4,17
UTILITY_GUY,12711,15,2,2,19
STATION_GUY,1296,9,0,3,12
UTILITY_GUY,17639,13,2,2,17
UTILITY_GUY,8370,12,2,2,16
STATION_GUY,4407,11,0,3,14
STATION_GUY,3293,12,0,4,16
UTILITY_GUY,17998,9,2,0,11
UTILITY_GUY,13884,12,2,1,15
UTILITY_GUY,18697,13,2,1,16
STATION_GUY,727,9,0,4,13
,,,,
STATION_GUY,1173,7,1,3,11
STATION_GUY,4823,8,0,3,11
UTILITY_GUY,50885,12,1,1,14
STATION_GUY,1299,13,0,3,16
STATION_GUY,582,5,1,3,9
STATION_GUY,13710,13,0,3,16
,,,,
STATION_GUY,2364,10,0,4,14
UTILITY_GUY,7117,10,2,1,13
STATION_GUY,2157,10,1,4,15
UTILITY_GUY,8249,11,1,2,14
UTILITY_GUY,363,7,1,0,8
STATION_GUY,65950,13,2,2,17
UTILITY_GUY,1884,9,1,0,10
STATION_GUY,8744,13,0,4,17
STATION_GUY,255,6,1,3,10
STATION_GUY,4850,14,1,4,19
STATION_GUY,1643,13,1,3,17
,,,,
,,,,
UTILITY_GUY,49796,13,1,1,15
STATION_GUY,2234,10,2,4,16
STATION_GUY,22236,12,1,3,16
STATION_GUY,7243,11,0,3,14
STATION_GUY,288,7,2,4,13
,,,,
STATION_GUY,15234,12,0,3,15
UTILITY_GUY,70413,13,1,0,14
STATION_GUY,18878,13,0,2,15
STATION_GUY,502,9,1,2,12
STATION_GUY,21549,12,0,3,15
STATION_GUY,12378,11,1,3,15
STATION_GUY,3323,8,0,4,12
STATION_GUY,994,5,0,3,8
,,,,
STATION_GUY,21069,13,1,3,17
UTILITY_GUY,24584,9,2,1,12
STATION_GUY,19338,14,0,2,16
UTILITY_GUY,489,8,1,2,11
UTILITY_GUY,14878,13,1,3,17
STATION_GUY,3704,11,1,4,16
STATION_GUY,7850,11,0,4,15
STATION_GUY,1751,6,0,4,10
,,,,
STATION_GUY,4394,10,0,4,14
UTILITY_GUY,21639,12,1,2,15
STATION_GUY,2473,9,1,4,14
UTILITY_GUY,11298,11,0,2,13
STATION_GUY,11747,10,1,2,13
STATION_GUY,27983,13,1,2,16
STATION_GUY,18918,10,1,3,14
STATION_GUY,11711,14,2,3,19
STATION_GUY,1489,9,0,3,12
STATION_GUY,30243,12,0,2,14
UTILITY_GUY,13288,10,0,3,13
STATION_GUY,36388,11,0,2,13
UTILITY_GUY,17877,11,1,1,13
UTILITY_GUY,673,5,0,0,5
STATION_GUY,7766,14,1,2,17
UTILITY_GUY,5986,11,1,1,13
UTILITY_GUY,28018,13,1,1,15
STATION_GUY,3994,8,0,4,12
UTILITY_GUY,23926,10,1,1,12
STATION_GUY,10714,14,0,4,18
STATION_GUY,19943,15,2,2,19
UTILITY_GUY,2101,8,2,4,14
STATION_GUY,2871,7,0,3,10
UTILITY_GUY,34207,13,1,1,15
STATION_GUY,1198,12,0,4,16
STATION_GUY,9648,13,1,3,17
STATION_GUY,8408,10,0,4,14
UTILITY_GUY,21998,12,2,2,16
STATION_GUY,2606,11,0,3,14
,,,,
UTILITY_GUY,3902,12,0,0,12
,,,,
STATION_GUY,201,8,0,4,12
,,,,
UTILITY_GUY,803,8,2,1,11
STATION_GUY,13673,14,0,1,15
STATION_GUY,4817,7,1,3,11
STATION_GUY,15112,15,0,3,18
STATION_GUY,3465,8,0,4,12
STATION_GUY,1529,5,0,4,9
STATION_GUY,810,8,0,4,12
STATION_GUY,2836,7,0,4,11
STATION_GUY,2157,9,0,4,13
STATION_GUY,7470,13,2,2,17
,,,,
STATION_GUY,1382,9,0,3,12
STATION_GUY,1918,7,0,4,11
UTILITY_GUY,12084,14,1,3,18
UTILITY_GUY,43932,11,0,2,13
UTILITY_GUY,901,8,2,2,12
STATION_GUY,1220,5,0,4,9
STATION_GUY,1770,8,1,4,13
UTILITY_GUY,760,5,2,0,7
UTILITY_GUY,67540,12,0,1,13
,,,,
STATION_GUY,34,9,1,0,10
STATION_GUY,1851,6,0,4,10
UTILITY_GUY,1068,5,1,1,7
STATION_GUY,7197,16,2,3,21
STATION_GUY,2581,4,0,4,8
UTILITY_GUY,6514,15,2,1,18
STATION_GUY,7194,14,0,2,16
UTILITY_GUY,1697,10,2,1,13
STATION_GUY,20269,17,1,2,20
,,,,
STATION_GUY,1180,3,0,4,7
UTILITY_GUY,17495,12,1,2,15
STATION_GUY,1268,6,0,3,9
UTILITY_GUY,14155,12,1,1,14
UTILITY_GUY,12869,15,2,2,19
STATION_GUY,10807,14,1,1,16
UTILITY_GUY,12900,14,1,2,17
STATION_GUY,5926,14,0,4,18
UTILITY_GUY,20064,12,2,1,15
STATION_GUY,2646,7,1,3,11
UTILITY_GUY,687,7,2,1,10
STATION_GUY,12604,12,0,2,14
STATION_GUY,12303,14,2,3,19
STATION_GUY,1606,8,0,4,12
STATION_GUY,1069,7,0,3,10
,,,,
,,,,
STATION_GUY,1200,3,0,3,6
UTILITY_GUY,840,8,1,1,10
UTILITY_GUY,8269,13,1,2,16
STATION_GUY,1632,8,0,2,10
STATION_GUY,13157,12,0,1,13
STATION_GUY,1510,8,0,4,12
UTILITY_GUY,10243,10,1,3,14
UTILITY_GUY,30458,11,1,1,13
STATION_GUY,714,9,0,3,12
,,,,
STATION_GUY,2834,9,0,4,13
,,,,
UTILITY_GUY,23412,13,2,1,16
UTILITY_GUY,583,11,1,1,13
STATION_GUY,39986,13,1,2,16
UTILITY_GUY,11767,13,1,1,15
STATION_GUY,3072,8,1,4,13
UTILITY_GUY,14503,11,2,1,14
STATION_GUY,4630,13,1,4,18
STATION_GUY,3202,6,1,4,11
STATION_GUY,12391,13,1,4,18
UTILITY_GUY,31971,9,2,1,12
STATION_GUY,40488,12,0,2,14
STATION_GUY,1879,8,1,4,13
STATION_GUY,448,7,0,2,9
UTILITY_GUY,16450,13,1,2,16
STATION_GUY,10073,13,0,3,16
UTILITY_GUY,14953,12,1,3,16
STATION_GUY,2415,8,1,3,12
,,,,
STATION_GUY,4573,7,1,3,11
STATION_GUY,920,10,0,4,14
UTILITY_GUY,12415,13,1,1,15
STATION_GUY,13340,10,1,3,14
,,,,
UTILITY_GUY,729,6,2,2,10
STATION_GUY,15043,9,1,3,13
STATION_GUY,43703,10,0,4,14
,,,,
UTILITY_GUY,3808,13,1,3,17
UTILITY_GUY,26046,13,1,1,15
STATION_GUY,11253,12,0,3,15
STATION_GUY,8840,12,0,3,15
STATION_GUY,21201,11,0,2,13
STATION_GUY,5754,12,1,3,16
UTILITY_GUY,38742,11,1,1,13
STATION_GUY,659,5,0,3,8
UTILITY_GUY,33083,12,1,1,14
UTILITY_GUY,832,8,1,1,10
UTILITY_GUY,11543,12,1,1,14
STATION_GUY,45118,11,0,3,14
UTILITY_GUY,14534,12,2,2,16
STATION_GUY,5101,8,1,4,13
,,,,
STATION_GUY,711,4,0,3,7
STATION_GUY,21875,15,0,3,18
STATION_GUY,27547,11,1,2,14
STATION_GUY,1266,5,0,4,9
UTILITY_GUY,3397,6,2,3,11
,,,,
STATION_GUY,1156,8,1,3,12
,,,,
STATION_GUY,26870,14,0,2,16
UTILITY_GUY,17663,11,1,2,14
STATION_GUY,4127,11,2,4,17
STATION_GUY,12487,12,0,2,14
STATION_GUY,14160,14,1,2,17
STATION_GUY,11805,11,1,4,16
STATION_GUY,1861,10,0,4,14
STATION_GUY,635,7,1,1,9
UTILITY_GUY,12927,14,1,1,16
,,,,
UTILITY_GUY,1974,7,1,1,9
UTILITY_GUY,340,4,1,2,7
UTILITY_GUY,74017,13,1,1,15
STATION_GUY,18181,13,1,2,16
UTILITY_GUY,5913,12,2,3,17
,,,,
UTILITY_GUY,3277,9,2,2,13
UTILITY_GUY,32055,12,0,2,14
STATION_GUY,1131,1,0,3,4
STATION_GUY,1766,10,0,4,14
STATION_GUY,10785,15,0,2,17
STATION_GUY,1939,7,2,3,12
STATION_GUY,761,6,0,4,10
STATION_GUY,27643,9,1,2,12
UTILITY_GUY,618,8,0,2,10
UTILITY_GUY,1635,7,1,2,10
UTILITY_GUY,234,4,1,0,5
STATION_GUY,67384,14,2,1,17
UTILITY_GUY,928,2,1,1,4
UTILITY_GUY,7710,12,2,1,15
UTILITY_GUY,17661,11,1,1,13
UTILITY_GUY,30603,13,2,1,16
UTILITY_GUY,963,14,0,3,17
STATION_GUY,714,5,0,1,6
,,,,
STATION_GUY,3765,13,1,4,18
STATION_GUY,9529,13,0,3,16
STATION_GUY,4417,11,1,3,15
UTILITY_GUY,14412,13,0,1,14
UTILITY_GUY,1225,7,1,2,10
STATION_GUY,22360,13,1,3,17
STATION_GUY,2346,13,0,4,17
STATION_GUY,15486,11,2,3,16
UTILITY_GUY,1985,9,2,1,12
STATION_GUY,1727,9,0,4,13
UTILITY_GUY,54079,9,2,1,12
STATION_GUY,44271,12,1,3,16
UTILITY_GUY,176,8,1,0,9
STATION_GUY,14806,11,0,2,13
,,,,
UTILITY_GUY,6650,13,0,2,15
UTILITY_GUY,3432,13,2,3,18
,,,,
UTILITY_GUY,56430,14,1,0,15
STATION_GUY,1038,6,1,3,10
STATION_GUY,1267,7,0,2,9
UTILITY_GUY,311,8,2,1,11
STATION_GUY,5233,13,1,3,17
STATION_GUY,212,12,0,3,15
UTILITY_GUY,17300,13,1,1,15
UTILITY_GUY,603,7,2,0,9
STATION_GUY,7543,9,1,3,13
STATION_GUY,14473,14,2,3,19
STATION_GUY,9348,13,0,4,17
,,,,
UTILITY_GUY,34156,9,1,1,11
STATION_GUY,1489,5,0,3,8
STATION_GUY,1111,9,1,4,14
UTILITY_GUY,15356,13,2,1,16
STATION_GUY,1615,11,0,3,14
,,,,
UTILITY_GUY,21176,12,1,1,14
UTILITY_GUY,1942,5,2,0,7
UTILITY_GUY,14435,11,1,1,13
STATION_GUY,3077,9,2,4,15
,,,,
STATION_GUY,3728,10,1,4,15
STATION_GUY,37613,10,1,4,15
STATION_GUY,28714,10,0,3,13
,,,,
STATION_GUY,53673,12,0,2,14
STATION_GUY,5027,12,0,4,16
UTILITY_GUY,9625,11,2,1,14
STATION_GUY,5730,12,0,3,15
,,,,
STATION_GUY,8748,14,2,3,19
UTILITY_GUY,875,7,2,2,11
,,,,
STATION_GUY,4423,10,1,3,14
STATION_GUY,1738,6,0,4,10
STATION_GUY,7437,10,1,3,14
UTILITY_GUY,877,13,0,1,14
STATION_GUY,1100,5,0,4,9
STATION_GUY,2558,6,1,4,11
STATION_GUY,14369,12,0,3,15
STATION_GUY,6220,11,0,3,14
UTILITY_GUY,908,6,1,0,7
STATION_GUY,16394,14,0,3,17
UTILITY_GUY,22147,13,2,2,17
STATION_GUY,54541,12,0,3,15
,,,,
UTILITY_GUY,29565,13,1,3,17
STATION_GUY,5525,12,0,4,16
STATION_GUY,2158,6,1,4,11
STATION_GUY,70697,13,0,1,14
STATION_GUY,2977,9,1,3,13
STATION_GUY,34803,12,0,1,13
STATION_GUY,9896,14,1,3,18
UTILITY_GUY,88,5,2,1,8
STATION_GUY,18193,12,2,3,17
STATION_GUY,1133,8,1,3,12
STATION_GUY,1579,13,0,4,17
STATION_GUY,16665,13,1,3,17
STATION_GUY,5642,12,0,4,16
STATION_GUY,11223,12,0,2,14
STATION_GUY,11912,15,0,2,17
UTILITY_GUY,15714,12,2,3,17
UTILITY_GUY,18089,12,1,2,15
UTILITY_GUY,1214,8,2,0,10
UTILITY_GUY,258,9,2,0,11
STATION_GUY,1029,4,0,3,7
UTILITY_GUY,4217,9,2,2,13
UTILITY_GUY,7314,12,1,2,15
STATION_GUY,15409,14,0,3,17
,,,,
STATION_GUY,1934,8,0,3,11
UTILITY_GUY,653,6,1,0,7
STATION_GUY,13001,10,0,1,11
STATION_GUY,10453,10,0,3,13
UTILITY_GUY,25093,12,2,3,17
STATION_GUY,4387,12,1,3,16
STATION_GUY,2831,12,1,4,17
,,,,
STATION_GUY,2228,7,0,3,10
STATION_GUY,15602,13,1,3,17
STATION_GUY,31047,14,0,3,17
STATION_GUY,4167,10,0,3,13
UTILITY_GUY,127,7,2,1,10
STATION_GUY,57968,12,0,4,16
UTILITY_GUY,13891,12,1,1,14
STATION_GUY,14566,12,1,3,16
UTILITY_GUY,6163,12,2,1,15
UTILITY_GUY,816,5,0,0,5
UTILITY_GUY,398,7,0,0,7
,,,,
STATION_GUY,29804,10,0,2,12
UTILITY_GUY,19564,11,1,2,14
STATION_GUY,38748,12,0,3,15
STATION_GUY,5626,9,1,4,14
UTILITY_GUY,648,9,1,0,10
STATION_GUY,997,9,1,4,14
STATION_GUY,299,6,0,3,9
STATION_GUY,26952,12,0,1,13
STATION_GUY,1329,6,2,2,10
STATION_GUY,1737,4,0,3,7
STATION_GUY,503,8,0,4,12
UTILITY_GUY,20608,12,2,2,16
STATION_GUY,1769,8,2,3,13
STATION_GUY,6513,12,1,3,16
STATION_GUY,11207,12,1,3,16
UTILITY_GUY,6480,9,1,2,12
STATION_GUY,2486,7,1,4,12
UTILITY_GUY,8674,11,1,3,15
STATION_GUY,1134,6,0,4,10
STATION_GUY,16132,14,0,2,16
UTILITY_GUY,14634,11,2,1,14
UTILITY_GUY,1390,1,1,0,2
,,,,
STATION_GUY,12261,13,1,3,17
UTILITY_GUY,203,7,1,1,9
STATION_GUY,2552,7,0,4,11
STATION_GUY,1978,12,1,4,17
STATION_GUY,702,7,0,4,11
STATION_GUY,4032,12,1,4,17
,,,,
STATION_GUY,2636,9,1,3,13
STATION_GUY,34749,12,0,2,14
STATION_GUY,3169,7,0,4,11
STATION_GUY,2128,13,0,4,17
,,,,
,,,,
,,,,
UTILITY_GUY,351,7,2,1,10
UTILITY_GUY,73089,13,1,0,14
,,,,
UTILITY_GUY,7396,12,2,1,15
STATION_GUY,1084,10,1,3,14
,,,,
STATION_GUY,39550,10,1,2,13
STATION_GUY,727,7,2,1,10
STATION_GUY,15008,14,1,2,17
STATION_GUY,1189,7,1,1,9
STATION_GUY,17299,10,0,2,12
STATION_GUY,2168,8,1,4,13
STATION_GUY,9116,17,0,3,20
STATION_GUY,16245,13,1,2,16
STATION_GUY,7785,13,2,2,17
STATION_GUY,22105,10,0,3,13
STATION_GUY,16614,11,0,3,14
,,,,
,,,,
UTILITY_GUY,3238,9,2,4,15
,,,,
STATION_GUY,1762,9,2,4,15
STATION_GUY,5005,10,1,4,15
UTILITY_GUY,21615,16,2,1,19
UTILITY_GUY,11270,14,2,2,18
UTILITY_GUY,174,8,2,1,11
UTILITY_GUY,5136,10,2,1,13
STATION_GUY,9385,15,0,3,18
UTILITY_GUY,8280,14,2,1,17
UTILITY_GUY,26356,12,1,2,15
UTILITY_GUY,37890,14,1,1,16
STATION_GUY,19512,13,1,3,17
STATION_GUY,23285,13,0,3,16
STATION_GUY,2242,11,2,4,17
,,,,
STATION_GUY,7817,10,0,3,13
UTILITY_GUY,1914,4,1,3,8
UTILITY_GUY,576,7,0,0,7
UTILITY_GUY,55058,10,1,1,12
UTILITY_GUY,16217,15,2,1,18
UTILITY_GUY,17303,15,2,1,18
UTILITY_GUY,8550,8,1,1,10
STATION_GUY,15817,10,1,3,14
STATION_GUY,10246,13,0,4,17
UTILITY_GUY,1189,1,2,2,5
STATION_GUY,26214,15,0,1,16
STATION_GUY,8454,13,1,3,17
UTILITY_GUY,14041,9,2,0,11
STATION_GUY,1035,7,1,4,12
UTILITY_GUY,366,10,1,1,12
UTILITY_GUY,14021,15,2,0,17
STATION_GUY,56941,11,1,3,15
STATION_GUY,20591,14,0,1,15
UTILITY_GUY,58421,11,0,1,12
STATION_GUY,2895,13,1,2,16
UTILITY_GUY,1222,6,1,1,8
STATION_GUY,30167,9,1,2,12
UTILITY_GUY,925,5,1,2,8
STATION_GUY,9416,14,0,3,17
STATION_GUY,4147,11,1,3,15
STATION_GUY,1946,10,0,4,14
UTILITY_GUY,34065,11,2,1,14
UTILITY_GUY,23781,11,2,1,14
STATION_GUY,1596,9,2,4,15
UTILITY_GUY,11556,15,2,1,18
STATION_GUY,1344,7,1,3,11
STATION_GUY,2385,8,1,4,13
STATION_GUY,7308,11,1,4,16
STATION_GUY,1418,4,2,3,9
,,,,
STATION_GUY,1492,11,0,3,14
UTILITY_GUY,15041,11,2,2,15
UTILITY_GUY,2655,12,1,2,15
,,,,
STATION_GUY,3158,8,1,3,12
UTILITY_GUY,247,9,1,2,12
STATION_GUY,4926,12,2,3,17
UTILITY_GUY,2347,7,1,1,9
STATION_GUY,7848,9,0,1,10
STATION_GUY,19567,13,1,2,16
UTILITY_GUY,32051,12,1,1,14
STATION_GUY,2601,12,0,4,16
,,,,
STATION_GUY,69949,13,0,3,16
UTILITY_GUY,862,10,2,1,13
STATION_GUY,17850,13,0,2,15
STATION_GUY,1139,7,0,3,10
UTILITY_GUY,2129,10,2,2,14
STATION_GUY,1008,6,2,0,8
STATION_GUY,711,10,0,4,14
STATION_GUY,13957,13,1,3,17
UTILITY_GUY,12108,9,1,1,11
UTILITY_GUY,18744,12,2,1,15
UTILITY_GUY,560,11,1,0,12
,,,,
STATION_GUY,24319,8,0,2,10
UTILITY_GUY,19630,10,2,2,14
,,,,
UTILITY_GUY,24916,11,2,1,14
UTILITY_GUY,1198,7,1,3,11
UTILITY_GUY,3894,15,1,3,19
UTILITY_GUY,7403,12,1,2,15
UTILITY_GUY,18014,15,1,2,18
STATION_GUY,2076,10,0,1,11
STATION_GUY,711,7,0,1,8
STATION_GUY,8754,14,1,4,19
STATION_GUY,747,10,0,3,13
STATION_GUY,732,8,1,4,13
STATION_GUY,36013,12,0,2,14
STATION_GUY,3945,15,0,3,18
UTILITY_GUY,12236,14,2,0,16
UTILITY_GUY,10074,8,2,0,10
STATION_GUY,2502,6,1,4,11
STATION_GUY,18410,11,1,2,14
UTILITY_GUY,10048,13,2,3,18
STATION_GUY,27940,12,0,2,14
UTILITY_GUY,38772,14,2,1,17
STATION_GUY,25735,10,1,3,14
UTILITY_GUY,18380,13,2,1,16
STATION_GUY,646,2,1,4,7
STATION_GUY,6612,10,0,4,14
STATION_GUY,27468,12,1,2,15
UTILITY_GUY,852,4,2,3,9
STATION_GUY,5576,13,0,4,17
STATION_GUY,622,7,1,3,11
STATION_GUY,14795,14,0,3,17
UTILITY_GUY,30909,15,1,2,18
STATION_GUY,674,8,0,3,11
STATION_GUY,2299,9,1,3,13
STATION_GUY,5928,14,1,3,18
STATION_GUY,2926,12,0,4,16
STATION_GUY,19034,15,0,2,17
,,,,
UTILITY_GUY,881,6,2,0,8
STATION_GUY,14949,11,0,3,14
STATION_GUY,16708,10,1,2,13
STATION_GUY,5242,12,0,4,16
STATION_GUY,10064,9,2,2,13
STATION_GUY,2550,6,0,4,10
UTILITY_GUY,1336,5,2,2,9
UTILITY_GUY,27383,14,2,2,18
STATION_GUY,31721,12,1,2,15
UTILITY_GUY,6786,11,1,2,14
STATION_GUY,1112,9,0,4,13
UTILITY_GUY,33363,13,2,1,16
UTILITY_GUY,969,5,1,2,8
UTILITY_GUY,1229,3,1,1,5
STATION_GUY,19175,11,1,3,15
UTILITY_GUY,7359,16,1,2,19
UTILITY_GUY,6169,11,1,1,13
UTILITY_GUY,1382,6,0,0,6
STATION_GUY,13904,14,2,2,18
STATION_GUY,10979,13,1,2,16
,,,,
STATION_GUY,1188,10,0,4,14
UTILITY_GUY,28077,11,2,1,14
UTILITY_GUY,1917,9,2,3,14
UTILITY_GUY,22235,10,2,1,13
,,,,
UTILITY_GUY,1391,6,1,1,8
STATION_GUY,2656,10,1,4,15
UTILITY_GUY,19947,14,1,0,15
STATION_GUY,2076,13,0,3,16
STATION_GUY,21918,12,0,2,14
UTILITY_GUY,21491,13,1,1,15
UTILITY_GUY,13357,14,2,2,18
STATION_GUY,70818,11,1,4,16
STATION_GUY,26665,12,2,3,17
,,,,
,,,,
UTILITY_GUY,1752,8,2,4,14
STATION_GUY,15082,14,1,1,16
STATION_GUY,2474,11,0,4,15
,,,,
STATION_GUY,2163,8,1,4,13
STATION_GUY,12225,14,0,3,17
STATION_GUY,3378,12,0,4,16
UTILITY_GUY,13306,8,2,1,11
STATION_GUY,2950,8,1,4,13
STATION_GUY,30837,10,0,2,12
UTILITY_GUY,7598,13,1,1,15
STATION_GUY,5838,12,0,4,16
STATION_GUY,10809,16,1,2,19
STATION_GUY,5577,9,1,4,14
UTILITY_GUY,20785,12,2,1,15
STATION_GUY,18404,13,1,3,17
STATION_GUY,1442,11,0,4,15
UTILITY_GUY,1316,5,1,0,6
UTILITY_GUY,13435,12,1,2,15
UTILITY_GUY,62658,11,2,0,13
STATION_GUY,1743,7,0,4,11
STATION_GUY,1343,6,1,4,11
STATION_GUY,22009,12,1,2,15
UTILITY_GUY,8252,17,1,2,20
UTILITY_GUY,10773,13,1,2,16
STATION_GUY,39961,13,0,3,16
UTILITY_GUY,747,7,2,2,11
,,,,
UTILITY_GUY,791,4,2,0,6
UTILITY_GUY,832,6,1,2,9
STATION_GUY,20707,11,1,3,15
STATION_GUY,451,7,0,1,8
,,,,
STATION_GUY,11977,11,0,3,14
UTILITY_GUY,982,4,1,2,7
STATION_GUY,4460,12,1,4,17
,,,,
UTILITY_GUY,24748,13,2,1,16
STATION_GUY,2347,7,1,3,11
STATION_GUY,9710,17,1,2,20
UTILITY_GUY,3176,10,2,3,15
STATION_GUY,5877,13,0,3,16
UTILITY_GUY,8636,15,2,1,18
STATION_GUY,1776,3,0,3,6
STATION_GUY,23154,16,2,2,20
STATION_GUY,1844,6,0,4,10
STATION_GUY,4428,10,1,2,13
STATION_GUY,1099,7,1,3,11
,,,,
STATION_GUY,672,8,0,2,10
UTILITY_GUY,14692,14,0,2,16
UTILITY_GUY,7740,11,2,2,15
UTILITY_GUY,8466,16,1,2,19
STATION_GUY,3491,12,1,4,17
STATION_GUY,35088,13,1,3,17
UTILITY_GUY,13829,12,1,2,15
UTILITY_GUY,17344,15,1,1,17
UTILITY_GUY,19838,10,2,1,13
STATION_GUY,1111,9,0,3,12
UTILITY_GUY,20375,10,1,2,13
UTILITY_GUY,176,6,2,3,11
STATION_GUY,4195,6,1,4,11
STATION_GUY,8863,17,2,3,22
STATION_GUY,14183,15,0,3,18
,,,,
STATION_GUY,2667,10,1,4,15
UTILITY_GUY,4459,11,2,3,16
,,,,
STATION_GUY,2078,8,0,4,12
STATION_GUY,7867,12,1,4,17
UTILITY_GUY,12937,13,2,1,16
UTILITY_GUY,20936,15,2,2,19
UTILITY_GUY,11310,10,1,1,12
UTILITY_GUY,9400,11,1,2,14
,,,,
UTILITY_GUY,948,7,2,1,10
STATION_GUY,15689,15,0,2,17
STATION_GUY,11962,15,1,2,18
UTILITY_GUY,77032,11,2,1,14
UTILITY_GUY,777,8,1,0,9
STATION_GUY,183,6,0,3,9
STATION_GUY,41665,12,0,3,15
STATION_GUY,18885,14,0,3,17
UTILITY_GUY,714,9,0,1,10
STATION_GUY,1737,7,1,3,11
UTILITY_GUY,21560,11,2,2,15
STATION_GUY,19057,10,1,3,14
UTILITY_GUY,10156,12,1,1,14
STATION_GUY,9161,13,0,2,15
UTILITY_GUY,960,3,1,1,5
UTILITY_GUY,34325,9,2,3,14
STATION_GUY,56272,11,1,2,14
STATION_GUY,2035,9,0,4,13
STATION_GUY,926,4,1,3,8
STATION_GUY,36772,14,2,2,18
STATION_GUY,1410,7,0,4,11
STATION_GUY,30783,13,1,2,16
STATION_GUY,74328,11,0,3,14
UTILITY_GUY,11491,15,2,1,18
STATION_GUY,1951,6,0,4,10
STATION_GUY,1352,6,0,3,9
STATION_GUY,1837,7,1,4,12
STATION_GUY,1792,8,2,1,11
,,,,
STATION_GUY,1308,7,0,4,11
STATION_GUY,1268,5,0,3,8
STATION_GUY,20518,14,0,3,17
UTILITY_GUY,2952,11,2,1,14
UTILITY_GUY,28263,12,2,1,15
STATION_GUY,7488,13,1,2,16
STATION_GUY,19180,13,0,1,14
STATION_GUY,8101,11,0,4,15
,,,,
,,,,
UTILITY_GUY,12123,11,2,2,15
STATION_GUY,11220,12,1,3,16
,,,,
,,,,
STATION_GUY,15392,11,1,3,15
UTILITY_GUY,4621,13,2,1,16
UTILITY_GUY,5541,11,0,2,13
