strategy,money,countries,utilities,stations,totalLandsOwned
STATION_GUY,18014,14,1,2,17
STATION_GUY,81732,11,1,1,13
UTILITY_GUY,40589,14,1,1,16
STATION_GUY,2266,9,0,3,12
,,,,
STATION_GUY,34662,11,0,2,13
UTILITY_GUY,686,8,1,2,11
STATION_GUY,53440,11,0,2,13
UTILITY_GUY,449,8,1,2,11
UTILITY_GUY,10463,12,1,1,14
STATION_GUY,964,3,0,3,6
UTILITY_GUY,376,6,2,0,8
UTILITY_GUY,6468,11,1,2,14
UTILITY_GUY,22363,13,0,2,15
UTILITY_GUY,890,10,2,2,14
,,,,
UTILITY_GUY,385,10,2,1,13
UTILITY_GUY,1561,4,1,2,7
UTILITY_GUY,14098,10,2,2,14
,,,,
STATION_GUY,14869,15,1,2,18
STATION_GUY,14908,14,1,3,18
STATION_GUY,24688,12,0,2,14
STATION_GUY,1297,11,0,4,15
UTILITY_GUY,26868,14,1,1,16
,,,,
STATION_GUY,2808,9,0,4,13
STATION_GUY,27161,13,1,2,16
STATION_GUY,637,7,2,4,13
UTILITY_GUY,2306,8,1,2,11
STATION_GUY,997,3,0,3,6
UTILITY_GUY,46142,12,1,2,15
STATION_GUY,477,5,0,4,9
UTILITY_GUY,613,4,0,1,5
UTILITY_GUY,9837,13,2,1,16
STATION_GUY,10915,12,0,3,15
UTILITY_GUY,7746,13,1,1,15
STATION_GUY,3427,10,2,3,15
UTILITY_GUY,24798,10,0,1,11
STATION_GUY,8041,13,1,3,17
STATION_GUY,2201,5,2,4,11
STATION_GUY,4820,11,1,4,16
,,,,
UTILITY_GUY,1153,5,0,1,6
STATION_GUY,560,7,2,2,11
STATION_GUY,1127,6,1,3,10
STATION_GUY,564,3,1,3,7
STATION_GUY,10737,14,0,3,17
,,,,
STATION_GUY,1813,11,0,4,15
,,,,
,,,,
UTILITY_GUY,15816,11,2,2,15
STATION_GUY,22428,13,0,4,17
STATION_GUY,13931,16,1,3,20
UTILITY_GUY,309,6,0,1,7
STATION_GUY,20675,14,0,3,17
STATION_GUY,20,6,0,2,8
,,,,
STATION_GUY,10938,14,1,2,17
UTILITY_GUY,3472,12,2,0,14
STATION_GUY,2169,10,0,4,14
UTILITY_GUY,1100,6,2,0,8
STATION_GUY,17212,12,0,3,15
STATION_GUY,3239,12,0,4,16
STATION_GUY,3009,7,1,4,12
,,,,
,,,,
STATION_GUY,7734,13,1,3,17
STATION_GUY,20602,15,0,2,17
,,,,
UTILITY_GUY,7963,14,1,2,17
STATION_GUY,6156,9,2,4,15
,,,,
STATION_GUY,1005,3,1,2,6
UTILITY_GUY,13721,14,2,2,18
STATION_GUY,1213,8,2,1,11
,,,,
UTILITY_GUY,1252,6,2,2,10
UTILITY_GUY,13561,11,1,3,15
STATION_GUY,2954,10,0,4,14
UTILITY_GUY,7500,9,1,0,10
STATION_GUY,2442,6,0,4,10
,,,,
STATION_GUY,1322,8,2,4,14
UTILITY_GUY,21052,15,2,3,20
UTILITY_GUY,22017,13,2,2,17
STATION_GUY,1685,6,0,4,10
STATION_GUY,3146,13,1,4,18
STATION_GUY,4678,11,2,4,17
UTILITY_GUY,9606,10,2,2,14
UTILITY_GUY,24311,14,2,1,17
UTILITY_GUY,56327,13,1,2,16
STATION_GUY,5073,10,1,1,12
,,,,
UTILITY_GUY,5785,12,1,2,15
STATION_GUY,8471,14,1,3,18
STATION_GUY,17261,13,0,3,16
STATION_GUY,19915,12,1,2,15
STATION_GUY,3341,11,0,3,14
STATION_GUY,917,3,1,3,7
STATION_GUY,1629,4,1,2,7
UTILITY_GUY,1210,1,1,0,2
STATION_GUY,4707,16,1,3,20
UTILITY_GUY,22219,14,0,2,16
STATION_GUY,2554,9,0,4,13
STATION_GUY,15662,10,1,2,13
UTILITY_GUY,12775,13,2,3,18
STATION_GUY,2391,9,2,4,15
STATION_GUY,1103,9,0,3,12
STATION_GUY,1102,6,1,4,11
UTILITY_GUY,12724,12,1,3,16
STATION_GUY,22729,11,1,3,15
STATION_GUY,14040,13,1,2,16
UTILITY_GUY,1660,5,0,3,8
UTILITY_GUY,1007,7,0,3,10
UTILITY_GUY,936,5,2,2,9
STATION_GUY,511,8,1,4,13
STATION_GUY,482,6,1,3,10
STATION_GUY,25900,15,1,2,18
UTILITY_GUY,8780,9,2,3,14
UTILITY_GUY,538,5,2,1,8
STATION_GUY,12549,12,0,3,15
STATION_GUY,798,12,0,4,16
UTILITY_GUY,504,8,0,2,10
STATION_GUY,8661,9,0,2,11
STATION_GUY,9179,14,1,3,18
UTILITY_GUY,41593,14,2,1,17
UTILITY_GUY,12344,11,1,1,13
UTILITY_GUY,1075,2,1,0,3
STATION_GUY,37476,12,0,2,14
STATION_GUY,15988,10,0,3,13
STATION_GUY,1503,6,0,3,9
STATION_GUY,9849,11,0,4,15
STATION_GUY,16598,11,0,3,14
STATION_GUY,435,8,0,4,12
STATION_GUY,472,7,0,3,10
UTILITY_GUY,586,6,0,1,7
STATION_GUY,47136,12,1,3,16
STATION_GUY,1812,5,1,3,9
STATION_GUY,27357,11,1,3,15
UTILITY_GUY,33698,12,2,2,16
STATION_GUY,93,7,0,1,8
STATION_GUY,2180,8,0,4,12
STATION_GUY,2239,10,2,3,15
,,,,
UTILITY_GUY,22857,11,2,1,14
STATION_GUY,6079,12,1,3,16
STATION_GUY,1738,9,1,3,13
STATION_GUY,5405,12,1,4,17
UTILITY_GUY,5507,10,2,1,13
UTILITY_GUY,24309,14,2,1,17
STATION_GUY,13998,13,1,2,16
UTILITY_GUY,758,4,0,0,4
STATION_GUY,3212,11,0,4,15
STATION_GUY,906,6,0,4,10
UTILITY_GUY,10678,14,1,1,16
STATION_GUY,2916,5,0,4,9
UTILITY_GUY,2878,8,1,0,9
UTILITY_GUY,29272,14,1,1,16
STATION_GUY,551,9,0,2,11
,,,,
STATION_GUY,650,7,1,4,12
UTILITY_GUY,45087,10,2,1,13
UTILITY_GUY,15146,12,2,0,14
STATION_GUY,1697,11,1,4,16
STATION_GUY,3142,3,1,4,8
UTILITY_GUY,27441,12,2,1,15
UTILITY_GUY,26777,11,2,0,13
STATION_GUY,4657,9,0,4,13
STATION_GUY,12897,13,1,3,17
UTILITY_GUY,19067,11,2,2,15
UTILITY_GUY,959,6,2,0,8
,,,,
,,,,
,,,,
STATION_GUY,5319,14,1,3,18
STATION_GUY,1926,9,0,4,13
,,,,
,,,,
UTILITY_GUY,83562,10,2,1,13
STATION_GUY,367,5,1,4,10
UTILITY_GUY,17376,12,1,2,15
,,,,
STATION_GUY,38725,12,2,3,17
STATION_GUY,902,5,2,4,11
UTILITY_GUY,7852,7,1,3,11
UTILITY_GUY,40607,12,0,1,13
STATION_GUY,847,9,0,4,13
,,,,
UTILITY_GUY,6026,9,2,3,14
STATION_GUY,435,6,1,2,9
STATION_GUY,13210,15,1,2,18
STATION_GUY,7471,12,1,2,15
,,,,
STATION_GUY,9068,14,1,2,17
,,,,
STATION_GUY,3486,13,0,3,16
STATION_GUY,10622,12,1,3,16
STATION_GUY,1372,6,0,2,8
STATION_GUY,1707,13,1,4,18
UTILITY_GUY,772,6,2,1,9
STATION_GUY,1114,4,1,4,9
STATION_GUY,22952,13,0,4,17
STATION_GUY,2882,11,0,3,14
STATION_GUY,5187,10,2,4,16
STATION_GUY,34024,14,0,3,17
,,,,
UTILITY_GUY,17752,16,1,1,18
UTILITY_GUY,1619,5,2,0,7
STATION_GUY,2430,13,1,3,17
UTILITY_GUY,10068,13,1,1,15
STATION_GUY,879,6,1,3,10
UTILITY_GUY,10335,13,1,2,16
UTILITY_GUY,27174,13,1,1,15
STATION_GUY,14641,13,0,3,16
STATION_GUY,6417,17,0,4,21
STATION_GUY,20447,14,1,3,18
STATION_GUY,30184,14,0,2,16
STATION_GUY,1004,3,1,1,5
STATION_GUY,7366,11,1,3,15
STATION_GUY,3319,11,0,4,15
UTILITY_GUY,19533,10,2,1,13
UTILITY_GUY,14360,14,2,1,17
UTILITY_GUY,276,6,2,0,8
UTILITY_GUY,543,9,0,0,9
UTILITY_GUY,3708,5,0,4,9
UTILITY_GUY,553,8,2,1,11
STATION_GUY,28982,9,1,3,13
STATION_GUY,12867,11,0,1,12
STATION_GUY,24249,12,0,2,14
STATION_GUY,3175,9,0,4,13
STATION_GUY,66695,13,0,1,14
,,,,
UTILITY_GUY,50924,12,2,1,15
STATION_GUY,10658,12,1,2,15
STATION_GUY,77875,12,1,3,16
STATION_GUY,19613,15,1,2,18
STATION_GUY,18348,13,1,2,16
UTILITY_GUY,10259,12,0,2,14
UTILITY_GUY,21867,13,1,1,15
STATION_GUY,788,6,0,2,8
STATION_GUY,33363,12,1,3,16
UTILITY_GUY,7230,14,1,1,16
,,,,
UTILITY_GUY,17534,13,2,0,15
UTILITY_GUY,14060,12,1,1,14
STATION_GUY,2190,4,2,4,10
UTILITY_GUY,9386,13,2,1,16
STATION_GUY,8391,14,0,3,17
,,,,
UTILITY_GUY,1036,9,2,2,13
STATION_GUY,3902,15,0,4,19
STATION_GUY,67991,14,0,3,17
,,,,
,,,,
UTILITY_GUY,5598,9,1,1,11
UTILITY_GUY,33073,13,2,1,16
UTILITY_GUY,567,4,0,1,5
UTILITY_GUY,96504,12,1,0,13
UTILITY_GUY,8220,11,0,3,14
UTILITY_GUY,763,9,0,1,10
UTILITY_GUY,962,4,1,2,7
STATION_GUY,13217,13,0,2,15
UTILITY_GUY,510,9,2,2,13
STATION_GUY,15853,10,0,3,13
UTILITY_GUY,816,5,1,3,9
STATION_GUY,1937,9,0,4,13
STATION_GUY,2552,12,0,3,15
UTILITY_GUY,8180,11,2,2,15
STATION_GUY,6945,13,1,3,17
UTILITY_GUY,13615,15,1,2,18
STATION_GUY,14234,12,1,3,16
UTILITY_GUY,1814,10,2,3,15
,,,,
,,,,
,,,,
STATION_GUY,2256,9,1,4,14
UTILITY_GUY,17197,13,1,1,15
STATION_GUY,3268,12,0,4,16
STATION_GUY,2349,10,1,4,15
,,,,
UTILITY_GUY,958,7,0,2,9
STATION_GUY,479,6,0,4,10
STATION_GUY,12222,10,0,0,10
STATION_GUY,510,4,1,3,8
STATION_GUY,22455,11,2,2,15
UTILITY_GUY,1187,5,2,0,7
STATION_GUY,15842,15,0,2,17
UTILITY_GUY,3348,11,0,2,13
UTILITY_GUY,10857,10,1,2,13
UTILITY_GUY,10614,9,2,1,12
STATION_GUY,5427,15,1,3,19
UTILITY_GUY,22591,11,1,2,14
UTILITY_GUY,12185,13,2,2,17
STATION_GUY,1553,3,0,4,7
UTILITY_GUY,6076,10,2,0,12
UTILITY_GUY,4330,9,2,2,13
STATION_GUY,17884,10,0,4,14
STATION_GUY,12154,12,0,3,15
STATION_GUY,2149,6,0,4,10
UTILITY_GUY,1054,5,0,1,6
STATION_GUY,525,9,0,3,12
,,,,
STATION_GUY,18775,14,1,2,17
UTILITY_GUY,15636,15,0,1,16
UTILITY_GUY,23865,15,1,2,18
STATION_GUY,25277,10,0,2,12
STATION_GUY,3192,5,2,4,11
UTILITY_GUY,15236,15,1,2,18
,,,,
UTILITY_GUY,1523,11,2,3,16
STATION_GUY,14838,14,1,3,18
UTILITY_GUY,20028,10,1,0,11
,,,,
UTILITY_GUY,16290,14,1,2,17
STATION_GUY,1028,10,1,3,14
STATION_GUY,3758,12,0,3,15
UTILITY_GUY,4626,11,2,0,13
STATION_GUY,8897,11,0,2,13
STATION_GUY,782,4,1,3,8
STATION_GUY,12068,10,0,3,13
,,,,
,,,,
,,,,
UTILITY_GUY,15427,12,2,1,15
,,,,
UTILITY_GUY,26663,11,2,1,14
UTILITY_GUY,12806,12,1,1,14
UTILITY_GUY,1283,3,0,3,6
UTILITY_GUY,15486,10,0,1,11
UTILITY_GUY,1043,4,0,0,4
UTILITY_GUY,898,4,0,1,5
,,,,
STATION_GUY,9768,14,1,2,17
UTILITY_GUY,18592,12,1,2,15
STATION_GUY,15167,12,0,3,15
STATION_GUY,10066,12,0,3,15
STATION_GUY,3208,11,0,4,15
STATION_GUY,1692,8,2,3,13
STATION_GUY,2993,8,1,4,13
UTILITY_GUY,4814,16,1,0,17
STATION_GUY,12179,10,2,2,14
STATION_GUY,12307,10,0,3,13
STATION_GUY,29369,11,0,3,14
STATION_GUY,6238,11,0,4,15
,,,,
UTILITY_GUY,867,4,0,1,5
STATION_GUY,584,10,1,3,14
UTILITY_GUY,1219,6,1,4,11
STATION_GUY,6898,12,2,3,17
STATION_GUY,9867,12,1,3,16
STATION_GUY,1136,10,0,4,14
UTILITY_GUY,31291,9,1,2,12
STATION_GUY,1179,5,0,3,8
STATION_GUY,1825,7,1,4,12
STATION_GUY,12018,9,0,3,12
STATION_GUY,1095,3,1,0,4
UTILITY_GUY,11147,11,2,1,14
STATION_GUY,5686,10,1,4,15
STATION_GUY,20361,13,0,1,14
STATION_GUY,631,8,0,0,8
STATION_GUY,1687,8,1,4,13
,,,,
,,,,
STATION_GUY,14173,10,0,3,13
STATION_GUY,1638,9,0,4,13
UTILITY_GUY,20974,16,1,2,19
UTILITY_GUY,8281,11,2,1,14
STATION_GUY,8945,14,2,4,20
UTILITY_GUY,25686,11,2,0,13
,,,,
STATION_GUY,4473,11,0,4,15
STATION_GUY,835,10,1,3,14
UTILITY_GUY,629,6,0,1,7
UTILITY_GUY,695,8,1,1,10
,,,,
UTILITY_GUY,12928,16,2,0,18
UTILITY_GUY,505,7,1,3,11
UTILITY_GUY,1631,4,1,0,5
STATION_GUY,17553,10,1,4,15
UTILITY_GUY,47210,11,2,1,14
STATION_GUY,1738,5,0,4,9
STATION_GUY,1390,3,0,4,7
STATION_GUY,453,5,2,2,9
UTILITY_GUY,2788,11,2,2,15
STATION_GUY,2106,11,1,3,15
STATION_GUY,18234,14,2,1,17
STATION_GUY,6601,12,0,4,16
UTILITY_GUY,68939,13,2,0,15
STATION_GUY,2583,8,2,1,11
STATION_GUY,596,12,1,3,16
STATION_GUY,242,8,0,3,11
STATION_GUY,5569,10,1,2,13
UTILITY_GUY,1530,6,1,2,9
UTILITY_GUY,18256,14,2,1,17
STATION_GUY,14771,14,1,2,17
UTILITY_GUY,15740,12,2,2,16
UTILITY_GUY,1402,11,1,3,15
STATION_GUY,883,7,2,1,10
UTILITY_GUY,21470,13,1,0,14
UTILITY_GUY,11611,12,1,0,13
STATION_GUY,26975,12,0,2,14
UTILITY_GUY,3944,9,2,2,13
STATION_GUY,11496,11,0,3,14
STATION_GUY,758,11,1,4,16
STATION_GUY,12708,11,1,3,15
,,,,
UTILITY_GUY,12878,9,2,2,13
,,,,
,,,,
,,,,
UTILITY_GUY,1013,2,2,1,5
UTILITY_GUY,581,9,2,1,12
,,,,
STATION_GUY,15606,14,1,2,17
STATION_GUY,20715,12,0,2,14
STATION_GUY,1192,9,0,4,13
UTILITY_GUY,10818,11,0,2,13
UTILITY_GUY,8278,14,2,2,18
UTILITY_GUY,1442,9,1,1,11
UTILITY_GUY,19879,13,2,1,16
STATION_GUY,3443,9,1,1,11
STATION_GUY,1148,2,0,2,4
STATION_GUY,11088,15,1,3,19
STATION_GUY,1011,5,1,0,6
,,,,
UTILITY_GUY,943,5,1,1,7
STATION_GUY,2428,7,0,4,11
UTILITY_GUY,369,7,2,1,10
STATION_GUY,584,8,0,1,9
UTILITY_GUY,18431,13,0,2,15
,,,,
,,,,
STATION_GUY,15629,14,0,2,16
STATION_GUY,8453,11,1,3,15
,,,,
UTILITY_GUY,1066,5,1,3,9
STATION_GUY,34633,12,0,2,14
,,,,
STATION_GUY,488,9,1,3,13
UTILITY_GUY,19116,14,0,0,14
UTILITY_GUY,183,8,0,1,9
,,,,
STATION_GUY,410,5,1,4,10
STATION_GUY,640,11,1,3,15
,,,,
STATION_GUY,8620,13,1,3,17
UTILITY_GUY,80514,12,1,2,15
STATION_GUY,1005,5,0,3,8
STATION_GUY,5175,17,1,1,19
STATION_GUY,18891,13,2,3,18
UTILITY_GUY,1973,6,2,1,9
UTILITY_GUY,14213,15,2,2,19
STATION_GUY,1284,5,1,4,10
STATION_GUY,14657,14,0,2,16
STATION_GUY,9219,14,1,3,18
UTILITY_GUY,13656,10,0,2,12
STATION_GUY,725,8,0,3,11
STATION_GUY,622,9,1,4,14
UTILITY_GUY,14876,13,2,1,16
STATION_GUY,893,6,0,4,10
,,,,
UTILITY_GUY,1002,3,1,1,5
STATION_GUY,1621,3,0,1,4
,,,,
STATION_GUY,1774,6,0,4,10
STATION_GUY,909,3,1,3,7
,,,,
UTILITY_GUY,16997,12,2,1,15
UTILITY_GUY,52042,10,2,1,13
STATION_GUY,8733,11,0,3,14
,,,,
,,,,
STATION_GUY,330,7,2,2,11
,,,,
STATION_GUY,23028,11,0,2,13
STATION_GUY,19603,14,1,2,17
STATION_GUY,4563,11,0,2,13
,,,,
,,,,
,,,,
STATION_GUY,16582,12,1,2,15
UTILITY_GUY,13306,12,2,1,15
UTILITY_GUY,2895,11,2,3,16
STATION_GUY,1188,4,0,3,7
UTILITY_GUY,461,4,1,1,6
UTILITY_GUY,12685,10,2,2,14
STATION_GUY,14555,12,0,3,15
UTILITY_GUY,1587,2,0,1,3
STATION_GUY,5440,13,1,4,18
UTILITY_GUY,38784,13,1,1,15
STATION_GUY,5732,12,1,3,16
UTILITY_GUY,19551,10,2,2,14
UTILITY_GUY,27301,13,1,2,16
STATION_GUY,10883,10,2,3,15
STATION_GUY,3613,13,1,4,18
STATION_GUY,503,10,0,4,14
UTILITY_GUY,8459,9,1,2,12
STATION_GUY,972,6,0,4,10
STATION_GUY,5070,10,1,1,12
UTILITY_GUY,570,6,1,1,8
STATION_GUY,831,5,0,3,8
,,,,
UTILITY_GUY,501,4,1,1,6
UTILITY_GUY,20315,12,1,0,13
,,,,
UTILITY_GUY,1632,1,1,0,2
UTILITY_GUY,11985,8,2,1,11
STATION_GUY,528,12,1,2,15
,,,,
UTILITY_GUY,22991,14,1,0,15
STATION_GUY,32050,11,0,3,14
STATION_GUY,9527,13,0,3,16
STATION_GUY,1459,5,0,3,8
STATION_GUY,11070,12,0,2,14
STATION_GUY,1618,12,0,3,15
UTILITY_GUY,4532,10,1,2,13
UTILITY_GUY,1353,4,2,2,8
STATION_GUY,50931,12,1,2,15
STATION_GUY,1188,4,2,3,9
STATION_GUY,13009,11,0,4,15
UTILITY_GUY,1135,7,1,0,8
STATION_GUY,11026,15,0,3,18
STATION_GUY,11687,15,0,4,19
STATION_GUY,51337,11,0,2,13
STATION_GUY,2568,9,1,4,14
UTILITY_GUY,28351,11,2,1,14
STATION_GUY,19186,10,0,3,13
UTILITY_GUY,27678,11,0,2,13
UTILITY_GUY,19926,11,2,1,14
UTILITY_GUY,157,8,1,1,10
STATION_GUY,648,5,0,2,7
STATION_GUY,3751,6,2,4,12
UTILITY_GUY,7257,9,0,1,10
,,,,
STATION_GUY,1274,6,0,2,8
STATION_GUY,14817,15,0,2,17
STATION_GUY,9928,12,1,1,14
UTILITY_GUY,792,7,1,0,8
UTILITY_GUY,4919,10,1,3,14
STATION_GUY,45334,14,0,2,16
,,,,
STATION_GUY,813,8,0,3,11
UTILITY_GUY,14433,12,0,2,14
STATION_GUY,592,8,2,2,12
STATION_GUY,496,6,0,3,9
STATION_GUY,14663,10,0,1,11
,,,,
STATION_GUY,33362,12,1,2,15
UTILITY_GUY,11816,13,2,1,16
UTILITY_GUY,1833,7,2,4,13
STATION_GUY,1245,7,1,3,11
,,,,
STATION_GUY,15772,11,1,3,15
STATION_GUY,1998,10,0,3,13
STATION_GUY,23396,14,1,3,18
UTILITY_GUY,46740,11,1,1,13
STATION_GUY,867,8,0,3,11
UTILITY_GUY,27045,12,1,1,14
UTILITY_GUY,527,5,0,1,6
STATION_GUY,10581,9,0,3,12
UTILITY_GUY,394,8,2,0,10
STATION_GUY,4731,13,0,3,16
UTILITY_GUY,24865,9,1,3,13
,,,,
STATION_GUY,1043,9,2,2,13
STATION_GUY,2078,9,1,4,14
UTILITY_GUY,53546,11,2,1,14
STATION_GUY,3324,10,1,2,13
STATION_GUY,1286,6,1,3,10
UTILITY_GUY,11268,11,1,0,12
STATION_GUY,4303,13,1,4,18
UTILITY_GUY,16788,14,2,0,16
STATION_GUY,2034,5,1,4,10
STATION_GUY,2220,9,1,4,14
UTILITY_GUY,11282,12,1,1,14
,,,,
STATION_GUY,2559,11,0,4,15
STATION_GUY,9742,10,0,3,13
STATION_GUY,14621,14,1,2,17
UTILITY_GUY,1573,3,2,0,5
,,,,
STATION_GUY,2002,6,2,4,12
STATION_GUY,592,5,0,3,8
UTILITY_GUY,12679,14,2,3,19
,,,,
UTILITY_GUY,360,4,1,1,6
UTILITY_GUY,18469,11,2,1,14
STATION_GUY,1118,9,1,2,12
STATION_GUY,1074,6,1,3,10
UTILITY_GUY,5922,11,2,1,14
UTILITY_GUY,1761,7,2,2,11
UTILITY_GUY,10315,12,1,1,14
STATION_GUY,7469,17,2,3,22
STATION_GUY,1050,10,0,3,13
UTILITY_GUY,24730,9,1,1,11
STATION_GUY,11081,13,0,3,16
UTILITY_GUY,10423,10,2,1,13
UTILITY_GUY,28841,15,2,0,17
STATION_GUY,11161,11,0,3,14
STATION_GUY,12638,10,0,3,13
STATION_GUY,11031,15,0,3,18
,,,,
,,,,
STATION_GUY,21938,11,0,3,14
STATION_GUY,821,9,2,2,13
UTILITY_GUY,4348,12,1,2,15
STATION_GUY,475,9,0,3,12
STATION_GUY,2506,7,1,4,12
STATION_GUY,1474,7,0,3,10
STATION_GUY,4036,13,0,4,17
STATION_GUY,585,2,0,3,5
UTILITY_GUY,595,6,0,1,7
UTILITY_GUY,21642,10,2,1,13
STATION_GUY,1186,8,0,4,12
,,,,
STATION_GUY,1186,7,1,4,12
STATION_GUY,1126,9,0,4,13
STATION_GUY,12358,11,0,1,12
STATION_GUY,8104,16,0,3,19
STATION_GUY,998,5,0,3,8
UTILITY_GUY,29486,13,2,2,17
STATION_GUY,51957,8,0,4,12
UTILITY_GUY,1189,5,0,0,5
STATION_GUY,67753,13,1,3,17
STATION_GUY,10585,13,1,3,17
STATION_GUY,4131,10,2,3,15
STATION_GUY,26457,13,1,1,15
STATION_GUY,26633,10,1,3,14
UTILITY_GUY,28078,14,1,3,18
,,,,
STATION_GUY,6596,10,2,4,16
UTILITY_GUY,21521,14,1,0,15
UTILITY_GUY,32362,13,1,1,15
UTILITY_GUY,13977,13,0,3,16
,,,,
UTILITY_GUY,12230,10,1,2,13
STATION_GUY,1899,7,1,4,12
UTILITY_GUY,1167,3,1,1,5
STATION_GUY,5831,12,2,3,17
STATION_GUY,61999,12,0,2,14
UTILITY_GUY,587,6,2,2,10
STATION_GUY,1013,3,1,1,5
STATION_GUY,29927,13,1,2,16
UTILITY_GUY,37675,12,2,1,15
STATION_GUY,16569,9,2,3,14
UTILITY_GUY,37307,13,2,3,18
UTILITY_GUY,4360,8,1,2,11
UTILITY_GUY,4506,13,2,1,16
STATION_GUY,258,6,0,1,7
STATION_GUY,13101,15,0,4,19
UTILITY_GUY,9377,12,1,2,15
,,,,
UTILITY_GUY,12216,8,1,1,10
STATION_GUY,3781,13,0,3,16
UTILITY_GUY,69969,10,1,2,13
STATION_GUY,3629,13,0,4,17
UTILITY_GUY,24658,10,1,2,13
UTILITY_GUY,1398,9,2,1,12
,,,,
STATION_GUY,780,4,1,2,7
STATION_GUY,1857,12,0,3,15
,,,,
STATION_GUY,14778,15,1,2,18
STATION_GUY,426,8,0,3,11
UTILITY_GUY,46564,8,2,0,10
STATION_GUY,4375,8,1,4,13
STATION_GUY,3037,10,1,3,14
UTILITY_GUY,77939,9,1,2,12
STATION_GUY,31995,13,1,3,17
STATION_GUY,3975,11,1,4,16
UTILITY_GUY,314,7,1,3,11
STATION_GUY,2178,8,1,4,13
UTILITY_GUY,645,5,2,2,9
STATION_GUY,44371,12,1,2,15
,,,,
STATION_GUY,22831,13,0,3,16
UTILITY_GUY,1194,7,2,1,10
STATION_GUY,7641,11,0,4,15
STATION_GUY,13212,12,1,3,16
STATION_GUY,13521,12,1,4,17
STATION_GUY,5660,10,1,3,14
STATION_GUY,14512,8,1,2,11
UTILITY_GUY,33311,13,0,2,15
,,,,
UTILITY_GUY,1600,3,2,0,5
UTILITY_GUY,6465,10,1,1,12
UTILITY_GUY,67454,13,0,2,15
STATION_GUY,4910,14,1,4,19
STATION_GUY,1585,7,2,4,13
STATION_GUY,1088,6,1,4,11
UTILITY_GUY,49791,11,2,2,15
,,,,
STATION_GUY,2313,11,1,4,16
STATION_GUY,551,4,0,1,5
STATION_GUY,735,4,1,2,7
,,,,
STATION_GUY,8319,13,1,3,17
STATION_GUY,21393,12,1,2,15
STATION_GUY,1336,6,2,3,11
UTILITY_GUY,14214,15,2,1,18
STATION_GUY,15595,14,0,3,17
STATION_GUY,795,6,0,4,10
,,,,
STATION_GUY,4633,12,0,4,16
UTILITY_GUY,40657,13,2,2,17
UTILITY_GUY,4783,12,2,2,16
,,,,
UTILITY_GUY,51974,13,1,1,15
STATION_GUY,991,6,1,2,9
UTILITY_GUY,29126,12,2,0,14
,,,,
UTILITY_GUY,23162,12,1,0,13
STATION_GUY,8872,13,0,3,16
STATION_GUY,3347,11,1,3,15
STATION_GUY,2102,8,0,4,12
STATION_GUY,24897,12,1,3,16
STATION_GUY,13909,14,0,3,17
STATION_GUY,14047,10,1,3,14
STATION_GUY,592,7,0,4,11
STATION_GUY,298,10,1,3,14
STATION_GUY,9000,14,1,3,18
,,,,
,,,,
UTILITY_GUY,8004,7,1,1,9
STATION_GUY,297,6,1,3,10
STATION_GUY,22584,12,0,3,15
UTILITY_GUY,7340,11,1,2,14
STATION_GUY,998,7,0,2,9
UTILITY_GUY,19087,14,1,0,15
STATION_GUY,689,8,2,4,14
UTILITY_GUY,924,5,1,1,7
STATION_GUY,192,7,1,3,11
UTILITY_GUY,7358,11,1,1,13
UTILITY_GUY,27056,11,2,1,14
STATION_GUY,26948,12,0,1,13
UTILITY_GUY,15845,13,1,2,16
UTILITY_GUY,14475,13,1,1,15
UTILITY_GUY,1426,3,1,1,5
UTILITY_GUY,14350,14,2,0,16
,,,,
STATION_GUY,5927,15,2,4,21
UTILITY_GUY,621,6,1,1,8
STATION_GUY,904,8,1,2,11
STATION_GUY,334,10,0,3,13
STATION_GUY,5935,11,1,4,16
UTILITY_GUY,650,11,1,2,14
STATION_GUY,3270,11,1,2,14
UTILITY_GUY,28948,11,2,1,14
STATION_GUY,23582,11,1,2,14
UTILITY_GUY,842,5,2,2,9
,,,,
UTILITY_GUY,28547,9,1,0,10
STATION_GUY,491,8,1,3,12
,,,,
UTILITY_GUY,19538,11,1,1,13
STATION_GUY,18055,12,0,2,14
STATION_GUY,1725,10,1,2,13
STATION_GUY,11111,9,0,2,11
,,,,
STATION_GUY,1113,3,1,3,7
STATION_GUY,1327,3,0,2,5
STATION_GUY,1166,6,0,2,8
STATION_GUY,44622,12,1,2,15
,,,,
UTILITY_GUY,17840,15,2,1,18
STATION_GUY,22856,10,0,3,13
UTILITY_GUY,11999,13,1,1,15
STATION_GUY,19367,14,1,2,17
STATION_GUY,9344,10,0,3,13
UTILITY_GUY,27155,10,0,2,12
UTILITY_GUY,1828,9,1,1,11
UTILITY_GUY,11850,12,2,2,16
UTILITY_GUY,4481,9,2,1,12
STATION_GUY,536,8,0,4,12
UTILITY_GUY,50837,11,1,2,14
STATION_GUY,832,6,0,4,10
STATION_GUY,17915,12,0,2,14
STATION_GUY,15809,13,1,3,17
STATION_GUY,1072,7,0,3,10
UTILITY_GUY,15391,11,1,2,14
UTILITY_GUY,2064,12,2,3,17
UTILITY_GUY,940,4,2,2,8
UTILITY_GUY,23416,13,2,0,15
STATION_GUY,10798,12,1,4,17
STATION_GUY,19971,14,0,1,15
STATION_GUY,3403,8,0,4,12
UTILITY_GUY,886,7,0,2,9
UTILITY_GUY,1426,7,1,1,9
STATION_GUY,844,5,0,2,7
STATION_GUY,20022,11,1,3,15
STATION_GUY,65683,14,1,3,18
STATION_GUY,15377,16,0,3,19
STATION_GUY,9233,12,1,3,16
UTILITY_GUY,19696,10,1,3,14
STATION_GUY,4458,8,1,4,13
STATION_GUY,239,8,1,2,11
STATION_GUY,728,5,2,2,9
UTILITY_GUY,10186,11,2,2,15
,,,,
STATION_GUY,224,9,0,3,12
STATION_GUY,765,10,1,4,15
STATION_GUY,11785,12,1,1,14
,,,,
STATION_GUY,1352,5,1,4,10
STATION_GUY,1043,9,1,3,13
UTILITY_GUY,24127,12,2,1,15
STATION_GUY,1250,11,1,4,16
UTILITY_GUY,26001,13,1,2,16
STATION_GUY,7161,12,1,2,15
UTILITY_GUY,2626,13,1,2,16
UTILITY_GUY,227,7,1,0,8
UTILITY_GUY,23086,11,2,3,16
,,,,
STATION_GUY,18954,13,0,3,16
UTILITY_GUY,7942,12,2,2,16
STATION_GUY,2010,9,0,3,12
UTILITY_GUY,20941,11,1,2,14
UTILITY_GUY,19287,11,2,0,13
UTILITY_GUY,3887,11,0,2,13
UTILITY_GUY,895,6,1,1,8
STATION_GUY,12346,12,0,3,15
,,,,
UTILITY_GUY,16603,11,2,1,14
UTILITY_GUY,30450,11,2,2,15
UTILITY_GUY,22023,11,1,0,12
,,,,
STATION_GUY,33115,11,0,3,14
,,,,
STATION_GUY,23338,10,0,3,13
STATION_GUY,40888,11,1,3,15
UTILITY_GUY,1021,2,1,1,4
STATION_GUY,14190,11,1,3,15
STATION_GUY,15373,13,1,3,17
UTILITY_GUY,31315,10,1,1,12
UTILITY_GUY,9839,13,1,2,16
,,,,
STATION_GUY,1030,3,1,4,8
UTILITY_GUY,1231,6,0,0,6
UTILITY_GUY,1140,10,1,3,14
STATION_GUY,1300,10,0,3,13
STATION_GUY,889,3,1,1,5
STATION_GUY,3306,9,1,4,14
,,,,
STATION_GUY,1331,8,1,3,12
STATION_GUY,2127,9,0,4,13
UTILITY_GUY,16062,10,2,1,13
STATION_GUY,6784,10,0,3,13
STATION_GUY,866,6,0,3,9
UTILITY_GUY,636,7,2,3,12
UTILITY_GUY,5632,12,2,1,15
STATION_GUY,650,7,0,3,10
UTILITY_GUY,16117,11,1,1,13
,,,,
STATION_GUY,4225,11,1,4,16
,,,,
UTILITY_GUY,7773,11,1,1,13
UTILITY_GUY,726,4,2,1,7
UTILITY_GUY,606,8,1,0,9
STATION_GUY,78316,12,0,3,15
STATION_GUY,38190,12,0,2,14
UTILITY_GUY,16277,11,2,1,14
,,,,
UTILITY_GUY,2664,11,0,1,12
,,,,
STATION_GUY,11118,9,0,3,12
UTILITY_GUY,2615,10,1,2,13
,,,,
STATION_GUY,875,8,0,1,9
STATION_GUY,2793,9,1,4,14
UTILITY_GUY,13189,15,1,1,17
STATION_GUY,53594,12,0,3,15
UTILITY_GUY,1338,5,0,1,6
UTILITY_GUY,641,4,0,1,5
STATION_GUY,15413,15,0,2,17
STATION_GUY,26651,13,0,3,16
UTILITY_GUY,9943,12,0,1,13
STATION_GUY,15192,13,0,2,15
STATION_GUY,13152,13,1,3,17
UTILITY_GUY,196,11,2,1,14
STATION_GUY,1304,12,1,4,17
STATION_GUY,13782,12,1,3,16
STATION_GUY,7523,14,1,4,19
UTILITY_GUY,13271,13,2,0,15
,,,,
UTILITY_GUY,1547,7,0,1,8
,,,,
,,,,
STATION_GUY,671,4,0,2,6
STATION_GUY,597,8,1,4,13
UTILITY_GUY,27454,10,2,1,13
STATION_GUY,3225,15,1,4,20
STATION_GUY,32919,12,1,1,14
STATION_GUY,33689,14,2,3,19
STATION_GUY,16131,12,0,3,15
,,,,
UTILITY_GUY,3938,9,1,2,12
UTILITY_GUY,47331,12,1,3,16
STATION_GUY,1637,5,1,4,10
,,,,
STATION_GUY,31519,15,0,3,18
UTILITY_GUY,13443,11,2,1,14
STATION_GUY,1253,4,0,4,8
,,,,
,,,,
STATION_GUY,7198,10,0,2,12
UTILITY_GUY,1329,6,1,2,9
UTILITY_GUY,9958,12,2,2,16
STATION_GUY,5073,10,0,4,14
STATION_GUY,7774,11,0,4,15
UTILITY_GUY,34950,14,2,2,18
STATION_GUY,30407,11,0,3,14
STATION_GUY,690,6,0,3,9
STATION_GUY,1114,12,1,3,16
UTILITY_GUY,1245,3,1,1,5
STATION_GUY,16133,12,1,3,16
UTILITY_GUY,1181,2,1,1,4
STATION_GUY,9857,14,0,3,17
UTILITY_GUY,19973,12,1,2,15
UTILITY_GUY,27892,13,2,1,16
STATION_GUY,4313,9,0,4,13
STATION_GUY,42379,11,1,3,15
STATION_GUY,12574,13,1,3,17
,,,,
STATION_GUY,1229,9,0,2,11
STATION_GUY,395,6,1,3,10
STATION_GUY,8759,13,1,2,16
,,,,
UTILITY_GUY,43604,10,2,1,13
STATION_GUY,532,4,0,3,7
STATION_GUY,39065,12,0,2,14
UTILITY_GUY,39010,11,0,1,12
,,,,
UTILITY_GUY,1385,6,0,1,7
UTILITY_GUY,25207,14,0,2,16
STATION_GUY,502,4,1,2,7
UTILITY_GUY,99221,6,1,0,7
,,,,
STATION_GUY,449,7,0,3,10
UTILITY_GUY,21292,13,0,2,15
STATION_GUY,2090,10,2,4,16
UTILITY_GUY,5677,14,1,2,17
UTILITY_GUY,1110,2,1,0,3
UTILITY_GUY,19511,14,2,1,17
STATION_GUY,26730,12,0,2,14
STATION_GUY,27689,14,1,3,18
,,,,
UTILITY_GUY,836,5,1,2,8
STATION_GUY,7869,15,1,3,19
UTILITY_GUY,14276,11,2,3,16
STATION_GUY,8337,12,1,2,15
,,,,
UTILITY_GUY,3278,10,1,2,13
UTILITY_GUY,6167,15,2,2,19
STATION_GUY,1034,7,0,2,9
UTILITY_GUY,319,4,1,2,7
STATION_GUY,5789,13,1,3,17
UTILITY_GUY,1483,5,0,0,5
STATION_GUY,1389,10,1,4,15
STATION_GUY,2893,8,1,4,13
UTILITY_GUY,72092,13,1,1,15
STATION_GUY,1076,2,0,2,4
,,,,
STATION_GUY,953,10,0,4,14
STATION_GUY,11588,11,1,3,15
STATION_GUY,14824,12,1,3,16
STATION_GUY,6320,9,0,2,11
UTILITY_GUY,10651,9,2,1,12
STATION_GUY,13364,14,1,2,17
UTILITY_GUY,24344,11,2,2,15
STATION_GUY,7780,12,1,4,17
UTILITY_GUY,26179,10,1,1,12
STATION_GUY,13760,8,1,3,12
STATION_GUY,26544,13,0,3,16
STATION_GUY,10086,10,0,4,14
STATION_GUY,1400,5,0,3,8
STATION_GUY,3838,8,1,4,13
UTILITY_GUY,26818,15,0,2,17
STATION_GUY,50910,10,1,4,15
STATION_GUY,4941,14,1,2,17
UTILITY_GUY,706,9,2,1,12
STATION_GUY,6804,13,0,4,17
STATION_GUY,6609,13,1,3,17
STATION_GUY,5444,10,1,3,14
UTILITY_GUY,1494,4,0,1,5
STATION_GUY,9286,15,0,2,17
STATION_GUY,1652,6,0,4,10
UTILITY_GUY,10727,11,0,1,12
STATION_GUY,16085,11,0,3,14
UTILITY_GUY,17224,12,1,3,16
,,,,
STATION_GUY,1158,4,1,3,8
,,,,
STATION_GUY,31135,10,1,3,14
UTILITY_GUY,60966,11,2,2,15
UTILITY_GUY,698,4,1,0,5
UTILITY_GUY,1447,3,1,0,4
UTILITY_GUY,1019,8,1,1,10
UTILITY_GUY,9969,9,2,3,14
STATION_GUY,1222,6,0,4,10
UTILITY_GUY,755,6,2,3,11
UTILITY_GUY,19132,15,0,1,16
,,,,
STATION_GUY,3589,8,0,4,12
UTILITY_GUY,2829,9,1,4,14
STATION_GUY,6650,11,0,3,14
UTILITY_GUY,17602,11,0,2,13
,,,,
,,,,
STATION_GUY,2954,5,0,4,9
UTILITY_GUY,10084,10,2,2,14
,,,,
,,,,
STATION_GUY,13487,12,1,2,15
STATION_GUY,1929,12,1,3,16
STATION_GUY,2010,15,1,2,18
STATION_GUY,11903,14,0,3,17
UTILITY_GUY,19219,10,2,2,14
STATION_GUY,10673,12,1,2,15
,,,,
,,,,
STATION_GUY,993,4,1,4,9
,,,,
STATION_GUY,4096,11,0,4,15
STATION_GUY,19699,11,1,4,16
STATION_GUY,7703,12,0,3,15
UTILITY_GUY,856,5,0,0,5
UTILITY_GUY,19869,13,1,1,15
UTILITY_GUY,14585,10,2,1,13
STATION_GUY,2568,10,0,3,13
STATION_GUY,8581,11,0,4,15
STATION_GUY,1116,6,1,3,10
STATION_GUY,2133,8,0,4,12
UTILITY_GUY,14898,11,2,1,14
STATION_GUY,1837,6,1,4,11
UTILITY_GUY,44185,11,2,2,15
UTILITY_GUY,37262,9,2,0,11
STATION_GUY,9753,12,1,4,17
UTILITY_GUY,34624,13,1,2,16
UTILITY_GUY,1053,6,1,0,7
STATION_GUY,4675,12,1,4,17
,,,,
UTILITY_GUY,35315,12,2,1,15
STATION_GUY,1507,7,1,4,12
STATION_GUY,20140,12,0,3,15
UTILITY_GUY,15867,11,1,0,12
UTILITY_GUY,8554,10,2,2,14
UTILITY_GUY,8160,14,2,1,17
STATION_GUY,1368,5,0,4,9
UTILITY_GUY,3795,11,2,3,16
UTILITY_GUY,19500,14,1,1,16
STATION_GUY,12853,11,1,4,16
STATION_GUY,11928,12,1,3,16
STATION_GUY,1662,9,1,3,13
STATION_GUY,5130,10,1,4,15
STATION_GUY,10673,13,1,2,16
,,,,
UTILITY_GUY,13192,16,1,2,19
UTILITY_GUY,49006,14,1,1,16
STATION_GUY,15244,12,1,2,15
UTILITY_GUY,14823,13,2,0,15
STATION_GUY,779,4,1,1,6
STATION_GUY,7748,12,1,4,17
UTILITY_GUY,17667,12,2,2,16
STATION_GUY,10230,15,1,3,19
STATION_GUY,4540,11,0,4,15
UTILITY_GUY,75674,8,2,2,12
STATION_GUY,3994,10,1,4,15
UTILITY_GUY,1107,7,2,3,12
STATION_GUY,987,8,1,4,13
,,,,
UTILITY_GUY,22250,10,2,1,13
STATION_GUY,4053,12,2,4,18
UTILITY_GUY,18210,14,1,1,16
STATION_GUY,2164,3,2,3,8
STATION_GUY,1141,6,0,2,8
,,,,
UTILITY_GUY,8192,10,1,2,13
UTILITY_GUY,466,9,2,0,11
UTILITY_GUY,4741,10,2,2,14
UTILITY_GUY,773,8,0,1,9
UTILITY_GUY,406,5,0,1,6
STATION_GUY,2795,5,1,4,10
STATION_GUY,1264,9,1,4,14
STATION_GUY,9471,10,0,3,13
STATION_GUY,5037,13,0,2,15
UTILITY_GUY,16482,15,1,1,17
UTILITY_GUY,663,7,2,3,12
STATION_GUY,2940,8,1,4,13
,,,,
,,,,
,,,,
,,,,
STATION_GUY,839,12,0,3,15
STATION_GUY,1998,9,0,4,13
UTILITY_GUY,17943,12,2,1,15
UTILITY_GUY,17979,11,1,0,12
STATION_GUY,5537,12,0,4,16
STATION_GUY,19449,16,0,2,18
UTILITY_GUY,58926,11,2,0,13
UTILITY_GUY,48127,12,0,1,13
,,,,
UTILITY_GUY,498,7,1,2,10
STATION_GUY,42034,11,1,3,15
,,,,
STATION_GUY,457,8,0,2,10
STATION_GUY,511,5,1,3,9
UTILITY_GUY,4371,11,1,1,13
UTILITY_GUY,584,8,1,2,11
UTILITY_GUY,966,5,1,2,8
STATION_GUY,947,5,0,4,9
,,,,
STATION_GUY,3299,8,1,4,13
UTILITY_GUY,739,4,1,1,6
,,,,
STATION_GUY,2633,11,1,4,16
UTILITY_GUY,24879,11,2,2,15
STATION_GUY,3205,9,1,3,13
STATION_GUY,665,8,0,3,11
STATION_GUY,1155,4,0,3,7
STATION_GUY,2552,10,1,4,15
UTILITY_GUY,2596,4,0,1,5
,,,,
,,,,
STATION_GUY,15474,12,1,3,16
UTILITY_GUY,22017,12,2,1,15
UTILITY_GUY,18154,12,2,1,15
,,,,
STATION_GUY,1795,4,2,4,10
,,,,
UTILITY_GUY,18295,13,2,0,15
STATION_GUY,30488,12,1,3,16
UTILITY_GUY,3981,9,2,1,12
UTILITY_GUY,477,2,2,1,5
STATION_GUY,14044,14,1,2,17
STATION_GUY,25198,11,0,1,12
,,,,
UTILITY_GUY,918,4,1,1,6
UTILITY_GUY,4116,16,2,1,19
STATION_GUY,7763,12,2,3,17
UTILITY_GUY,3328,11,0,3,14
UTILITY_GUY,41699,12,1,3,16
UTILITY_GUY,732,5,0,2,7
STATION_GUY,877,11,1,3,15
,,,,
STATION_GUY,31387,11,1,3,15
,,,,
STATION_GUY,905,4,0,3,7
,,,,
UTILITY_GUY,1141,7,2,1,10
STATION_GUY,2521,7,1,4,12
UTILITY_GUY,6439,11,2,1,14
UTILITY_GUY,21758,14,1,0,15
,,,,
UTILITY_GUY,2662,8,2,2,12
UTILITY_GUY,1759,8,2,1,11
STATION_GUY,44978,12,0,3,15
STATION_GUY,12986,14,2,2,18
,,,,
STATION_GUY,20426,14,0,2,16
UTILITY_GUY,250,10,1,1,12
UTILITY_GUY,6534,11,1,1,13
STATION_GUY,11266,11,0,4,15
STATION_GUY,2444,11,0,4,15
STATION_GUY,1369,9,1,4,14
STATION_GUY,697,7,2,2,11
UTILITY_GUY,958,3,2,0,5
STATION_GUY,1014,9,0,3,12
STATION_GUY,1030,5,0,2,7
,,,,
STATION_GUY,5439,11,0,3,14
STATION_GUY,23373,12,1,3,16
,,,,
STATION_GUY,18449,14,1,4,19
UTILITY_GUY,492,5,2,1,8
,,,,
,,,,
UTILITY_GUY,3523,6,2,4,12
STATION_GUY,37957,13,1,3,17
STATION_GUY,3198,9,1,2,12
,,,,
STATION_GUY,91241,10,0,2,12
UTILITY_GUY,27279,13,2,1,16
,,,,
UTILITY_GUY,11706,8,2,2,12
UTILITY_GUY,818,8,0,2,10
STATION_GUY,10481,8,1,3,12
STATION_GUY,11943,11,0,3,14
,,,,
,,,,
STATION_GUY,5191,7,1,3,11
STATION_GUY,1938,3,0,4,7
,,,,
STATION_GUY,1217,3,0,2,5
UTILITY_GUY,12816,7,1,2,10
STATION_GUY,21061,13,0,2,15
STATION_GUY,4029,9,1,3,13
,,,,
STATION_GUY,713,8,0,3,11
STATION_GUY,3564,11,2,4,17
STATION_GUY,5817,13,0,4,17
UTILITY_GUY,7767,13,2,2,17
STATION_GUY,6024,11,2,4,17
STATION_GUY,12799,13,1,4,18
UTILITY_GUY,8090,15,1,2,18
UTILITY_GUY,3725,9,2,2,13
STATION_GUY,842,12,0,4,16
UTILITY_GUY,20146,14,1,3,18
UTILITY_GUY,12621,13,1,1,15
,,,,
UTILITY_GUY,681,4,2,2,8
UTILITY_GUY,1695,3,1,0,4
STATION_GUY,13507,14,0,3,17
STATION_GUY,42956,10,1,3,14
UTILITY_GUY,1072,4,1,0,5
,,,,
UTILITY_GUY,18021,12,2,1,15
STATION_GUY,529,5,0,2,7
UTILITY_GUY,11961,12,2,3,17
UTILITY_GUY,7831,15,2,2,19
STATION_GUY,11309,13,0,2,15
STATION_GUY,1520,4,0,4,8
UTILITY_GUY,3580,10,1,1,12
STATION_GUY,8929,15,0,3,18
,,,,
UTILITY_GUY,31385,11,1,2,14
UTILITY_GUY,11369,12,2,2,16
UTILITY_GUY,48062,15,2,2,19
UTILITY_GUY,6487,11,2,1,14
UTILITY_GUY,4174,6,2,2,10
STATION_GUY,1215,7,0,1,8
STATION_GUY,1507,7,0,4,11
,,,,
STATION_GUY,29950,12,0,2,14
STATION_GUY,888,7,1,3,11
,,,,
UTILITY_GUY,611,8,1,1,10
STATION_GUY,1280,3,2,4,9
STATION_GUY,22780,10,0,3,13
,,,,
STATION_GUY,1774,10,1,3,14
STATION_GUY,14663,13,1,3,17
UTILITY_GUY,53114,11,2,2,15
UTILITY_GUY,14137,12,2,2,16
UTILITY_GUY,5398,12,1,1,14
STATION_GUY,1282,5,0,4,9
,,,,
STATION_GUY,9955,14,1,3,18
UTILITY_GUY,19110,12,1,2,15
STATION_GUY,11854,8,1,3,12
UTILITY_GUY,302,7,0,2,9
STATION_GUY,99742,14,1,3,18
STATION_GUY,4451,13,0,3,16
,,,,
STATION_GUY,16544,12,0,2,14
STATION_GUY,456,3,0,1,4
,,,,
,,,,
STATION_GUY,7094,15,0,2,17
UTILITY_GUY,28176,14,0,2,16
UTILITY_GUY,9940,15,2,1,18
STATION_GUY,1100,7,1,4,12
STATION_GUY,605,9,0,3,12
STATION_GUY,24573,13,1,3,17
STATION_GUY,17739,13,2,3,18
STATION_GUY,667,6,2,4,12
,,,,
UTILITY_GUY,30424,12,2,1,15
,,,,
UTILITY_GUY,696,3,1,0,4
UTILITY_GUY,25046,14,1,0,15
STATION_GUY,28884,13,0,1,14
STATION_GUY,14206,12,1,3,16
UTILITY_GUY,1582,7,2,1,10
STATION_GUY,9930,14,1,3,18
STATION_GUY,8517,12,1,1,14
STATION_GUY,606,7,0,2,9
UTILITY_GUY,9040,13,2,1,16
,,,,
STATION_GUY,9025,15,0,2,17
UTILITY_GUY,59054,12,2,1,15
,,,,
STATION_GUY,2063,10,0,4,14
STATION_GUY,4852,7,1,4,12
UTILITY_GUY,9472,11,2,2,15
STATION_GUY,9290,16,1,1,18
STATION_GUY,8567,11,0,4,15
,,,,
STATION_GUY,9067,15,0,4,19
UTILITY_GUY,18009,9,2,2,13
STATION_GUY,21761,14,0,1,15
STATION_GUY,899,6,0,1,7
UTILITY_GUY,3061,6,2,4,12
STATION_GUY,9464,15,0,3,18
STATION_GUY,76891,14,1,2,17
UTILITY_GUY,40862,14,1,1,16
STATION_GUY,5263,14,1,4,19
UTILITY_GUY,23744,11,0,1,12
UTILITY_GUY,390,7,0,1,8
STATION_GUY,3998,8,0,4,12
STATION_GUY,378,8,0,3,11
UTILITY_GUY,7983,14,1,3,18
STATION_GUY,323,7,1,1,9
UTILITY_GUY,6544,14,2,1,17
UTILITY_GUY,539,8,2,1,11
STATION_GUY,5068,13,1,4,18
STATION_GUY,13797,12,1,4,17
STATION_GUY,713,5,1,2,8
STATION_GUY,3580,13,1,3,17
UTILITY_GUY,30067,14,1,1,16
STATION_GUY,1433,8,0,4,12
,,,,
STATION_GUY,1027,6,0,4,10
,,,,
STATION_GUY,8211,10,0,4,14
STATION_GUY,7879,15,0,4,19
UTILITY_GUY,22496,16,2,1,19
STATION_GUY,29129,10,0,3,13
UTILITY_GUY,430,4,1,1,6
STATION_GUY,6724,11,1,3,15
UTILITY_GUY,23603,12,2,1,15
STATION_GUY,6976,13,0,3,16
,,,,
STATION_GUY,2260,11,1,3,15
STATION_GUY,1333,4,0,3,7
UTILITY_GUY,4092,11,1,1,13
STATION_GUY,5275,10,1,3,14
STATION_GUY,2103,5,1,3,9
STATION_GUY,303,3,0,3,6
UTILITY_GUY,41930,12,2,2,16
UTILITY_GUY,1107,4,0,1,5
STATION_GUY,16420,10,2,2,14
UTILITY_GUY,2344,10,2,4,16
STATION_GUY,1890,10,1,2,13
STATION_GUY,4103,10,0,3,13
UTILITY_GUY,6555,9,1,1,11
,,,,
STATION_GUY,8844,7,0,4,11
STATION_GUY,369,5,1,3,9
STATION_GUY,4901,10,1,4,15
STATION_GUY,9656,11,0,2,13
STATION_GUY,3867,10,1,3,14
STATION_GUY,50394,14,0,3,17
UTILITY_GUY,591,8,1,2,11
STATION_GUY,13889,13,1,3,17
STATION_GUY,3402,11,0,4,15
STATION_GUY,11610,13,0,1,14
,,,,
STATION_GUY,1603,7,2,4,13
UTILITY_GUY,20462,16,1,1,18
UTILITY_GUY,13760,10,2,1,13
UTILITY_GUY,3976,13,2,1,16
STATION_GUY,10339,14,0,3,17
STATION_GUY,1028,5,0,2,7
STATION_GUY,12559,12,1,3,16
,,,,
STATION_GUY,3635,11,1,4,16
STATION_GUY,4059,10,1,4,15
UTILITY_GUY,30807,11,1,0,12
STATION_GUY,1841,6,0,4,10
UTILITY_GUY,30712,11,1,1,13
UTILITY_GUY,47804,11,2,1,14
UTILITY_GUY,13101,11,2,1,14
UTILITY_GUY,46328,12,1,2,15
STATION_GUY,9385,12,0,3,15
STATION_GUY,856,6,0,4,10
STATION_GUY,23099,9,1,3,13
STATION_GUY,11596,11,1,3,15
,,,,
UTILITY_GUY,10362,13,2,2,17
STATION_GUY,2581,11,0,4,15
STATION_GUY,923,7,0,3,10
UTILITY_GUY,21104,14,1,1,16
STATION_GUY,473,8,0,3,11
STATION_GUY,920,9,1,3,13
,,,,
,,,,
UTILITY_GUY,5340,11,2,1,14
STATION_GUY,14006,13,0,1,14
,,,,
,,,,
UTILITY_GUY,18060,9,2,2,13
,,,,
STATION_GUY,10688,15,1,2,18
UTILITY_GUY,14366,11,1,0,12
STATION_GUY,20144,13,1,3,17
STATION_GUY,1957,5,0,3,8
STATION_GUY,7802,12,0,4,16
STATION_GUY,10559,15,0,3,18
STATION_GUY,8358,11,1,3,15
STATION_GUY,15483,9,1,3,13
STATION_GUY,807,5,0,2,7
UTILITY_GUY,29030,13,1,1,15
UTILITY_GUY,10834,13,2,1,16
,,,,
STATION_GUY,1678,4,0,2,6
STATION_GUY,5991,11,0,4,15
STATION_GUY,733,6,0,3,9
UTILITY_GUY,17878,11,2,2,15
UTILITY_GUY,4961,10,2,1,13
UTILITY_GUY,3307,13,2,2,17
STATION_GUY,1300,6,0,4,10
,,,,
UTILITY_GUY,1425,6,0,3,9
STATION_GUY,1352,8,0,3,11
UTILITY_GUY,11558,10,2,2,14
STATION_GUY,6458,14,1,3,18
STATION_GUY,706,7,1,3,11
STATION_GUY,9201,12,1,2,15
UTILITY_GUY,828,5,2,2,9
STATION_GUY,3598,9,0,4,13
UTILITY_GUY,7164,9,2,2,13
,,,,
STATION_GUY,1811,9,2,3,14
UTILITY_GUY,15547,12,0,1,13
UTILITY_GUY,15467,13,0,1,14
STATION_GUY,2534,14,0,4,18
STATION_GUY,14661,15,1,2,18
,,,,
STATION_GUY,939,4,1,2,7
,,,,
STATION_GUY,6366,15,0,2,17
,,,,
STATION_GUY,391,7,1,3,11
UTILITY_GUY,7611,11,2,0,13
STATION_GUY,802,5,0,1,6
UTILITY_GUY,19751,13,1,2,16
UTILITY_GUY,11149,16,2,1,19
UTILITY_GUY,1565,12,2,2,16
STATION_GUY,2776,7,2,3,12
STATION_GUY,9132,11,1,3,15
,,,,
UTILITY_GUY,92356,12,2,2,16
UTILITY_GUY,1162,5,2,2,9
STATION_GUY,33627,11,1,4,16
STATION_GUY,18900,11,1,3,15
STATION_GUY,34446,11,0,3,14
STATION_GUY,1168,3,1,3,7
STATION_GUY,990,9,0,4,13
STATION_GUY,17080,11,1,2,14
STATION_GUY,10808,11,1,3,15
UTILITY_GUY,927,5,1,0,6
,,,,
STATION_GUY,7052,11,0,4,15
STATION_GUY,11948,13,2,2,17
UTILITY_GUY,25444,12,1,0,13
UTILITY_GUY,13866,16,1,1,18
UTILITY_GUY,1204,3,1,0,4
STATION_GUY,10980,15,0,4,19
UTILITY_GUY,46244,12,1,2,15
STATION_GUY,20212,14,1,2,17
STATION_GUY,1354,7,1,4,12
UTILITY_GUY,856,5,1,2,8
UTILITY_GUY,24012,12,2,3,17
UTILITY_GUY,10236,9,1,3,13
UTILITY_GUY,764,5,0,0,5
UTILITY_GUY,11537,12,2,1,15
STATION_GUY,1002,9,1,3,13
UTILITY_GUY,9041,10,1,3,14
UTILITY_GUY,50684,11,2,1,14
STATION_GUY,4295,10,0,4,14
UTILITY_GUY,11863,13,2,1,16
STATION_GUY,7484,12,0,2,14
STATION_GUY,7655,16,0,3,19
UTILITY_GUY,17276,15,1,1,17
STATION_GUY,17453,17,1,1,19
,,,,
STATION_GUY,42659,13,1,3,17
STATION_GUY,32218,11,2,3,16
UTILITY_GUY,989,3,0,1,4
UTILITY_GUY,1312,5,0,0,5
,,,,
UTILITY_GUY,14055,9,2,0,11
STATION_GUY,20524,11,1,2,14
STATION_GUY,1493,12,0,3,15
,,,,
STATION_GUY,9361,8,1,3,12
STATION_GUY,7636,14,2,3,19
STATION_GUY,2303,8,1,4,13
STATION_GUY,18685,11,0,4,15
STATION_GUY,969,6,1,3,10
UTILITY_GUY,14216,13,1,1,15
STATION_GUY,10603,12,0,1,13
STATION_GUY,8899,12,0,3,15
UTILITY_GUY,2016,9,2,2,13
UTILITY_GUY,5331,12,2,1,15
UTILITY_GUY,14658,13,1,1,15
UTILITY_GUY,195,7,1,1,9
,,,,
STATION_GUY,563,5,0,3,8
STATION_GUY,2512,11,0,4,15
STATION_GUY,36595,13,1,2,16
STATION_GUY,266,10,2,4,16
STATION_GUY,6649,10,2,3,15
STATION_GUY,4457,16,0,3,19
STATION_GUY,24349,12,0,2,14
STATION_GUY,5059,13,0,2,15
STATION_GUY,318,7,0,4,11
STATION_GUY,542,6,1,3,10
STATION_GUY,1640,14,2,1,17
UTILITY_GUY,335,6,1,0,7
UTILITY_GUY,24361,13,1,2,16
STATION_GUY,1207,7,2,3,12
UTILITY_GUY,6455,10,2,1,13
STATION_GUY,3199,11,0,2,13
STATION_GUY,6559,12,1,3,16
STATION_GUY,1035,6,2,3,11
UTILITY_GUY,2058,9,1,4,14
,,,,
STATION_GUY,938,6,0,4,10
STATION_GUY,13011,14,1,3,18
UTILITY_GUY,36666,11,2,0,13
STATION_GUY,10618,14,0,3,17
STATION_GUY,20745,11,0,3,14
STATION_GUY,1805,10,0,3,13
STATION_GUY,48376,12,1,3,16
STATION_GUY,1949,9,1,4,14
UTILITY_GUY,1572,5,1,3,9
UTILITY_GUY,5106,10,2,1,13
STATION_GUY,11584,16,0,2,18
,,,,
STATION_GUY,767,11,1,4,16
UTILITY_GUY,95242,12,2,1,15
STATION_GUY,2452,9,0,4,13
STATION_GUY,1161,9,1,3,13
STATION_GUY,11142,11,1,3,15
STATION_GUY,3688,12,1,3,16
STATION_GUY,17151,13,0,2,15
,,,,
,,,,
UTILITY_GUY,19557,14,1,2,17
STATION_GUY,12317,16,1,3,20
STATION_GUY,36569,10,0,3,13
STATION_GUY,12712,14,0,2,16
STATION_GUY,7087,15,0,3,18
STATION_GUY,20803,11,1,3,15
UTILITY_GUY,10409,12,2,2,16
UTILITY_GUY,3407,9,1,3,13
STATION_GUY,1585,6,0,4,10
UTILITY_GUY,11539,15,1,1,17
STATION_GUY,5258,7,1,4,12
STATION_GUY,30907,13,0,2,15
UTILITY_GUY,28565,13,2,2,17
UTILITY_GUY,1701,5,1,0,6
STATION_GUY,8496,16,2,1,19
STATION_GUY,20355,14,1,3,18
UTILITY_GUY,20664,12,1,2,15
STATION_GUY,17752,15,0,2,17
STATION_GUY,14531,12,0,4,16
UTILITY_GUY,15130,13,2,2,17
UTILITY_GUY,24208,10,2,2,14
STATION_GUY,1720,3,1,4,8
STATION_GUY,4779,13,0,4,17
STATION_GUY,11526,10,0,2,12
STATION_GUY,1074,11,0,4,15
STATION_GUY,7878,10,2,2,14
,,,,
UTILITY_GUY,10608,10,2,2,14
UTILITY_GUY,14902,14,2,2,18
STATION_GUY,3184,9,2,3,14
,,,,
UTILITY_GUY,29554,12,0,2,14
STATION_GUY,67838,9,1,3,13
STATION_GUY,2208,9,0,4,13
UTILITY_GUY,47325,12,2,0,14
UTILITY_GUY,236,10,2,1,13
UTILITY_GUY,554,4,0,0,4
STATION_GUY,79628,14,0,3,17
UTILITY_GUY,531,6,2,1,9
STATION_GUY,1304,6,1,4,11
STATION_GUY,750,7,0,2,9
UTILITY_GUY,7919,15,0,1,16
STATION_GUY,6193,11,1,3,15
STATION_GUY,3171,11,1,3,15
,,,,
UTILITY_GUY,8318,13,1,2,16
,,,,
UTILITY_GUY,15234,10,1,2,13
STATION_GUY,12923,12,0,3,15
UTILITY_GUY,22282,13,2,2,17
,,,,
UTILITY_GUY,73574,14,2,1,17
STATION_GUY,548,6,0,1,7
UTILITY_GUY,45525,12,1,2,15
STATION_GUY,596,8,0,3,11
STATION_GUY,82,7,1,3,11
STATION_GUY,59322,12,1,3,16
,,,,
,,,,
STATION_GUY,18137,10,0,3,13
STATION_GUY,316,6,0,3,9
STATION_GUY,3412,12,0,3,15
UTILITY_GUY,20662,12,1,1,14
UTILITY_GUY,907,3,1,2,6
UTILITY_GUY,810,5,2,1,8
STATION_GUY,3072,5,0,4,9
,,,,
STATION_GUY,7018,9,1,3,13
STATION_GUY,3390,13,0,4,17
UTILITY_GUY,809,5,1,1,7
,,,,
UTILITY_GUY,990,4,2,1,7
UTILITY_GUY,1410,2,0,0,2
UTILITY_GUY,15630,11,1,3,15
STATION_GUY,92978,15,0,2,17
STATION_GUY,1173,9,1,3,13
,,,,
STATION_GUY,7628,12,1,2,15
UTILITY_GUY,1416,6,2,4,12
STATION_GUY,2052,11,0,4,15
,,,,
UTILITY_GUY,697,6,1,0,7
STATION_GUY,5915,11,0,3,14
STATION_GUY,875,8,1,3,12
UTILITY_GUY,4085,11,2,3,16
UTILITY_GUY,235,6,2,1,9
STATION_GUY,6078,13,0,4,17
UTILITY_GUY,1742,5,2,1,8
STATION_GUY,7228,9,1,4,14
STATION_GUY,2102,8,0,4,12
STATION_GUY,4334,13,1,4,18
,,,,
UTILITY_GUY,14022,13,2,3,18
STATION_GUY,7246,12,1,1,14
UTILITY_GUY,15991,13,2,2,17
STATION_GUY,510,12,1,4,17
STATION_GUY,3031,12,0,2,14
UTILITY_GUY,36921,12,2,1,15
STATION_GUY,6289,14,1,2,17
UTILITY_GUY,26196,13,0,1,14
STATION_GUY,1548,8,1,4,13
,,,,
UTILITY_GUY,20638,13,1,1,15
STATION_GUY,9284,14,0,2,16
STATION_GUY,893,7,0,3,10
STATION_GUY,1088,4,1,2,7
STATION_GUY,23488,11,0,3,14
,,,,
STATION_GUY,4492,13,0,4,17
STATION_GUY,2486,8,1,4,13
UTILITY_GUY,93063,11,2,1,14
STATION_GUY,229,7,0,1,8
STATION_GUY,1080,7,0,4,11
UTILITY_GUY,7803,11,2,1,14
UTILITY_GUY,569,6,2,0,8
STATION_GUY,3104,11,0,4,15
UTILITY_GUY,592,7,2,1,10
,,,,
STATION_GUY,7246,12,1,3,16
,,,,
STATION_GUY,869,6,0,3,9
STATION_GUY,7558,14,1,3,18
UTILITY_GUY,427,7,1,3,11
UTILITY_GUY,1091,6,1,1,8
STATION_GUY,767,5,0,4,9
STATION_GUY,1786,9,0,4,13
STATION_GUY,23012,12,1,2,15
UTILITY_GUY,44245,12,1,1,14
UTILITY_GUY,2997,13,2,1,16
UTILITY_GUY,833,4,2,1,7
UTILITY_GUY,8252,12,1,1,14
STATION_GUY,2133,11,1,4,16
STATION_GUY,14355,12,1,3,16
UTILITY_GUY,9712,14,1,1,16
,,,,
STATION_GUY,18151,11,0,2,13
STATION_GUY,1160,5,0,3,8
STATION_GUY,11350,14,0,4,18
UTILITY_GUY,9493,10,2,2,14
STATION_GUY,15612,9,2,2,13
UTILITY_GUY,44492,16,1,1,18
STATION_GUY,17735,13,1,1,15
STATION_GUY,824,7,0,1,8
STATION_GUY,1017,5,2,2,9
UTILITY_GUY,1162,4,1,0,5
UTILITY_GUY,701,6,1,0,7
STATION_GUY,1288,5,0,4,9
UTILITY_GUY,10627,14,1,1,16
,,,,
UTILITY_GUY,991,6,1,1,8
UTILITY_GUY,12057,12,2,1,15
,,,,
UTILITY_GUY,7281,10,2,2,14
STATION_GUY,1675,11,1,2,14
STATION_GUY,2387,9,1,3,13
UTILITY_GUY,3235,7,2,1,10
,,,,
STATION_GUY,17467,12,0,3,15
,,,,
STATION_GUY,333,5,0,3,8
STATION_GUY,275,10,1,3,14
STATION_GUY,19585,14,0,3,17
UTILITY_GUY,61506,15,1,2,18
STATION_GUY,40003,12,2,3,17
STATION_GUY,18194,11,0,3,14
UTILITY_GUY,14400,12,1,1,14
STATION_GUY,976,6,0,3,9
STATION_GUY,41123,12,0,4,16
STATION_GUY,29006,11,0,3,14
UTILITY_GUY,12874,12,1,2,15
,,,,
STATION_GUY,596,7,0,3,10
UTILITY_GUY,19690,13,2,1,16
,,,,
UTILITY_GUY,19226,15,0,1,16
UTILITY_GUY,768,9,1,0,10
UTILITY_GUY,18685,15,1,1,17
UTILITY_GUY,19134,12,1,0,13
,,,,
STATION_GUY,1077,8,0,2,10
UTILITY_GUY,852,5,2,0,7
UTILITY_GUY,1828,6,1,1,8
UTILITY_GUY,750,8,0,1,9
UTILITY_GUY,1260,7,2,2,11
STATION_GUY,24128,14,0,2,16
STATION_GUY,50742,12,0,2,14
,,,,
,,,,
STATION_GUY,25058,14,1,2,17
UTILITY_GUY,204,6,2,0,8
STATION_GUY,32989,12,0,3,15
UTILITY_GUY,10439,13,1,1,15
STATION_GUY,3865,13,0,3,16
UTILITY_GUY,360,7,1,1,9
UTILITY_GUY,54305,11,2,2,15
STATION_GUY,865,8,2,3,13
STATION_GUY,23959,11,2,3,16
STATION_GUY,15860,13,0,3,16
UTILITY_GUY,37699,14,2,1,17
STATION_GUY,11216,12,0,2,14
UTILITY_GUY,732,5,2,0,7
,,,,
STATION_GUY,4113,8,1,3,12
UTILITY_GUY,982,9,2,2,13
,,,,
UTILITY_GUY,9915,12,1,3,16
UTILITY_GUY,7190,11,0,2,13
STATION_GUY,4715,14,0,3,17
STATION_GUY,10535,9,1,4,14
STATION_GUY,1337,3,0,3,6
STATION_GUY,4993,12,0,3,15
UTILITY_GUY,7840,13,1,3,17
STATION_GUY,417,5,0,2,7
UTILITY_GUY,548,5,1,2,8
STATION_GUY,8397,13,0,1,14
UTILITY_GUY,17649,13,2,1,16
STATION_GUY,1825,5,2,4,11
,,,,
,,,,
UTILITY_GUY,373,6,1,3,10
STATION_GUY,3107,8,1,3,12
,,,,
STATION_GUY,26380,12,2,2,16
STATION_GUY,5630,10,1,3,14
STATION_GUY,979,7,0,3,10
STATION_GUY,679,6,0,3,9
STATION_GUY,989,4,1,3,8
STATION_GUY,546,11,0,4,15
STATION_GUY,11529,11,1,2,14
UTILITY_GUY,9362,10,1,2,13
UTILITY_GUY,305,8,0,1,9
UTILITY_GUY,374,7,1,0,8
STATION_GUY,21561,12,0,2,14
STATION_GUY,2900,8,2,4,14
,,,,
UTILITY_GUY,29554,12,1,2,15
UTILITY_GUY,13949,9,1,2,12
UTILITY_GUY,999,5,0,2,7
STATION_GUY,2194,11,0,3,14
STATION_GUY,69932,9,0,3,12
UTILITY_GUY,24639,11,1,3,15
STATION_GUY,9827,14,0,2,16
,,,,
UTILITY_GUY,2962,9,2,1,12
UTILITY_GUY,13387,10,2,2,14
STATION_GUY,7932,12,2,3,17
STATION_GUY,4065,13,0,4,17
STATION_GUY,1391,10,1,4,15
STATION_GUY,1384,8,0,4,12
STATION_GUY,279,6,0,1,7
UTILITY_GUY,15720,15,2,1,18
UTILITY_GUY,9318,12,1,0,13
UTILITY_GUY,17312,13,2,0,15
UTILITY_GUY,1558,9,1,1,11
UTILITY_GUY,11885,12,1,0,13
,,,,
STATION_GUY,2684,6,0,4,10
,,,,
STATION_GUY,23308,12,0,3,15
UTILITY_GUY,2510,10,2,2,14
UTILITY_GUY,854,7,2,1,10
STATION_GUY,1371,10,0,3,13
STATION_GUY,1772,9,2,4,15
UTILITY_GUY,440,8,1,0,9
STATION_GUY,23565,10,1,1,12
UTILITY_GUY,13511,13,1,2,16
STATION_GUY,24658,13,2,3,18
UTILITY_GUY,1079,5,0,0,5
STATION_GUY,72166,12,1,1,14
,,,,
STATION_GUY,1539,7,0,4,11
STATION_GUY,18300,9,0,3,12
,,,,
STATION_GUY,22471,12,1,3,16
UTILITY_GUY,14751,11,2,2,15
STATION_GUY,4952,14,1,2,17
UTILITY_GUY,4517,12,1,1,14
,,,,
STATION_GUY,2981,8,0,4,12
STATION_GUY,1266,3,1,3,7
,,,,
STATION_GUY,625,6,0,1,7
UTILITY_GUY,9269,14,2,0,16
UTILITY_GUY,38501,10,2,1,13
STATION_GUY,5081,11,2,4,17
STATION_GUY,15780,11,1,4,16
STATION_GUY,699,1,1,3,5
STATION_GUY,22071,10,1,3,14
,,,,
STATION_GUY,10882,11,0,3,14
UTILITY_GUY,187,4,0,2,6
STATION_GUY,15282,11,1,3,15
UTILITY_GUY,2937,7,1,3,11
STATION_GUY,5217,12,1,4,17
UTILITY_GUY,14954,8,2,2,12
STATION_GUY,12009,14,0,3,17
STATION_GUY,7192,9,0,3,12
UTILITY_GUY,560,12,2,3,17
STATION_GUY,7062,13,0,2,15
UTILITY_GUY,28461,13,1,1,15
UTILITY_GUY,2465,8,1,1,10
STATION_GUY,2596,8,1,3,12
,,,,
STATION_GUY,23658,13,0,2,15
,,,,
STATION_GUY,686,2,0,3,5
UTILITY_GUY,1222,4,2,1,7
STATION_GUY,16263,12,2,2,16
UTILITY_GUY,252,7,2,1,10
STATION_GUY,20573,9,2,3,14
UTILITY_GUY,1053,5,2,0,7
STATION_GUY,443,8,2,2,12
,,,,
STATION_GUY,8314,11,1,3,15
STATION_GUY,12001,13,1,3,17
STATION_GUY,12434,14,1,2,17
STATION_GUY,2198,7,0,4,11
STATION_GUY,12742,14,0,3,17
UTILITY_GUY,62133,13,1,2,16
STATION_GUY,14228,14,1,2,17
UTILITY_GUY,7994,13,1,1,15
STATION_GUY,10286,14,1,3,18
STATION_GUY,6374,13,2,3,18
UTILITY_GUY,51303,13,1,1,15
STATION_GUY,8303,12,1,3,16
UTILITY_GUY,12357,12,1,1,14
UTILITY_GUY,857,6,1,0,7
STATION_GUY,686,6,0,3,9
STATION_GUY,1618,8,1,3,12
STATION_GUY,31964,14,0,2,16
UTILITY_GUY,569,9,2,1,12
STATION_GUY,23502,10,0,3,13
STATION_GUY,20181,13,0,2,15
STATION_GUY,9600,10,1,2,13
STATION_GUY,14489,14,1,3,18
UTILITY_GUY,13463,12,2,1,15
UTILITY_GUY,11324,12,2,1,15
STATION_GUY,14986,12,2,2,16
STATION_GUY,20045,13,1,2,16
UTILITY_GUY,1626,8,1,0,9
,,,,
STATION_GUY,10692,13,0,3,16
STATION_GUY,95530,15,0,3,18
UTILITY_GUY,1277,3,1,0,4
STATION_GUY,2340,11,0,4,15
STATION_GUY,976,7,2,2,11
UTILITY_GUY,591,7,2,2,11
STATION_GUY,5856,12,0,3,15
STATION_GUY,2514,8,0,4,12
STATION_GUY,30324,14,1,1,16
STATION_GUY,7406,13,1,3,17
UTILITY_GUY,7754,11,1,2,14
STATION_GUY,2275,5,2,4,11
STATION_GUY,3785,14,0,4,18
STATION_GUY,8070,14,0,3,17
UTILITY_GUY,22415,12,1,1,14
UTILITY_GUY,10791,11,2,3,16
UTILITY_GUY,5561,10,2,2,14
STATION_GUY,17774,9,1,2,12
STATION_GUY,1923,7,0,4,11
STATION_GUY,8267,13,2,4,19
STATION_GUY,1805,9,1,4,14
STATION_GUY,9167,13,1,3,17
,,,,
,,,,
STATION_GUY,6330,11,0,3,14
UTILITY_GUY,35910,12,2,2,16
STATION_GUY,2961,6,0,3,9
STATION_GUY,12821,14,0,3,17
UTILITY_GUY,2143,9,2,3,14
STATION_GUY,725,8,1,2,11
STATION_GUY,7459,16,0,4,20
UTILITY_GUY,1096,7,2,3,12
STATION_GUY,24009,13,0,3,16
UTILITY_GUY,32026,13,2,1,16
STATION_GUY,16569,11,1,2,14
STATION_GUY,27243,13,1,3,17
STATION_GUY,46570,12,1,2,15
STATION_GUY,10317,11,1,3,15
UTILITY_GUY,1306,8,2,1,11
,,,,
STATION_GUY,7211,10,1,3,14
UTILITY_GUY,11592,10,1,2,13
STATION_GUY,3495,11,1,4,16
STATION_GUY,13330,15,1,2,18
STATION_GUY,18969,13,1,2,16
UTILITY_GUY,1108,9,2,2,13
STATION_GUY,2070,9,0,4,13
,,,,
UTILITY_GUY,83467,11,1,1,13
STATION_GUY,2852,12,1,4,17
UTILITY_GUY,15952,13,2,1,16
,,,,
UTILITY_GUY,5215,13,1,1,15
STATION_GUY,8758,12,0,3,15
UTILITY_GUY,543,9,1,3,13
,,,,
UTILITY_GUY,1093,7,1,2,10
STATION_GUY,705,9,0,4,13
STATION_GUY,12335,12,0,3,15
STATION_GUY,2520,5,1,4,10
,,,,
UTILITY_GUY,12648,10,1,0,11
,,,,
STATION_GUY,34737,12,1,2,15
STATION_GUY,930,10,0,4,14
UTILITY_GUY,15941,13,1,3,17
UTILITY_GUY,1174,3,2,0,5
STATION_GUY,2349,8,0,4,12
,,,,
STATION_GUY,10935,9,0,3,12
STATION_GUY,2529,6,1,4,11
UTILITY_GUY,31460,13,2,2,17
STATION_GUY,311,12,0,3,15
UTILITY_GUY,33565,13,2,1,16
STATION_GUY,14272,17,1,1,19
STATION_GUY,17563,10,1,2,13
STATION_GUY,5023,14,0,3,17
UTILITY_GUY,6277,9,2,2,13
STATION_GUY,14505,9,1,2,12
UTILITY_GUY,11248,10,2,1,13
STATION_GUY,5135,11,2,4,17
STATION_GUY,2193,12,0,4,16
UTILITY_GUY,26722,13,1,1,15
UTILITY_GUY,33631,14,1,3,18
STATION_GUY,9194,14,1,3,18
STATION_GUY,2630,5,2,4,11
UTILITY_GUY,728,4,0,0,4
UTILITY_GUY,409,6,1,0,7
UTILITY_GUY,7894,10,1,2,13
STATION_GUY,1025,7,1,3,11
STATION_GUY,1640,4,0,3,7
STATION_GUY,1295,6,0,3,9
UTILITY_GUY,907,6,0,1,7
,,,,
STATION_GUY,1146,6,2,4,12
,,,,
STATION_GUY,41238,11,1,2,14
STATION_GUY,1804,4,0,0,4
UTILITY_GUY,22797,11,1,1,13
UTILITY_GUY,40736,13,2,0,15
UTILITY_GUY,23321,15,2,0,17
UTILITY_GUY,10869,11,2,4,17
,,,,
UTILITY_GUY,16271,12,2,2,16
UTILITY_GUY,17902,12,1,1,14
UTILITY_GUY,130,7,2,1,10
STATION_GUY,533,6,1,4,11
STATION_GUY,4076,16,1,4,21
UTILITY_GUY,616,5,1,1,7
UTILITY_GUY,1136,5,2,2,9
STATION_GUY,20833,12,2,3,17
STATION_GUY,5949,11,0,2,13
STATION_GUY,819,6,0,1,7
STATION_GUY,1417,6,1,3,10
STATION_GUY,1797,8,0,4,12
STATION_GUY,2461,12,1,3,16
STATION_GUY,49846,11,1,4,16
UTILITY_GUY,13955,16,2,0,18
UTILITY_GUY,1057,2,1,1,4
,,,,
UTILITY_GUY,5628,13,1,1,15
UTILITY_GUY,1085,4,0,1,5
STATION_GUY,6004,9,0,4,13
STATION_GUY,908,2,0,2,4
STATION_GUY,12593,10,1,3,14
STATION_GUY,15362,14,1,3,18
STATION_GUY,3168,9,1,4,14
STATION_GUY,853,3,0,3,6
UTILITY_GUY,1315,5,2,1,8
UTILITY_GUY,4088,8,1,1,10
UTILITY_GUY,10114,15,1,1,17
STATION_GUY,15029,11,1,2,14
STATION_GUY,29295,11,0,3,14
STATION_GUY,8831,11,0,3,14
STATION_GUY,825,5,0,4,9
STATION_GUY,13119,10,1,2,13
UTILITY_GUY,16353,12,2,1,15
UTILITY_GUY,16205,13,2,1,16
STATION_GUY,36340,11,0,2,13
STATION_GUY,8393,12,0,1,13
STATION_GUY,21570,12,2,2,16
STATION_GUY,963,8,1,4,13
STATION_GUY,11656,16,1,2,19
STATION_GUY,4247,9,2,4,15
STATION_GUY,14109,12,1,2,15
STATION_GUY,17723,10,0,2,12
UTILITY_GUY,14096,13,1,2,16
STATION_GUY,14627,13,2,2,17
UTILITY_GUY,34589,13,2,2,17
STATION_GUY,1800,5,1,4,10
STATION_GUY,1531,6,0,4,10
STATION_GUY,10533,8,1,3,12
UTILITY_GUY,42280,12,1,3,16
UTILITY_GUY,18674,9,2,1,12
STATION_GUY,14627,12,1,2,15
UTILITY_GUY,6997,10,2,1,13
STATION_GUY,4120,16,1,2,19
,,,,
UTILITY_GUY,551,7,2,1,10
UTILITY_GUY,1538,8,2,0,10
UTILITY_GUY,1109,8,1,0,9
UTILITY_GUY,6161,14,2,2,18
STATION_GUY,2417,4,1,4,9
STATION_GUY,6892,12,0,3,15
STATION_GUY,15981,8,1,4,13
STATION_GUY,9273,11,0,3,14
STATION_GUY,11475,12,1,4,17
STATION_GUY,16527,10,1,1,12
STATION_GUY,2534,8,1,4,13
UTILITY_GUY,11010,12,1,2,15
STATION_GUY,21078,12,1,4,17
,,,,
STATION_GUY,14610,13,1,2,16
UTILITY_GUY,18268,11,2,1,14
STATION_GUY,2480,11,1,4,16
UTILITY_GUY,670,9,2,1,12
UTILITY_GUY,563,4,1,1,6
UTILITY_GUY,10625,11,1,2,14
STATION_GUY,17470,11,0,3,14
STATION_GUY,13564,14,2,3,19
STATION_GUY,34906,9,0,3,12
UTILITY_GUY,4818,13,1,2,16
STATION_GUY,23733,11,0,2,13
UTILITY_GUY,800,3,0,0,3
STATION_GUY,1136,7,1,4,12
STATION_GUY,321,6,0,3,9
STATION_GUY,1802,8,1,4,13
STATION_GUY,4226,13,1,4,18
UTILITY_GUY,1166,5,1,2,8
,,,,
STATION_GUY,55569,13,0,1,14
UTILITY_GUY,1487,12,2,2,16
STATION_GUY,789,7,2,2,11
STATION_GUY,2091,12,1,4,17
STATION_GUY,548,9,0,2,11
UTILITY_GUY,1103,6,0,2,8
STATION_GUY,21886,11,0,3,14
UTILITY_GUY,13609,12,1,2,15
STATION_GUY,2663,7,1,4,12
STATION_GUY,9836,12,1,2,15
UTILITY_GUY,14641,11,0,2,13
STATION_GUY,2389,8,0,3,11
STATION_GUY,21981,13,1,3,17
STATION_GUY,1591,2,1,2,5
UTILITY_GUY,4585,14,1,2,17
UTILITY_GUY,403,11,2,0,13
,,,,
STATION_GUY,2140,11,0,3,14
STATION_GUY,3727,8,0,4,12
UTILITY_GUY,4127,12,2,2,16
STATION_GUY,1773,10,0,4,14
UTILITY_GUY,28105,10,2,1,13
STATION_GUY,1286,6,1,4,11
STATION_GUY,17470,14,0,2,16
STATION_GUY,938,5,0,2,7
STATION_GUY,370,7,0,1,8
STATION_GUY,4065,12,1,4,17
UTILITY_GUY,538,7,0,1,8
STATION_GUY,35293,11,0,3,14
UTILITY_GUY,17540,14,2,2,18
UTILITY_GUY,43660,8,2,3,13
STATION_GUY,2411,6,0,4,10
UTILITY_GUY,41430,12,2,2,16
STATION_GUY,1945,15,0,3,18
STATION_GUY,7547,14,1,2,17
STATION_GUY,15871,14,0,3,17
UTILITY_GUY,2180,9,2,1,12
UTILITY_GUY,2205,9,2,4,15
UTILITY_GUY,1046,4,2,0,6
STATION_GUY,9845,11,0,2,13
STATION_GUY,11446,12,2,2,16
UTILITY_GUY,9734,13,2,0,15
UTILITY_GUY,1192,12,1,2,15
STATION_GUY,19101,13,0,3,16
STATION_GUY,3162,5,0,4,9
UTILITY_GUY,14400,16,0,0,16
UTILITY_GUY,22980,16,2,1,19
STATION_GUY,978,1,0,4,5
STATION_GUY,10229,10,1,3,14
STATION_GUY,1009,9,0,2,11
STATION_GUY,2115,13,0,4,17
UTILITY_GUY,9295,10,0,2,12
STATION_GUY,7227,17,0,2,19
STATION_GUY,2381,7,0,4,11
STATION_GUY,46085,10,0,4,14
STATION_GUY,2740,11,2,3,16
STATION_GUY,6584,9,0,4,13
UTILITY_GUY,37835,11,1,1,13
STATION_GUY,26548,11,1,2,14
STATION_GUY,4151,11,0,3,14
STATION_GUY,9428,16,1,1,18
STATION_GUY,1019,6,1,1,8
STATION_GUY,38481,11,0,1,12
,,,,
STATION_GUY,6678,14,1,3,18
,,,,
STATION_GUY,6085,12,0,4,16
UTILITY_GUY,452,7,2,2,11
STATION_GUY,26015,13,0,2,15
UTILITY_GUY,6527,13,2,3,18
UTILITY_GUY,22510,13,1,3,17
UTILITY_GUY,24388,14,1,1,16
UTILITY_GUY,1073,7,0,2,9
STATION_GUY,9361,13,2,1,16
STATION_GUY,12105,11,1,3,15
STATION_GUY,5915,12,0,4,16
STATION_GUY,12241,13,0,2,15
UTILITY_GUY,832,6,2,0,8
UTILITY_GUY,14942,10,1,1,12
,,,,
STATION_GUY,1494,7,0,4,11
STATION_GUY,1354,8,1,4,13
,,,,
UTILITY_GUY,62987,9,1,1,11
,,,,
UTILITY_GUY,32209,11,2,4,17
UTILITY_GUY,5267,14,2,2,18
STATION_GUY,2782,10,1,4,15
STATION_GUY,22240,16,1,3,20
STATION_GUY,26339,14,0,2,16
STATION_GUY,21763,11,0,3,14
UTILITY_GUY,982,5,0,1,6
,,,,
STATION_GUY,4731,12,0,4,16
UTILITY_GUY,29713,8,2,1,11
UTILITY_GUY,6220,10,1,1,12
STATION_GUY,762,7,0,3,10
UTILITY_GUY,22193,9,1,2,12
STATION_GUY,11785,12,0,4,16
STATION_GUY,12700,12,2,3,17
STATION_GUY,4965,14,0,3,17
STATION_GUY,9807,10,0,3,13
STATION_GUY,7909,13,1,3,17
,,,,
UTILITY_GUY,4181,13,1,1,15
STATION_GUY,3034,10,1,4,15
STATION_GUY,889,5,1,3,9
,,,,
STATION_GUY,1513,7,0,4,11
STATION_GUY,1006,12,2,4,18
STATION_GUY,27988,12,2,2,16
UTILITY_GUY,27002,13,2,0,15
STATION_GUY,20170,12,0,2,14
UTILITY_GUY,1387,4,1,0,5
,,,,
,,,,
STATION_GUY,75082,13,1,3,17
,,,,
STATION_GUY,12409,11,0,2,13
UTILITY_GUY,646,4,1,1,6
UTILITY_GUY,1541,6,2,0,8
STATION_GUY,12894,10,1,1,12
UTILITY_GUY,7363,11,2,1,14
STATION_GUY,20427,11,0,2,13
STATION_GUY,917,5,0,2,7
STATION_GUY,4849,10,1,4,15
STATION_GUY,716,5,0,2,7
UTILITY_GUY,41117,11,1,3,15
STATION_GUY,1004,9,0,3,12
,,,,
STATION_GUY,7278,10,1,3,14
STATION_GUY,17948,15,1,1,17
STATION_GUY,8924,13,1,3,17
STATION_GUY,10866,17,0,3,20
STATION_GUY,1033,4,0,1,5
STATION_GUY,7150,11,0,4,15
,,,,
UTILITY_GUY,1175,7,1,1,9
UTILITY_GUY,15092,13,1,1,15
,,,,
UTILITY_GUY,20249,13,1,1,15
STATION_GUY,11620,13,1,3,17
STATION_GUY,15912,11,0,2,13
STATION_GUY,1605,6,1,3,10
UTILITY_GUY,16414,13,2,3,18
UTILITY_GUY,14162,12,1,2,15
,,,,
STATION_GUY,801,7,0,3,10
UTILITY_GUY,1469,6,2,0,8
UTILITY_GUY,36162,13,2,1,16
UTILITY_GUY,14620,12,0,3,15
UTILITY_GUY,7474,10,2,1,13
STATION_GUY,689,8,1,4,13
STATION_GUY,3018,8,2,4,14
UTILITY_GUY,15816,13,0,1,14
STATION_GUY,986,4,1,4,9
STATION_GUY,28667,11,0,3,14
UTILITY_GUY,16074,10,2,1,13
UTILITY_GUY,3998,13,2,3,18
STATION_GUY,16516,15,0,2,17
,,,,
STATION_GUY,1631,5,1,4,10
STATION_GUY,15223,14,0,4,18
STATION_GUY,1254,11,1,3,15
STATION_GUY,7994,12,1,2,15
,,,,
UTILITY_GUY,1005,4,1,0,5
STATION_GUY,1089,6,0,3,9
STATION_GUY,12491,14,1,3,18
STATION_GUY,1342,8,1,3,12
UTILITY_GUY,794,3,1,0,4
STATION_GUY,1096,8,0,4,12
UTILITY_GUY,24019,12,1,1,14
STATION_GUY,23399,13,1,2,16
STATION_GUY,1876,6,2,4,12
,,,,
,,,,
UTILITY_GUY,16045,12,2,1,15
UTILITY_GUY,40362,14,2,2,18
,,,,
STATION_GUY,15948,9,1,3,13
STATION_GUY,7263,15,0,3,18
,,,,
UTILITY_GUY,28021,13,1,3,17
,,,,
UTILITY_GUY,12106,13,2,2,17
STATION_GUY,24299,14,0,3,17
UTILITY_GUY,6456,11,2,1,14
STATION_GUY,4235,10,2,3,15
UTILITY_GUY,7263,12,2,2,16
STATION_GUY,497,8,0,2,10
UTILITY_GUY,1260,3,0,0,3
UTILITY_GUY,1767,2,1,3,6
STATION_GUY,3254,8,0,4,12
,,,,
UTILITY_GUY,7407,11,0,1,12
STATION_GUY,9259,11,0,3,14
STATION_GUY,18152,12,0,3,15
STATION_GUY,830,3,1,1,5
,,,,
UTILITY_GUY,1599,8,2,1,11
STATION_GUY,15684,14,0,2,16
UTILITY_GUY,238,5,1,0,6
UTILITY_GUY,961,5,1,0,6
STATION_GUY,1110,9,0,3,12
STATION_GUY,1366,7,0,3,10
,,,,
STATION_GUY,5839,14,0,3,17
,,,,
STATION_GUY,1294,9,1,3,13
STATION_GUY,10590,9,0,3,12
STATION_GUY,51780,12,0,2,14
UTILITY_GUY,20300,13,2,1,16
STATION_GUY,5879,11,0,4,15
UTILITY_GUY,6611,8,0,2,10
STATION_GUY,3966,12,1,3,16
STATION_GUY,19289,12,1,3,16
STATION_GUY,20690,11,1,2,14
UTILITY_GUY,10523,12,1,1,14
STATION_GUY,3914,9,0,3,12
UTILITY_GUY,1134,5,0,2,7
UTILITY_GUY,3597,11,2,3,16
STATION_GUY,38437,11,0,2,13
STATION_GUY,1628,15,0,1,16
STATION_GUY,822,5,0,3,8
STATION_GUY,1159,7,0,4,11
,,,,
STATION_GUY,25011,12,0,2,14
UTILITY_GUY,24592,13,2,1,16
STATION_GUY,16508,15,0,2,17
STATION_GUY,3955,9,1,4,14
STATION_GUY,422,4,0,2,6
UTILITY_GUY,585,8,1,2,11
STATION_GUY,16724,9,0,3,12
STATION_GUY,468,7,1,2,10
STATION_GUY,1655,8,2,3,13
STATION_GUY,42270,10,1,3,14
STATION_GUY,24887,13,0,3,16
STATION_GUY,875,3,0,3,6
UTILITY_GUY,9579,14,2,1,17
UTILITY_GUY,16636,14,2,1,17
,,,,
STATION_GUY,994,9,0,3,12
UTILITY_GUY,39621,11,2,1,14
STATION_GUY,16867,11,0,4,15
STATION_GUY,1231,3,0,2,5
UTILITY_GUY,914,6,0,1,7
STATION_GUY,1059,6,0,4,10
STATION_GUY,3663,8,1,4,13
UTILITY_GUY,2415,15,2,1,18
UTILITY_GUY,14279,13,1,0,14
UTILITY_GUY,880,3,1,1,5
STATION_GUY,17280,14,0,2,16
STATION_GUY,20458,12,1,3,16
UTILITY_GUY,756,4,2,2,8
STATION_GUY,3045,8,1,4,13
STATION_GUY,1833,10,0,4,14
UTILITY_GUY,18051,13,0,1,14
,,,,
,,,,
,,,,
,,,,
UTILITY_GUY,14517,14,1,1,16
,,,,
STATION_GUY,479,5,0,3,8
UTILITY_GUY,926,8,1,1,10
STATION_GUY,1228,5,0,2,7
STATION_GUY,2773,4,1,4,9
STATION_GUY,45951,11,1,3,15
STATION_GUY,1530,5,2,3,10
STATION_GUY,1050,8,0,4,12
,,,,
STATION_GUY,5987,10,2,4,16
UTILITY_GUY,20843,14,1,2,17
STATION_GUY,728,5,1,4,10
STATION_GUY,427,8,1,2,11
UTILITY_GUY,49864,13,1,1,15
,,,,
STATION_GUY,20338,12,0,3,15
UTILITY_GUY,545,7,2,1,10
,,,,
UTILITY_GUY,22690,13,1,1,15
UTILITY_GUY,21551,12,1,1,14
STATION_GUY,2043,7,0,4,11
STATION_GUY,35874,10,1,3,14
STATION_GUY,3517,13,0,2,15
STATION_GUY,9944,13,1,1,15
STATION_GUY,13378,10,2,3,15
UTILITY_GUY,1506,3,1,0,4
STATION_GUY,776,8,1,2,11
UTILITY_GUY,625,6,1,0,7
UTILITY_GUY,706,6,1,1,8
,,,,
STATION_GUY,23546,11,0,3,14
UTILITY_GUY,48351,16,1,1,18
STATION_GUY,19544,10,0,2,12
UTILITY_GUY,9568,13,1,1,15
,,,,
UTILITY_GUY,11237,13,1,2,16
STATION_GUY,11966,14,0,3,17
,,,,
UTILITY_GUY,277,6,1,1,8
STATION_GUY,75114,15,0,2,17
STATION_GUY,1839,12,1,3,16
UTILITY_GUY,547,10,1,1,12
UTILITY_GUY,28781,13,1,2,16
,,,,
STATION_GUY,22273,11,0,4,15
STATION_GUY,4402,11,1,3,15
STATION_GUY,17593,10,1,2,13
,,,,
UTILITY_GUY,41536,11,2,1,14
,,,,
,,,,
STATION_GUY,1293,11,1,3,15
STATION_GUY,7027,10,2,3,15
,,,,
UTILITY_GUY,6876,11,0,3,14
STATION_GUY,1475,7,1,4,12
STATION_GUY,760,7,1,3,11
,,,,
STATION_GUY,12973,11,0,3,14
STATION_GUY,45857,13,0,1,14
,,,,
STATION_GUY,1032,10,0,3,13
STATION_GUY,636,5,1,4,10
UTILITY_GUY,4231,12,2,0,14
STATION_GUY,46523,12,0,2,14
STATION_GUY,5664,10,0,4,14
UTILITY_GUY,12493,9,2,2,13
STATION_GUY,13851,11,1,3,15
STATION_GUY,5991,13,1,2,16
STATION_GUY,714,10,0,2,12
UTILITY_GUY,279,10,0,2,12
,,,,
STATION_GUY,94450,13,1,3,17
STATION_GUY,13497,11,1,3,15
STATION_GUY,1056,5,1,4,10
STATION_GUY,18098,13,1,3,17
STATION_GUY,19375,14,1,2,17
STATION_GUY,5400,12,0,4,16
STATION_GUY,8577,14,0,2,16
UTILITY_GUY,16456,13,1,3,17
STATION_GUY,1155,5,0,2,7
STATION_GUY,6278,10,2,2,14
,,,,
STATION_GUY,1497,6,0,4,10
STATION_GUY,11401,13,0,4,17
,,,,
STATION_GUY,3172,8,1,4,13
UTILITY_GUY,54440,11,1,2,14
STATION_GUY,4499,13,2,3,18
STATION_GUY,2380,8,2,2,12
STATION_GUY,10973,13,0,3,16
STATION_GUY,1384,3,0,3,6
,,,,
STATION_GUY,2858,8,0,4,12
UTILITY_GUY,6406,15,0,2,17
STATION_GUY,2456,11,0,3,14
STATION_GUY,2236,10,1,4,15
UTILITY_GUY,21384,12,1,0,13
STATION_GUY,1917,9,2,4,15
STATION_GUY,2251,11,2,4,17
STATION_GUY,787,7,0,4,11
STATION_GUY,8333,12,0,2,14
STATION_GUY,8874,14,1,1,16
STATION_GUY,1046,6,1,3,10
STATION_GUY,2220,8,0,4,12
STATION_GUY,46955,12,0,2,14
STATION_GUY,50773,10,1,3,14
UTILITY_GUY,57424,14,2,2,18
STATION_GUY,5173,11,0,4,15
STATION_GUY,18121,10,2,2,14
UTILITY_GUY,4709,9,2,3,14
STATION_GUY,1047,9,0,3,12
STATION_GUY,15649,11,1,3,15
STATION_GUY,4544,10,1,4,15
STATION_GUY,8807,10,1,3,14
STATION_GUY,3359,11,1,4,16
STATION_GUY,1380,9,0,4,13
STATION_GUY,4960,16,1,2,19
UTILITY_GUY,989,10,1,1,12
STATION_GUY,807,6,0,3,9
STATION_GUY,1094,7,1,3,11
STATION_GUY,42305,11,1,3,15
UTILITY_GUY,44943,11,1,1,13
UTILITY_GUY,394,8,1,1,10
STATION_GUY,3011,9,0,3,12
STATION_GUY,1172,8,1,4,13
UTILITY_GUY,3808,15,2,0,17
UTILITY_GUY,9524,13,2,1,16
STATION_GUY,2238,5,0,4,9
UTILITY_GUY,1886,7,1,4,12
STATION_GUY,11859,12,1,2,15
STATION_GUY,1773,7,1,4,12
UTILITY_GUY,8131,12,2,2,16
STATION_GUY,869,8,1,4,13
UTILITY_GUY,16474,13,1,2,16
STATION_GUY,1207,3,0,4,7
UTILITY_GUY,10483,11,2,3,16
STATION_GUY,13880,14,1,3,18
UTILITY_GUY,16393,14,2,1,17
UTILITY_GUY,11568,14,2,2,18
STATION_GUY,61740,11,1,2,14
UTILITY_GUY,13570,10,2,1,13
STATION_GUY,7958,14,0,2,16
STATION_GUY,1247,4,0,2,6
STATION_GUY,36545,12,0,2,14
STATION_GUY,2315,12,0,3,15
UTILITY_GUY,1033,3,0,0,3
UTILITY_GUY,4824,13,2,2,17
STATION_GUY,8472,11,0,1,12
STATION_GUY,2732,7,1,4,12
STATION_GUY,11607,11,1,2,14
,,,,
STATION_GUY,2136,9,2,4,15
UTILITY_GUY,11770,12,1,1,14
STATION_GUY,37217,11,1,3,15
,,,,
UTILITY_GUY,9649,12,1,2,15
,,,,
UTILITY_GUY,12596,11,2,2,15
STATION_GUY,11059,14,1,2,17
UTILITY_GUY,692,4,0,1,5
STATION_GUY,562,8,0,1,9
UTILITY_GUY,15485,10,1,1,12
STATION_GUY,4475,9,1,4,14
UTILITY_GUY,30042,13,1,2,16
,,,,
STATION_GUY,2455,5,0,4,9
UTILITY_GUY,993,6,2,2,10
STATION_GUY,2139,10,1,3,14
STATION_GUY,2049,5,0,4,9
UTILITY_GUY,810,5,1,1,7
UTILITY_GUY,2763,10,1,2,13
STATION_GUY,19337,13,0,2,15
STATION_GUY,3877,5,1,4,10
UTILITY_GUY,2054,13,1,2,16
UTILITY_GUY,25035,11,2,2,15
STATION_GUY,1787,10,0,4,14
UTILITY_GUY,38163,10,2,0,12
UTILITY_GUY,14596,10,2,2,14
STATION_GUY,2040,11,2,3,16
STATION_GUY,31378,12,1,3,16
,,,,
STATION_GUY,11458,13,0,2,15
STATION_GUY,5569,14,1,3,18
STATION_GUY,10067,10,0,4,14
UTILITY_GUY,519,8,2,1,11
UTILITY_GUY,10659,13,1,2,16
UTILITY_GUY,14806,13,2,1,16
STATION_GUY,27195,11,0,2,13
STATION_GUY,11454,12,0,3,15
STATION_GUY,58444,11,1,1,13
UTILITY_GUY,20996,13,1,2,16
UTILITY_GUY,932,7,1,0,8
UTILITY_GUY,557,6,2,0,8
STATION_GUY,11646,11,0,2,13
UTILITY_GUY,8448,11,1,2,14
UTILITY_GUY,10045,12,2,1,15
UTILITY_GUY,1023,4,2,1,7
STATION_GUY,5618,13,1,4,18
STATION_GUY,1913,11,1,4,16
STATION_GUY,2062,7,1,4,12
UTILITY_GUY,46177,14,2,1,17
STATION_GUY,16444,12,1,3,16
STATION_GUY,46389,11,0,2,13
UTILITY_GUY,17462,11,2,2,15
,,,,
STATION_GUY,1433,5,1,4,10
UTILITY_GUY,28195,11,1,1,13
STATION_GUY,2381,13,1,4,18
STATION_GUY,6321,13,1,2,16
UTILITY_GUY,1041,6,0,2,8
STATION_GUY,8868,14,0,4,18
UTILITY_GUY,1359,10,2,3,15
UTILITY_GUY,738,4,2,0,6
UTILITY_GUY,4686,11,1,2,14
STATION_GUY,14342,14,1,2,17
STATION_GUY,5869,16,1,3,20
UTILITY_GUY,20504,12,1,1,14
UTILITY_GUY,8798,14,2,2,18
STATION_GUY,2681,14,1,4,19
UTILITY_GUY,1336,5,2,2,9
,,,,
STATION_GUY,2160,6,0,4,10
,,,,
UTILITY_GUY,12477,9,0,0,9
UTILITY_GUY,823,12,2,3,17
,,,,
STATION_GUY,1310,3,1,0,4
STATION_GUY,37211,12,2,1,15
STATION_GUY,3831,12,0,3,15
UTILITY_GUY,3108,11,1,4,16
STATION_GUY,955,7,0,3,10
UTILITY_GUY,6904,14,1,2,17
STATION_GUY,3342,12,0,3,15
STATION_GUY,3832,10,0,2,12
,,,,
STATION_GUY,16464,12,1,3,16
STATION_GUY,16775,12,1,3,16
UTILITY_GUY,542,7,2,3,12
UTILITY_GUY,4818,11,2,3,16
UTILITY_GUY,1171,6,1,1,8
STATION_GUY,4963,13,1,3,17
STATION_GUY,1346,3,0,2,5
UTILITY_GUY,37060,13,1,2,16
STATION_GUY,16574,12,0,3,15
STATION_GUY,3039,6,1,4,11
STATION_GUY,2355,7,1,4,12
STATION_GUY,8906,10,1,3,14
STATION_GUY,5319,12,1,3,16
STATION_GUY,17212,14,1,2,17
UTILITY_GUY,22538,16,0,2,18
,,,,
STATION_GUY,10047,10,2,4,16
UTILITY_GUY,7081,11,2,3,16
,,,,
STATION_GUY,6541,14,2,3,19
UTILITY_GUY,506,6,0,2,8
STATION_GUY,33216,11,1,1,13
UTILITY_GUY,6838,12,2,1,15
STATION_GUY,2659,8,1,4,13
STATION_GUY,8916,13,1,3,17
STATION_GUY,36933,14,0,2,16
UTILITY_GUY,1030,4,2,2,8
STATION_GUY,350,5,0,2,7
UTILITY_GUY,1604,7,2,2,11
STATION_GUY,12115,15,1,3,19
STATION_GUY,1610,7,1,2,10
,,,,
STATION_GUY,6222,13,1,2,16
STATION_GUY,1842,10,0,4,14
STATION_GUY,7259,14,0,3,17
STATION_GUY,2502,14,0,4,18
STATION_GUY,1124,5,0,2,7
UTILITY_GUY,10515,12,2,0,14
UTILITY_GUY,803,2,1,0,3
STATION_GUY,16614,12,1,2,15
,,,,
STATION_GUY,120,7,0,1,8
UTILITY_GUY,24990,14,2,0,16
UTILITY_GUY,326,8,1,0,9
STATION_GUY,21323,12,2,2,16
,,,,
STATION_GUY,1090,14,0,4,18
UTILITY_GUY,818,7,2,0,9
STATION_GUY,9139,15,0,3,18
STATION_GUY,819,5,0,1,6
STATION_GUY,1264,7,1,3,11
STATION_GUY,19774,15,1,3,19
UTILITY_GUY,7519,8,1,0,9
STATION_GUY,1028,11,0,4,15
UTILITY_GUY,2926,10,1,2,13
STATION_GUY,6723,9,0,4,13
STATION_GUY,265,7,1,2,10
STATION_GUY,7102,12,0,2,14
STATION_GUY,99,7,0,1,8
UTILITY_GUY,23670,11,2,0,13
STATION_GUY,3282,10,2,4,16
UTILITY_GUY,32135,10,2,1,13
STATION_GUY,1224,3,0,2,5
STATION_GUY,1334,8,1,4,13
,,,,
UTILITY_GUY,619,6,2,0,8
STATION_GUY,673,3,1,2,6
UTILITY_GUY,558,4,2,1,7
STATION_GUY,67649,14,0,3,17
,,,,
UTILITY_GUY,8602,14,1,1,16
STATION_GUY,15031,13,0,3,16
,,,,
STATION_GUY,6291,10,1,4,15
STATION_GUY,12431,13,0,3,16
STATION_GUY,3805,13,1,3,17
STATION_GUY,1857,11,0,4,15
STATION_GUY,7705,13,0,3,16
STATION_GUY,2641,9,1,3,13
STATION_GUY,822,9,1,2,12
STATION_GUY,3367,9,0,4,13
UTILITY_GUY,26121,13,2,0,15
STATION_GUY,962,5,1,4,10
UTILITY_GUY,4343,14,2,1,17
STATION_GUY,10475,15,1,4,20
STATION_GUY,1005,3,0,1,4
STATION_GUY,10686,9,1,4,14
STATION_GUY,2963,12,0,4,16
STATION_GUY,8570,13,1,3,17
STATION_GUY,10341,13,0,4,17
STATION_GUY,3100,11,0,3,14
STATION_GUY,644,7,0,4,11
STATION_GUY,3096,9,1,3,13
STATION_GUY,27251,9,0,2,11
UTILITY_GUY,13433,10,2,1,13
UTILITY_GUY,20897,12,2,2,16
STATION_GUY,18341,12,0,3,15
STATION_GUY,1171,5,1,3,9
STATION_GUY,18052,13,1,2,16
STATION_GUY,9028,10,1,3,14
UTILITY_GUY,35389,12,1,1,14
STATION_GUY,695,3,0,2,5
UTILITY_GUY,30123,9,1,3,13
STATION_GUY,3117,10,0,4,14
UTILITY_GUY,12975,14,2,1,17
UTILITY_GUY,630,7,2,2,11
STATION_GUY,3159,10,1,4,15
,,,,
STATION_GUY,1140,4,0,2,6
,,,,
,,,,
STATION_GUY,979,3,0,3,6
STATION_GUY,17564,16,1,2,19
STATION_GUY,227,11,0,2,13
UTILITY_GUY,50363,13,2,1,16
STATION_GUY,11490,12,1,4,17
STATION_GUY,1940,11,1,4,16
UTILITY_GUY,1295,9,2,1,12
STATION_GUY,12351,16,0,2,18
UTILITY_GUY,968,8,2,2,12
UTILITY_GUY,17731,13,1,1,15
STATION_GUY,725,3,0,4,7
STATION_GUY,2863,11,1,3,15
STATION_GUY,8816,14,1,3,18
UTILITY_GUY,588,7,1,0,8
UTILITY_GUY,13507,14,2,1,17
STATION_GUY,8826,13,0,2,15
STATION_GUY,12170,13,0,2,15
UTILITY_GUY,83315,13,2,1,16
UTILITY_GUY,1321,2,1,3,6
STATION_GUY,934,4,0,4,8
STATION_GUY,1834,12,1,3,16
STATION_GUY,3514,7,1,4,12
UTILITY_GUY,636,6,1,1,8
,,,,
STATION_GUY,6899,10,1,3,14
UTILITY_GUY,20923,13,2,1,16
STATION_GUY,41245,11,1,1,13
UTILITY_GUY,23785,12,0,1,13
STATION_GUY,1454,9,1,3,13
STATION_GUY,1028,5,0,2,7
STATION_GUY,1916,9,1,2,12
UTILITY_GUY,19173,13,1,2,16
STATION_GUY,13097,14,1,2,17
STATION_GUY,547,9,1,3,13
STATION_GUY,22291,13,0,3,16
STATION_GUY,379,6,0,3,9
UTILITY_GUY,1148,7,2,2,11
STATION_GUY,1872,2,0,4,6
UTILITY_GUY,555,6,1,2,9
UTILITY_GUY,16085,15,2,1,18
STATION_GUY,12760,11,0,2,13
STATION_GUY,774,6,0,4,10
UTILITY_GUY,841,5,0,0,5
,,,,
STATION_GUY,9092,14,0,4,18
STATION_GUY,9884,10,0,3,13
STATION_GUY,11330,11,0,2,13
STATION_GUY,4154,12,1,4,17
STATION_GUY,3636,12,1,4,17
STATION_GUY,30907,15,0,3,18
UTILITY_GUY,1713,7,2,2,11
UTILITY_GUY,10533,12,2,1,15
STATION_GUY,8065,11,0,2,13
UTILITY_GUY,12400,8,1,1,10
UTILITY_GUY,12780,11,1,3,15
UTILITY_GUY,803,3,2,1,6
STATION_GUY,20070,12,1,3,16
STATION_GUY,3183,9,1,4,14
STATION_GUY,6440,12,0,2,14
STATION_GUY,669,10,0,3,13
STATION_GUY,15857,12,0,2,14
STATION_GUY,371,11,0,3,14
UTILITY_GUY,2918,8,2,2,12
STATION_GUY,1224,4,0,2,6
STATION_GUY,18911,10,0,3,13
STATION_GUY,13088,10,1,3,14
UTILITY_GUY,24255,14,1,2,17
UTILITY_GUY,64814,14,1,3,18
STATION_GUY,5480,16,0,4,20
STATION_GUY,6695,12,0,4,16
STATION_GUY,1712,3,0,3,6
STATION_GUY,2210,8,1,4,13
UTILITY_GUY,1439,7,0,0,7
UTILITY_GUY,624,8,1,2,11
STATION_GUY,18480,10,1,2,13
UTILITY_GUY,663,5,0,0,5
STATION_GUY,5103,14,1,3,18
STATION_GUY,587,5,0,1,6
,,,,
UTILITY_GUY,809,9,1,1,11
STATION_GUY,18264,13,0,3,16
UTILITY_GUY,20778,13,1,1,15
STATION_GUY,16334,10,0,4,14
UTILITY_GUY,12771,12,1,0,13
,,,,
STATION_GUY,22845,9,1,4,14
STATION_GUY,953,6,2,1,9
UTILITY_GUY,7938,13,0,2,15
,,,,
UTILITY_GUY,42583,13,2,2,17
STATION_GUY,722,11,0,2,13
STATION_GUY,48752,12,0,3,15
STATION_GUY,1298,9,1,4,14
UTILITY_GUY,24536,8,2,2,12
STATION_GUY,27702,12,2,1,15
,,,,
UTILITY_GUY,10254,11,0,2,13
UTILITY_GUY,10647,11,2,1,14
UTILITY_GUY,198,10,1,1,12
STATION_GUY,3940,15,0,3,18
STATION_GUY,249,7,0,3,10
UTILITY_GUY,17834,11,1,3,15
STATION_GUY,3719,9,0,2,11
UTILITY_GUY,572,5,1,0,6
UTILITY_GUY,750,8,2,1,11
UTILITY_GUY,1419,4,1,3,8
UTILITY_GUY,34640,14,2,1,17
UTILITY_GUY,36932,11,0,1,12
STATION_GUY,8217,12,0,3,15
UTILITY_GUY,63152,13,2,1,16
STATION_GUY,808,5,0,2,7
STATION_GUY,1057,10,0,4,14
STATION_GUY,9375,16,1,3,20
,,,,
STATION_GUY,1488,4,0,3,7
UTILITY_GUY,428,6,0,0,6
STATION_GUY,11339,13,1,3,17
STATION_GUY,1087,10,0,2,12
STATION_GUY,928,9,1,4,14
UTILITY_GUY,13763,12,2,3,17
STATION_GUY,56,5,0,3,8
STATION_GUY,8157,11,1,1,13
STATION_GUY,566,6,1,3,10
STATION_GUY,25343,9,1,1,11
UTILITY_GUY,802,3,1,1,5
STATION_GUY,2584,12,1,1,14
UTILITY_GUY,362,7,1,1,9
STATION_GUY,1486,5,1,4,10
STATION_GUY,2503,8,1,4,13
UTILITY_GUY,34378,16,1,1,18
UTILITY_GUY,14983,9,1,3,13
STATION_GUY,14683,11,0,3,14
UTILITY_GUY,95,5,1,0,6
STATION_GUY,20898,14,1,2,17
STATION_GUY,6508,10,1,4,15
UTILITY_GUY,50557,12,2,2,16
UTILITY_GUY,4722,12,1,2,15
UTILITY_GUY,1887,8,1,4,13
STATION_GUY,18100,13,0,3,16
UTILITY_GUY,24268,13,2,1,16
UTILITY_GUY,1732,9,1,0,10
UTILITY_GUY,4490,11,1,4,16
STATION_GUY,30664,13,0,2,15
STATION_GUY,5771,10,0,3,13
UTILITY_GUY,64886,12,2,2,16
UTILITY_GUY,11805,13,0,1,14
UTILITY_GUY,3002,7,1,2,10
STATION_GUY,12328,13,1,3,17
UTILITY_GUY,881,4,0,3,7
UTILITY_GUY,3676,11,1,4,16
STATION_GUY,2044,8,2,4,14
,,,,
STATION_GUY,1130,5,0,3,8
STATION_GUY,7580,13,0,3,16
STATION_GUY,9500,15,1,3,19
STATION_GUY,17106,12,1,3,16
UTILITY_GUY,9714,11,1,2,14
STATION_GUY,1949,9,0,4,13
UTILITY_GUY,594,3,1,1,5
STATION_GUY,4718,11,0,3,14
STATION_GUY,17778,11,2,1,14
STATION_GUY,3234,8,2,4,14
UTILITY_GUY,10241,11,2,1,14
,,,,
STATION_GUY,5090,13,0,4,17
STATION_GUY,15587,15,0,3,18
,,,,
UTILITY_GUY,985,9,2,1,12
STATION_GUY,2871,7,0,4,11
STATION_GUY,13825,9,1,3,13
UTILITY_GUY,6743,14,1,1,16
,,,,
,,,,
STATION_GUY,520,4,1,1,6
STATION_GUY,10099,14,0,3,17
UTILITY_GUY,11898,13,1,1,15
STATION_GUY,5634,10,0,4,14
,,,,
UTILITY_GUY,14919,14,1,1,16
STATION_GUY,8143,9,1,3,13
UTILITY_GUY,3682,7,2,1,10
STATION_GUY,11154,11,1,1,13
UTILITY_GUY,1411,3,1,1,5
UTILITY_GUY,9157,12,2,1,15
UTILITY_GUY,399,5,1,2,8
UTILITY_GUY,17039,11,1,1,13
STATION_GUY,11447,14,1,3,18
,,,,
UTILITY_GUY,30272,13,2,1,16
STATION_GUY,2677,8,0,4,12
STATION_GUY,5552,16,2,3,21
UTILITY_GUY,29302,8,1,3,12
STATION_GUY,18277,12,0,4,16
,,,,
,,,,
UTILITY_GUY,7121,14,2,2,18
STATION_GUY,1333,5,0,3,8
STATION_GUY,1168,8,2,2,12
,,,,
STATION_GUY,1427,6,0,4,10
STATION_GUY,10480,16,1,2,19
STATION_GUY,9061,15,1,3,19
UTILITY_GUY,35756,13,1,2,16
STATION_GUY,907,5,0,1,6
STATION_GUY,1644,6,1,4,11
STATION_GUY,12240,11,1,3,15
STATION_GUY,1280,3,0,4,7
UTILITY_GUY,15877,9,1,3,13
STATION_GUY,20468,12,1,2,15
STATION_GUY,598,6,2,3,11
UTILITY_GUY,17576,16,0,2,18
UTILITY_GUY,7709,12,2,1,15
STATION_GUY,12609,13,1,3,17
STATION_GUY,3482,11,1,3,15
STATION_GUY,18189,14,1,2,17
,,,,
,,,,
STATION_GUY,7486,10,0,4,14
STATION_GUY,13564,10,0,4,14
STATION_GUY,20518,13,0,2,15
STATION_GUY,584,6,1,1,8
STATION_GUY,11719,14,0,2,16
STATION_GUY,21059,11,0,4,15
,,,,
STATION_GUY,27999,12,0,1,13
STATION_GUY,14167,13,0,2,15
STATION_GUY,5145,12,1,4,17
UTILITY_GUY,6975,14,2,1,17
STATION_GUY,480,8,0,3,11
STATION_GUY,294,7,1,3,11
STATION_GUY,704,11,0,2,13
STATION_GUY,8018,9,0,3,12
UTILITY_GUY,1195,4,2,0,6
UTILITY_GUY,14354,13,2,0,15
STATION_GUY,69423,14,0,3,17
STATION_GUY,4039,9,1,4,14
UTILITY_GUY,17657,14,1,2,17
STATION_GUY,1119,6,0,4,10
STATION_GUY,13993,15,0,2,17
STATION_GUY,3142,10,1,4,15
STATION_GUY,1914,6,0,3,9
,,,,
UTILITY_GUY,74083,13,1,2,16
STATION_GUY,21938,11,2,3,16
STATION_GUY,638,5,0,4,9
STATION_GUY,17163,13,0,3,16
STATION_GUY,9949,13,0,3,16
STATION_GUY,6479,10,1,3,14
UTILITY_GUY,7813,11,2,3,16
STATION_GUY,1819,11,1,3,15
UTILITY_GUY,19613,13,1,1,15
STATION_GUY,18991,12,0,3,15
STATION_GUY,933,6,0,0,6
STATION_GUY,34574,11,1,2,14
STATION_GUY,3532,9,1,3,13
STATION_GUY,1493,8,1,3,12
UTILITY_GUY,16187,12,1,3,16
STATION_GUY,2356,8,0,4,12
UTILITY_GUY,522,5,1,1,7
STATION_GUY,885,2,1,4,7
UTILITY_GUY,12158,12,2,0,14
STATION_GUY,10802,16,0,3,19
UTILITY_GUY,11357,14,1,2,17
STATION_GUY,1931,6,1,4,11
STATION_GUY,22856,12,0,4,16
STATION_GUY,2080,7,0,4,11
STATION_GUY,1394,8,0,4,12
,,,,
UTILITY_GUY,6231,16,2,2,20
STATION_GUY,1202,6,0,4,10
STATION_GUY,2811,10,0,4,14
UTILITY_GUY,1168,3,1,0,4
STATION_GUY,7677,15,1,2,18
STATION_GUY,1676,6,0,4,10
STATION_GUY,14688,11,1,3,15
,,,,
STATION_GUY,6103,11,1,2,14
UTILITY_GUY,23305,13,1,0,14
STATION_GUY,1520,0,1,1,2
STATION_GUY,599,3,2,3,8
STATION_GUY,3298,9,1,2,12
STATION_GUY,32426,10,1,2,13
STATION_GUY,24340,10,1,3,14
UTILITY_GUY,9922,17,2,2,21
UTILITY_GUY,162,7,1,1,9
UTILITY_GUY,6742,14,1,2,17
STATION_GUY,33150,13,0,1,14
STATION_GUY,4653,7,1,3,11
STATION_GUY,1687,10,0,4,14
UTILITY_GUY,16801,13,2,1,16
,,,,
STATION_GUY,900,3,0,1,4
UTILITY_GUY,1236,7,1,1,9
UTILITY_GUY,45718,14,1,1,16
UTILITY_GUY,37968,11,2,0,13
STATION_GUY,1744,7,0,4,11
STATION_GUY,14922,13,0,3,16
UTILITY_GUY,8947,13,2,3,18
UTILITY_GUY,6349,13,2,2,17
,,,,
,,,,
,,,,
UTILITY_GUY,5406,6,2,3,11
STATION_GUY,23410,16,0,1,17
STATION_GUY,2676,6,1,4,11
UTILITY_GUY,1250,1,1,1,3
,,,,
STATION_GUY,1406,7,0,2,9
STATION_GUY,5957,15,0,2,17
UTILITY_GUY,37371,13,1,0,14
STATION_GUY,13180,13,1,4,18
STATION_GUY,1609,9,0,4,13
STATION_GUY,6637,10,0,1,11
UTILITY_GUY,18295,12,2,1,15
UTILITY_GUY,4329,14,1,3,18
UTILITY_GUY,9257,13,2,0,15
,,,,
STATION_GUY,920,6,1,2,9
UTILITY_GUY,18632,12,0,3,15
STATION_GUY,11105,11,0,2,13
STATION_GUY,11913,10,0,2,12
STATION_GUY,10152,11,0,2,13
STATION_GUY,2455,12,1,4,17
UTILITY_GUY,12034,14,2,1,17
STATION_GUY,50493,14,1,3,18
STATION_GUY,14774,11,1,4,16
UTILITY_GUY,40907,10,2,2,14
,,,,
