strategy,money,countries,utilities,stations,totalLandsOwned
DEFAULT,7845,15,2,3,20
DEFAULT,7362,15,1,4,20
DEFAULT,30094,14,2,1,17
DEFAULT,7118,14,2,4,20
DEFAULT,7145,16,2,3,21
DEFAULT,9278,14,2,3,19
DEFAULT,13166,15,2,3,20
DEFAULT,5876,16,2,1,19
DEFAULT,10479,16,1,3,20
DEFAULT,10077,17,2,4,23
DEFAULT,14501,15,1,3,19
DEFAULT,49153,13,2,2,17
DEFAULT,7138,20,2,2,24
DEFAULT,11241,16,2,3,21
STINGY,456,7,0,0,7
DEFAULT,6963,17,2,4,23
STINGY,1502,3,0,0,3
DEFAULT,4249,16,1,3,20
STINGY,1518,2,0,1,3
DEFAULT,15690,15,2,2,19
STINGY,1526,2,0,0,2
DEFAULT,5487,11,2,4,17
DEFAULT,6384,17,1,4,22
STINGY,25367,10,0,2,12
DEFAULT,6527,16,1,3,20
STINGY,2211,2,0,1,3
DEFAULT,1806,8,1,4,13
DEFAULT,541,7,2,1,10
DEFAULT,9711,17,2,3,22
STINGY,1598,5,0,1,6
DEFAULT,9060,14,1,1,16
DEFAULT,4894,15,2,2,19
DEFAULT,5254,17,0,2,19
DEFAULT,7028,16,2,2,20
DEFAULT,8696,14,0,3,17
DEFAULT,19830,16,1,3,20
DEFAULT,21418,16,1,3,20
STINGY,1049,4,0,1,5
STINGY,1713,3,0,0,3
DEFAULT,8597,16,2,1,19
DEFAULT,63725,13,1,3,17
STINGY,1701,5,0,1,6
DEFAULT,6640,12,2,3,17
DEFAULT,4927,14,2,4,20
STINGY,1168,4,0,0,4
DEFAULT,10075,11,1,4,16
STINGY,71994,8,2,2,12
STINGY,1311,3,0,0,3
DEFAULT,17773,15,2,2,19
DEFAULT,7136,19,2,2,23
DEFAULT,7698,13,1,2,16
DEFAULT,11263,17,1,3,21
DEFAULT,43598,14,2,3,19
DEFAULT,5826,12,2,4,18
DEFAULT,1144,12,1,4,17
DEFAULT,8212,18,1,2,21
DEFAULT,25276,16,2,2,20
DEFAULT,5026,12,2,3,17
DEFAULT,7556,15,1,3,19
STINGY,788,3,0,1,4
DEFAULT,14413,16,2,2,20
DEFAULT,16360,15,2,2,19
DEFAULT,1067,17,0,2,19
STINGY,991,3,1,1,5
DEFAULT,2345,10,0,3,13
DEFAULT,11458,15,1,2,18
DEFAULT,7823,12,1,4,17
DEFAULT,6461,18,2,3,23
DEFAULT,9889,14,1,3,18
DEFAULT,7699,19,2,2,23
DEFAULT,8812,15,1,4,20
DEFAULT,6347,11,1,4,16
DEFAULT,21613,15,2,2,19
STINGY,1913,5,2,2,9
DEFAULT,6446,19,1,3,23
DEFAULT,18410,15,2,2,19
DEFAULT,3584,17,2,3,22
STINGY,1775,1,1,1,3
STINGY,1651,3,0,1,4
DEFAULT,9710,18,2,2,22
DEFAULT,3543,16,2,3,21
STINGY,1081,3,1,0,4
DEFAULT,11026,16,0,3,19
DEFAULT,2973,13,2,4,19
DEFAULT,8846,15,1,4,20
DEFAULT,16961,16,1,2,19
DEFAULT,1738,15,1,4,20
DEFAULT,7042,17,2,3,22
STINGY,1223,1,0,2,3
DEFAULT,9838,16,1,4,21
DEFAULT,21122,9,1,3,13
DEFAULT,9597,16,2,4,22
DEFAULT,11329,13,2,4,19
DEFAULT,13475,16,2,3,21
DEFAULT,8729,16,2,2,20
DEFAULT,60642,14,2,3,19
DEFAULT,10612,17,2,1,20
DEFAULT,3978,13,1,3,17
DEFAULT,4393,16,1,4,21
DEFAULT,14030,16,1,3,20
DEFAULT,6831,16,2,2,20
DEFAULT,7777,16,1,4,21
DEFAULT,21592,15,1,3,19
DEFAULT,2145,13,0,4,17
DEFAULT,18194,13,1,1,15
DEFAULT,17796,16,1,2,19
DEFAULT,9432,15,2,3,20
DEFAULT,13313,13,1,2,16
STINGY,1315,3,1,0,4
DEFAULT,4314,12,2,3,17
DEFAULT,43627,15,0,2,17
STINGY,2150,0,0,0,0
DEFAULT,5609,14,0,3,17
DEFAULT,5515,13,1,3,17
DEFAULT,13250,19,1,2,22
STINGY,2129,3,2,0,5
DEFAULT,4509,16,1,1,18
DEFAULT,6199,17,2,2,21
DEFAULT,17802,12,2,4,18
STINGY,1020,5,0,2,7
DEFAULT,8715,18,2,2,22
STINGY,935,2,1,1,4
DEFAULT,762,9,2,3,14
DEFAULT,5027,13,1,4,18
STINGY,1961,0,0,0,0
DEFAULT,5652,17,2,3,22
DEFAULT,14499,16,2,3,21
DEFAULT,6712,20,1,3,24
DEFAULT,10922,16,1,2,19
DEFAULT,16295,13,2,2,17
DEFAULT,6550,13,2,2,17
STINGY,1768,6,0,0,6
STINGY,1717,7,0,2,9
DEFAULT,7065,14,0,4,18
DEFAULT,16951,15,2,3,20
DEFAULT,18202,12,1,3,16
DEFAULT,10023,16,2,3,21
STINGY,71765,9,0,1,10
DEFAULT,8630,16,2,2,20
DEFAULT,5292,14,2,3,19
DEFAULT,14709,13,1,1,15
DEFAULT,7973,18,2,3,23
DEFAULT,29128,14,1,2,17
DEFAULT,51420,15,2,3,20
DEFAULT,42711,12,1,3,16
STINGY,1870,1,0,0,1
DEFAULT,14015,16,1,2,19
DEFAULT,5306,16,1,2,19
DEFAULT,16013,14,2,3,19
DEFAULT,17225,14,2,3,19
DEFAULT,22264,14,2,3,19
DEFAULT,5416,15,1,4,20
DEFAULT,3647,16,2,2,20
DEFAULT,6463,15,2,4,21
STINGY,1282,4,1,0,5
STINGY,1256,1,0,1,2
DEFAULT,3536,12,2,4,18
STINGY,1500,6,1,0,7
DEFAULT,6700,15,2,4,21
DEFAULT,3045,14,2,3,19
DEFAULT,7288,16,2,4,22
DEFAULT,8777,18,1,4,23
STINGY,1770,4,0,0,4
DEFAULT,16085,17,1,3,21
DEFAULT,9868,18,1,3,22
DEFAULT,3794,18,2,4,24
DEFAULT,4707,15,2,4,21
DEFAULT,5958,14,1,3,18
DEFAULT,18718,12,2,3,17
DEFAULT,16543,12,2,3,17
DEFAULT,7550,19,2,3,24
DEFAULT,7136,13,2,3,18
STINGY,1412,3,1,0,4
DEFAULT,10019,16,2,2,20
STINGY,1335,4,0,1,5
DEFAULT,12255,12,2,3,17
DEFAULT,12719,18,1,2,21
DEFAULT,6627,13,2,2,17
DEFAULT,2740,7,1,4,12
STINGY,1991,2,1,0,3
STINGY,1015,7,0,1,8
DEFAULT,3350,12,1,4,17
DEFAULT,6010,16,2,3,21
DEFAULT,43826,16,2,3,21
DEFAULT,8486,15,2,4,21
DEFAULT,5665,18,1,2,21
DEFAULT,5117,15,1,2,18
DEFAULT,8615,16,0,3,19
DEFAULT,18157,16,1,3,20
DEFAULT,9156,13,1,3,17
DEFAULT,7232,15,2,4,21
DEFAULT,11149,17,2,1,20
DEFAULT,13027,15,1,2,18
DEFAULT,6457,13,1,4,18
DEFAULT,6590,13,2,3,18
DEFAULT,6632,19,1,3,23
DEFAULT,8415,15,2,3,20
DEFAULT,3095,15,2,4,21
DEFAULT,1753,12,1,4,17
DEFAULT,392,7,1,2,10
DEFAULT,4039,15,2,4,21
DEFAULT,4315,15,2,4,21
STINGY,1618,0,1,0,1
STINGY,1205,5,1,1,7
STINGY,1968,1,0,0,1
STINGY,1432,4,0,0,4
DEFAULT,12822,17,1,2,20
DEFAULT,12235,15,1,3,19
DEFAULT,4642,16,2,2,20
STINGY,1931,3,1,1,5
DEFAULT,9392,16,2,2,20
STINGY,2622,3,0,0,3
DEFAULT,4630,13,0,3,16
DEFAULT,21912,14,0,2,16
DEFAULT,19193,17,1,2,20
DEFAULT,11303,15,1,3,19
DEFAULT,18490,16,0,2,18
STINGY,1622,3,1,0,4
DEFAULT,9635,18,1,2,21
DEFAULT,11562,14,1,2,17
DEFAULT,34069,11,1,1,13
DEFAULT,7554,14,1,2,17
DEFAULT,9559,16,1,2,19
DEFAULT,8963,15,2,3,20
DEFAULT,2874,10,2,4,16
DEFAULT,10039,17,1,2,20
STINGY,1869,3,1,0,4
DEFAULT,18246,16,1,3,20
DEFAULT,4978,18,2,3,23
DEFAULT,5403,18,2,2,22
DEFAULT,8931,14,1,2,17
DEFAULT,10551,14,2,2,18
DEFAULT,16797,16,2,3,21
STINGY,1706,1,0,1,2
DEFAULT,18313,16,1,1,18
DEFAULT,3451,19,2,4,25
STINGY,2138,2,0,2,4
DEFAULT,6243,18,0,4,22
DEFAULT,10425,16,0,3,19
DEFAULT,13922,17,2,1,20
DEFAULT,9843,16,0,3,19
STINGY,2008,2,0,0,2
STINGY,1310,1,0,0,1
DEFAULT,12926,17,2,2,21
DEFAULT,9334,14,2,3,19
DEFAULT,7258,16,1,2,19
DEFAULT,16239,12,1,3,16
DEFAULT,11798,17,1,2,20
DEFAULT,8623,15,1,2,18
DEFAULT,11950,16,2,3,21
DEFAULT,4100,15,2,4,21
DEFAULT,22465,15,1,3,19
DEFAULT,16806,12,1,3,16
DEFAULT,7646,19,2,2,23
DEFAULT,3239,17,1,4,22
STINGY,938,6,1,0,7
DEFAULT,4085,16,1,4,21
STINGY,1119,4,1,0,5
DEFAULT,9809,16,0,4,20
STINGY,906,2,0,1,3
DEFAULT,8821,14,0,4,18
DEFAULT,27588,10,1,4,15
DEFAULT,4779,17,1,3,21
DEFAULT,6577,16,2,3,21
DEFAULT,7911,16,1,2,19
DEFAULT,5401,12,0,3,15
DEFAULT,7601,16,1,3,20
STINGY,898,4,0,0,4
STINGY,992,5,0,1,6
DEFAULT,10707,16,2,2,20
DEFAULT,6329,17,2,3,22
STINGY,1427,4,2,0,6
DEFAULT,7091,16,2,3,21
STINGY,2279,1,0,0,1
DEFAULT,3899,12,2,3,17
STINGY,831,5,1,0,6
DEFAULT,20359,17,1,1,19
DEFAULT,6608,14,1,2,17
DEFAULT,5139,13,1,4,18
STINGY,1438,2,1,1,4
DEFAULT,16858,13,1,3,17
DEFAULT,4400,15,2,3,20
STINGY,38641,9,0,2,11
DEFAULT,11169,14,1,3,18
DEFAULT,13155,14,0,4,18
DEFAULT,5550,17,2,3,22
DEFAULT,3536,18,2,4,24
DEFAULT,7375,16,2,4,22
DEFAULT,5126,15,0,4,19
DEFAULT,45690,14,2,3,19
STINGY,1594,1,0,2,3
DEFAULT,7239,15,2,3,20
DEFAULT,2367,14,2,1,17
DEFAULT,2492,13,2,3,18
STINGY,1150,3,1,0,4
DEFAULT,8045,19,2,3,24
DEFAULT,53023,14,2,1,17
DEFAULT,6876,15,1,3,19
DEFAULT,6916,17,2,3,22
DEFAULT,13296,16,1,3,20
DEFAULT,18261,15,2,3,20
STINGY,83934,11,0,1,12
DEFAULT,7551,15,1,4,20
DEFAULT,11870,16,1,1,18
DEFAULT,7684,17,1,4,22
DEFAULT,4851,17,0,1,18
DEFAULT,12301,17,0,2,19
DEFAULT,3104,14,1,3,18
DEFAULT,10895,14,2,3,19
DEFAULT,7906,18,2,4,24
DEFAULT,20036,13,2,4,19
DEFAULT,8697,13,1,2,16
DEFAULT,14391,15,2,3,20
DEFAULT,12515,15,2,3,20
DEFAULT,10555,12,2,3,17
DEFAULT,4433,16,1,4,21
DEFAULT,7858,13,2,4,19
DEFAULT,5016,19,2,4,25
STINGY,1923,0,1,1,2
DEFAULT,19405,14,1,3,18
DEFAULT,4136,15,0,4,19
DEFAULT,28305,15,2,1,18
STINGY,1662,2,0,1,3
DEFAULT,29278,16,2,3,21
DEFAULT,2220,18,2,3,23
DEFAULT,8923,19,1,3,23
DEFAULT,19964,15,1,3,19
DEFAULT,9862,17,1,3,21
DEFAULT,16850,16,2,2,20
DEFAULT,16057,13,1,4,18
DEFAULT,10152,14,2,3,19
DEFAULT,3123,17,1,4,22
STINGY,2152,4,1,1,6
DEFAULT,8938,14,2,3,19
DEFAULT,5941,15,2,4,21
STINGY,1698,4,0,1,5
DEFAULT,12042,16,2,3,21
DEFAULT,15321,15,2,2,19
DEFAULT,14129,15,1,2,18
DEFAULT,1505,13,1,2,16
DEFAULT,6814,17,2,2,21
STINGY,1464,3,1,1,5
DEFAULT,1925,12,2,3,17
DEFAULT,20405,14,2,3,19
DEFAULT,9777,13,2,2,17
DEFAULT,9193,14,1,2,17
STINGY,1183,3,0,0,3
DEFAULT,7337,16,2,3,21
DEFAULT,5349,15,2,4,21
STINGY,1913,3,1,2,6
DEFAULT,12170,15,2,2,19
DEFAULT,9914,15,1,4,20
DEFAULT,30894,16,1,2,19
DEFAULT,6311,16,1,2,19
DEFAULT,10399,16,2,3,21
DEFAULT,9086,20,2,0,22
STINGY,1721,3,0,2,5
DEFAULT,15414,14,2,3,19
DEFAULT,3692,11,2,3,16
DEFAULT,7070,15,2,3,20
DEFAULT,15910,13,2,3,18
DEFAULT,4958,20,1,3,24
DEFAULT,8002,17,2,2,21
STINGY,2424,2,0,0,2
DEFAULT,9493,17,0,3,20
DEFAULT,35868,14,2,2,18
STINGY,1573,6,0,1,7
DEFAULT,2949,21,2,3,26
STINGY,1554,4,0,0,4
DEFAULT,11341,13,1,3,17
DEFAULT,5459,13,2,4,19
DEFAULT,3964,13,2,2,17
DEFAULT,13351,16,2,3,21
DEFAULT,6910,13,2,3,18
STINGY,1985,1,0,1,2
STINGY,1388,2,0,1,3
DEFAULT,14540,14,2,3,19
DEFAULT,4628,13,2,4,19
DEFAULT,11244,15,1,3,19
DEFAULT,13289,17,2,1,20
DEFAULT,7609,11,0,4,15
DEFAULT,7747,15,2,2,19
DEFAULT,8729,16,1,3,20
DEFAULT,467,8,2,1,11
DEFAULT,9652,19,2,2,23
DEFAULT,4344,12,1,2,15
DEFAULT,4550,14,1,3,18
DEFAULT,23150,16,0,3,19
STINGY,1398,6,0,1,7
DEFAULT,2611,14,2,3,19
DEFAULT,16116,15,1,4,20
STINGY,1274,1,0,3,4
DEFAULT,3134,15,2,1,18
DEFAULT,2755,10,2,4,16
DEFAULT,4855,16,2,3,21
DEFAULT,14671,13,1,4,18
STINGY,835,3,0,1,4
DEFAULT,3268,12,1,3,16
DEFAULT,10222,16,1,4,21
DEFAULT,7931,18,2,3,23
STINGY,1733,3,1,1,5
DEFAULT,9388,15,2,3,20
DEFAULT,6692,16,2,3,21
DEFAULT,9899,16,2,3,21
DEFAULT,7235,15,2,4,21
STINGY,1855,2,0,1,3
DEFAULT,3250,17,2,2,21
DEFAULT,6430,14,1,4,19
DEFAULT,5676,17,1,4,22
STINGY,2054,3,0,0,3
DEFAULT,18363,13,1,3,17
DEFAULT,13635,15,1,2,18
DEFAULT,1612,10,0,4,14
DEFAULT,5901,16,2,4,22
DEFAULT,10318,15,2,2,19
DEFAULT,5704,16,2,2,20
DEFAULT,8066,18,2,2,22
STINGY,580,4,2,0,6
DEFAULT,8019,19,1,4,24
DEFAULT,2582,16,1,4,21
DEFAULT,14028,16,1,2,19
DEFAULT,10564,13,2,2,17
DEFAULT,30528,16,0,2,18
DEFAULT,13022,15,0,4,19
STINGY,1645,3,0,1,4
DEFAULT,288,9,2,3,14
DEFAULT,25915,16,2,2,20
DEFAULT,23202,15,0,3,18
STINGY,1370,3,1,2,6
DEFAULT,2478,13,2,3,18
DEFAULT,6924,18,1,4,23
DEFAULT,7156,14,1,1,16
DEFAULT,7367,13,1,2,16
DEFAULT,5853,19,2,2,23
STINGY,1477,4,1,0,5
DEFAULT,8329,16,1,3,20
DEFAULT,8581,16,2,2,20
DEFAULT,11647,16,1,3,20
DEFAULT,5892,16,2,2,20
DEFAULT,7027,18,2,3,23
DEFAULT,11138,12,2,4,18
DEFAULT,10998,16,2,3,21
DEFAULT,4776,15,2,4,21
STINGY,63467,10,0,0,10
DEFAULT,5565,15,1,4,20
DEFAULT,8567,18,1,2,21
DEFAULT,27155,10,1,3,14
STINGY,1278,4,1,2,7
DEFAULT,8883,17,1,3,21
DEFAULT,15776,14,1,3,18
DEFAULT,10400,13,2,4,19
DEFAULT,3720,16,2,4,22
DEFAULT,7401,19,1,3,23
DEFAULT,2925,16,1,3,20
DEFAULT,35579,15,2,3,20
DEFAULT,7490,18,1,3,22
STINGY,1560,2,0,0,2
STINGY,1292,4,0,1,5
DEFAULT,8805,16,2,4,22
DEFAULT,18565,15,2,2,19
DEFAULT,14694,15,1,3,19
DEFAULT,7801,15,1,1,17
STINGY,1572,4,0,2,6
DEFAULT,5925,16,2,4,22
DEFAULT,5830,17,2,3,22
STINGY,2594,4,1,0,5
DEFAULT,5601,17,2,3,22
STINGY,1286,2,0,2,4
DEFAULT,9036,18,1,2,21
DEFAULT,7950,15,2,3,20
DEFAULT,7024,17,1,2,20
DEFAULT,4536,17,2,3,22
STINGY,1394,4,0,1,5
DEFAULT,16166,14,2,2,18
DEFAULT,5610,17,1,4,22
STINGY,1205,2,0,2,4
DEFAULT,12925,12,0,3,15
DEFAULT,24283,16,1,3,20
DEFAULT,4547,12,0,4,16
STINGY,2060,2,0,1,3
DEFAULT,6825,16,2,3,21
DEFAULT,4017,14,2,4,20
DEFAULT,3502,16,2,3,21
STINGY,1134,2,0,1,3
DEFAULT,8747,14,0,3,17
DEFAULT,12375,15,1,3,19
DEFAULT,21515,17,0,2,19
DEFAULT,10819,16,1,2,19
DEFAULT,4189,18,1,4,23
STINGY,37897,7,1,0,8
DEFAULT,4701,18,1,2,21
DEFAULT,30846,13,2,3,18
DEFAULT,3058,14,1,4,19
STINGY,1470,2,0,0,2
DEFAULT,4574,15,1,3,19
DEFAULT,5194,15,2,3,20
DEFAULT,19218,15,1,2,18
DEFAULT,10884,19,2,2,23
DEFAULT,7045,18,2,4,24
DEFAULT,8985,16,2,3,21
STINGY,1226,3,1,2,6
DEFAULT,4874,15,1,3,19
DEFAULT,19341,17,1,2,20
DEFAULT,10245,13,2,2,17
DEFAULT,8972,16,0,2,18
DEFAULT,8832,14,2,3,19
DEFAULT,2545,10,2,3,15
DEFAULT,71887,12,2,4,18
DEFAULT,14670,16,1,3,20
DEFAULT,5196,13,2,4,19
STINGY,1745,2,1,0,3
DEFAULT,5210,15,2,2,19
DEFAULT,9246,17,2,3,22
STINGY,1461,0,0,1,1
DEFAULT,14118,16,1,1,18
DEFAULT,7840,14,1,2,17
DEFAULT,8366,14,2,3,19
DEFAULT,12978,16,0,4,20
STINGY,2153,0,0,0,0
DEFAULT,19577,17,2,2,21
DEFAULT,7469,10,2,4,16
DEFAULT,12844,15,2,2,19
DEFAULT,9389,15,1,4,20
STINGY,1018,6,0,2,8
DEFAULT,4344,18,2,2,22
DEFAULT,5466,14,1,4,19
STINGY,1488,4,0,1,5
DEFAULT,10342,16,2,3,21
DEFAULT,5179,17,2,3,22
STINGY,1314,8,1,3,12
DEFAULT,9575,12,1,4,17
DEFAULT,3860,18,1,2,21
DEFAULT,13447,13,2,4,19
DEFAULT,6490,18,1,3,22
DEFAULT,7650,16,1,3,20
STINGY,1797,2,1,0,3
DEFAULT,15452,18,2,2,22
DEFAULT,14378,13,0,2,15
DEFAULT,16454,16,2,2,20
DEFAULT,11429,14,0,3,17
DEFAULT,5988,14,1,3,18
DEFAULT,8781,16,1,3,20
DEFAULT,6449,15,2,3,20
DEFAULT,6999,12,2,3,17
DEFAULT,6507,15,1,3,19
DEFAULT,21969,14,1,4,19
DEFAULT,3929,17,2,4,23
DEFAULT,8033,14,2,1,17
STINGY,1399,3,0,0,3
DEFAULT,43792,14,1,2,17
DEFAULT,7156,13,1,4,18
DEFAULT,5987,16,2,4,22
DEFAULT,20503,15,0,2,17
DEFAULT,9288,19,2,2,23
DEFAULT,6360,18,2,2,22
DEFAULT,8789,11,1,2,14
STINGY,1700,4,1,0,5
STINGY,1621,4,0,2,6
STINGY,1422,2,0,0,2
DEFAULT,14947,12,0,4,16
DEFAULT,4168,17,2,4,23
DEFAULT,4960,17,2,4,23
DEFAULT,14184,17,2,2,21
STINGY,2046,4,2,1,7
DEFAULT,8369,16,0,1,17
STINGY,771,4,0,0,4
DEFAULT,10390,15,1,3,19
DEFAULT,2520,17,2,4,23
STINGY,1084,4,0,0,4
DEFAULT,11051,17,1,2,20
DEFAULT,3842,14,2,4,20
DEFAULT,10695,15,1,1,17
DEFAULT,16015,14,2,2,18
DEFAULT,15884,17,1,3,21
DEFAULT,12803,14,2,1,17
DEFAULT,5665,19,1,2,22
DEFAULT,31363,12,2,4,18
DEFAULT,2680,12,2,4,18
DEFAULT,12232,15,1,2,18
DEFAULT,33817,18,1,1,20
DEFAULT,8674,15,2,2,19
DEFAULT,4380,11,1,4,16
DEFAULT,8284,16,2,4,22
STINGY,32164,9,1,3,13
STINGY,1633,6,1,0,7
DEFAULT,11101,16,2,2,20
STINGY,1068,6,0,2,8
DEFAULT,7491,18,1,3,22
DEFAULT,8977,16,2,2,20
STINGY,1699,3,0,1,4
DEFAULT,14526,16,2,2,20
DEFAULT,12574,18,1,2,21
DEFAULT,8761,15,2,3,20
DEFAULT,13252,15,1,1,17
DEFAULT,8112,19,2,3,24
DEFAULT,9561,16,2,3,21
STINGY,1302,4,1,0,5
DEFAULT,17020,16,1,2,19
DEFAULT,12780,19,1,3,23
DEFAULT,7641,16,1,2,19
STINGY,1640,2,0,0,2
DEFAULT,26283,12,2,3,17
DEFAULT,14547,16,2,2,20
DEFAULT,10883,17,2,3,22
STINGY,1672,1,0,0,1
DEFAULT,17873,15,2,2,19
DEFAULT,8386,20,1,2,23
DEFAULT,9748,15,2,2,19
STINGY,2210,1,0,0,1
STINGY,1663,3,2,1,6
DEFAULT,8773,19,2,2,23
DEFAULT,8477,16,1,4,21
DEFAULT,7218,16,1,3,20
DEFAULT,9186,14,0,4,18
DEFAULT,3834,15,1,4,20
STINGY,920,4,0,1,5
DEFAULT,8948,17,2,2,21
DEFAULT,5954,14,2,1,17
STINGY,1696,3,0,0,3
DEFAULT,13442,15,1,4,20
DEFAULT,6111,13,1,4,18
DEFAULT,8293,17,1,2,20
DEFAULT,4105,16,0,3,19
DEFAULT,5463,14,2,1,17
STINGY,2171,1,0,0,1
DEFAULT,4953,12,1,4,17
DEFAULT,13200,16,2,3,21
DEFAULT,29722,9,2,3,14
DEFAULT,4587,14,2,4,20
DEFAULT,4919,14,1,4,19
DEFAULT,13319,15,2,3,20
DEFAULT,3290,12,2,3,17
STINGY,828,5,1,1,7
STINGY,3413,5,2,3,10
DEFAULT,6831,13,1,3,17
DEFAULT,24044,15,2,3,20
DEFAULT,8912,14,2,3,19
DEFAULT,7359,11,2,4,17
DEFAULT,8870,15,2,3,20
DEFAULT,4171,13,1,4,18
DEFAULT,8336,13,0,4,17
DEFAULT,9475,18,0,3,21
STINGY,80473,10,2,1,13
DEFAULT,15738,14,2,3,19
DEFAULT,7162,18,1,3,22
STINGY,681,5,1,1,7
STINGY,1820,5,0,2,7
DEFAULT,10305,14,2,3,19
DEFAULT,19431,18,2,1,21
STINGY,2524,3,0,0,3
DEFAULT,6044,15,1,3,19
DEFAULT,8091,19,2,2,23
DEFAULT,10400,16,1,3,20
STINGY,1293,1,0,1,2
STINGY,1726,1,0,0,1
DEFAULT,14159,16,1,3,20
DEFAULT,21601,11,1,2,14
DEFAULT,2685,14,1,4,19
DEFAULT,7601,16,0,3,19
DEFAULT,6738,15,2,4,21
STINGY,1199,5,1,0,6
DEFAULT,5040,17,2,4,23
DEFAULT,6238,16,2,2,20
DEFAULT,14323,16,2,2,20
DEFAULT,5042,11,1,4,16
DEFAULT,9036,13,1,2,16
DEFAULT,9141,15,2,3,20
DEFAULT,3860,19,2,3,24
DEFAULT,512,15,2,3,20
DEFAULT,6580,17,2,2,21
DEFAULT,16373,17,1,1,19
DEFAULT,6616,14,2,4,20
DEFAULT,22627,13,2,4,19
STINGY,1431,6,0,0,6
DEFAULT,6798,14,2,4,20
DEFAULT,6545,17,2,2,21
DEFAULT,9238,15,0,3,18
DEFAULT,4016,14,1,4,19
DEFAULT,26580,12,2,3,17
DEFAULT,55881,15,2,2,19
DEFAULT,6563,18,2,3,23
STINGY,1984,3,0,1,4
DEFAULT,12632,17,1,3,21
DEFAULT,1962,11,1,3,15
DEFAULT,6961,17,2,3,22
DEFAULT,10324,14,2,2,18
DEFAULT,6316,19,2,4,25
DEFAULT,4789,14,2,3,19
STINGY,2812,2,0,0,2
DEFAULT,7652,14,1,4,19
DEFAULT,1518,13,1,4,18
DEFAULT,8108,15,0,4,19
STINGY,2056,4,0,2,6
DEFAULT,11069,15,1,3,19
STINGY,1544,2,0,0,2
DEFAULT,10784,18,1,2,21
DEFAULT,19929,16,0,2,18
DEFAULT,7698,17,1,3,21
DEFAULT,26681,14,2,2,18
DEFAULT,31372,16,0,1,17
DEFAULT,10463,17,2,2,21
DEFAULT,10163,14,0,3,17
DEFAULT,19961,13,2,2,17
DEFAULT,3976,14,1,3,18
DEFAULT,2903,15,2,3,20
DEFAULT,7584,15,1,2,18
DEFAULT,3948,19,2,3,24
DEFAULT,7106,15,1,4,20
DEFAULT,6559,17,1,3,21
DEFAULT,2623,15,1,4,20
DEFAULT,8455,15,2,2,19
DEFAULT,13429,18,1,3,22
DEFAULT,9102,16,0,1,17
STINGY,1612,2,0,2,4
DEFAULT,9637,15,2,4,21
DEFAULT,6216,17,1,3,21
STINGY,1356,4,0,1,5
DEFAULT,7773,15,2,3,20
DEFAULT,5635,13,1,3,17
DEFAULT,2279,10,1,4,15
STINGY,1789,2,0,1,3
DEFAULT,15684,16,2,3,21
DEFAULT,3480,14,0,4,18
DEFAULT,4956,16,2,4,22
DEFAULT,25179,14,1,3,18
DEFAULT,11653,14,1,4,19
DEFAULT,1458,10,1,4,15
STINGY,1614,2,0,0,2
DEFAULT,10091,17,2,2,21
STINGY,1016,2,0,2,4
DEFAULT,5686,11,1,3,15
DEFAULT,5289,18,1,2,21
DEFAULT,6187,15,2,4,21
DEFAULT,9059,18,1,0,19
DEFAULT,4036,13,2,4,19
DEFAULT,3605,17,1,3,21
STINGY,1250,4,0,2,6
DEFAULT,12497,13,1,4,18
DEFAULT,9901,18,1,2,21
STINGY,977,7,2,3,12
DEFAULT,52304,13,2,1,16
DEFAULT,5939,18,2,2,22
DEFAULT,9138,17,1,3,21
DEFAULT,2817,9,2,4,15
DEFAULT,2483,14,2,4,20
DEFAULT,5500,16,2,4,22
DEFAULT,9258,16,1,3,20
DEFAULT,7771,17,1,2,20
STINGY,1306,6,0,0,6
DEFAULT,15747,14,2,3,19
DEFAULT,10118,15,2,2,19
STINGY,1980,1,0,1,2
DEFAULT,3756,18,2,2,22
STINGY,1676,3,0,1,4
DEFAULT,4789,10,2,4,16
DEFAULT,12196,17,2,3,22
STINGY,1340,4,0,0,4
DEFAULT,5143,13,1,4,18
DEFAULT,21763,13,1,2,16
STINGY,1265,3,0,1,4
DEFAULT,2988,15,1,3,19
DEFAULT,10705,19,1,1,21
DEFAULT,10163,17,2,1,20
DEFAULT,8074,16,2,3,21
DEFAULT,4677,17,2,3,22
DEFAULT,6483,13,2,3,18
DEFAULT,11575,14,1,3,18
DEFAULT,12505,15,2,2,19
DEFAULT,25229,13,1,3,17
DEFAULT,8995,15,2,4,21
DEFAULT,5285,12,1,4,17
DEFAULT,2891,16,1,4,21
DEFAULT,18512,15,2,2,19
DEFAULT,24072,16,0,2,18
STINGY,1662,2,0,0,2
STINGY,1454,1,1,0,2
DEFAULT,8526,14,1,3,18
DEFAULT,4460,16,1,4,21
DEFAULT,7917,14,1,4,19
STINGY,820,4,0,1,5
DEFAULT,6900,16,1,3,20
STINGY,2153,1,0,0,1
DEFAULT,3769,17,2,3,22
DEFAULT,1901,16,2,4,22
STINGY,2145,0,0,0,0
DEFAULT,8154,18,2,4,24
DEFAULT,18058,13,2,3,18
STINGY,1487,1,2,0,3
DEFAULT,7334,15,1,4,20
DEFAULT,3464,12,1,4,17
STINGY,689,4,2,0,6
DEFAULT,2559,13,2,2,17
STINGY,1152,5,0,0,5
DEFAULT,15769,14,2,1,17
DEFAULT,10433,17,2,3,22
DEFAULT,4610,10,2,4,16
DEFAULT,7693,12,1,4,17
STINGY,1587,4,1,1,6
DEFAULT,48973,15,1,3,19
STINGY,2654,3,0,0,3
STINGY,1422,5,1,0,6
DEFAULT,2690,13,1,4,18
DEFAULT,18819,15,2,3,20
DEFAULT,6092,19,1,2,22
DEFAULT,8139,17,2,2,21
STINGY,951,6,0,0,6
STINGY,1675,1,0,3,4
DEFAULT,7448,15,1,4,20
DEFAULT,7491,21,2,2,25
DEFAULT,5931,16,1,4,21
DEFAULT,10059,16,2,3,21
DEFAULT,12642,15,1,3,19
DEFAULT,8294,16,2,3,21
DEFAULT,7118,14,1,3,18
DEFAULT,5687,16,2,4,22
STINGY,1165,4,2,2,8
DEFAULT,9956,18,2,4,24
DEFAULT,7961,14,0,4,18
STINGY,2249,3,0,0,3
DEFAULT,8545,15,2,3,20
STINGY,1135,2,0,2,4
DEFAULT,16663,16,2,2,20
DEFAULT,7037,16,1,2,19
DEFAULT,12556,16,1,2,19
DEFAULT,2232,9,1,4,14
DEFAULT,6198,17,0,3,20
DEFAULT,9387,17,2,2,21
STINGY,440,5,1,2,8
DEFAULT,6921,17,2,1,20
DEFAULT,19608,15,1,2,18
DEFAULT,3873,17,1,3,21
DEFAULT,7408,15,0,2,17
DEFAULT,31149,15,1,3,19
DEFAULT,6413,17,2,3,22
STINGY,1310,1,0,2,3
DEFAULT,17227,16,1,2,19
DEFAULT,7423,16,2,3,21
STINGY,1976,1,0,3,4
DEFAULT,7928,16,1,3,20
DEFAULT,36136,14,1,3,18
DEFAULT,3554,13,2,3,18
STINGY,915,5,0,0,5
DEFAULT,8995,16,2,3,21
STINGY,1389,6,1,2,9
STINGY,1602,3,0,1,4
DEFAULT,5020,16,1,4,21
DEFAULT,5233,16,1,3,20
DEFAULT,2696,12,0,4,16
DEFAULT,10342,18,1,3,22
DEFAULT,8879,18,2,3,23
DEFAULT,14882,15,1,3,19
DEFAULT,4927,17,1,3,21
DEFAULT,2580,15,2,4,21
STINGY,1697,2,0,0,2
STINGY,1325,3,0,0,3
DEFAULT,8854,14,1,3,18
DEFAULT,16432,14,2,3,19
DEFAULT,6260,15,1,3,19
DEFAULT,6383,13,1,4,18
DEFAULT,4420,18,0,3,21
STINGY,1293,2,0,1,3
DEFAULT,8864,20,2,1,23
DEFAULT,1971,14,1,4,19
DEFAULT,31224,16,2,3,21
DEFAULT,13454,18,2,2,22
DEFAULT,3074,15,2,4,21
STINGY,1674,2,0,1,3
DEFAULT,3552,14,1,4,19
DEFAULT,14911,15,2,3,20
STINGY,1658,5,0,1,6
DEFAULT,3477,10,1,4,15
STINGY,1054,3,0,2,5
STINGY,1168,5,1,1,7
STINGY,1319,2,0,0,2
DEFAULT,7259,19,1,2,22
DEFAULT,24203,16,2,2,20
DEFAULT,20917,16,1,4,21
DEFAULT,3575,17,2,2,21
DEFAULT,10281,18,0,3,21
DEFAULT,73422,15,1,2,18
DEFAULT,10781,15,1,2,18
DEFAULT,7107,15,1,3,19
DEFAULT,6411,11,2,4,17
DEFAULT,6882,17,1,3,21
DEFAULT,12908,13,2,3,18
DEFAULT,9199,16,1,4,21
DEFAULT,10775,15,1,3,19
STINGY,1978,3,1,0,4
DEFAULT,3454,17,2,3,22
DEFAULT,7989,16,2,3,21
DEFAULT,45102,14,1,2,17
DEFAULT,19995,15,2,1,18
DEFAULT,24418,15,2,2,19
DEFAULT,12249,15,1,3,19
DEFAULT,3244,15,1,3,19
STINGY,2084,0,0,0,0
DEFAULT,14232,14,2,3,19
DEFAULT,9239,18,1,3,22
DEFAULT,5242,17,2,4,23
STINGY,1200,1,1,0,2
DEFAULT,9776,18,1,2,21
DEFAULT,2418,17,2,3,22
STINGY,2958,6,0,2,8
DEFAULT,9940,15,1,2,18
STINGY,1841,2,0,2,4
DEFAULT,12877,15,1,3,19
DEFAULT,6099,18,1,3,22
DEFAULT,6823,18,2,2,22
DEFAULT,23138,16,2,3,21
DEFAULT,5623,15,2,3,20
STINGY,1168,4,0,0,4
DEFAULT,6530,14,1,3,18
DEFAULT,5956,14,0,3,17
DEFAULT,2794,17,2,2,21
DEFAULT,9614,16,2,3,21
DEFAULT,26364,14,1,3,18
DEFAULT,10718,17,1,3,21
DEFAULT,17973,14,2,1,17
STINGY,1447,5,1,0,6
STINGY,1083,4,0,1,5
DEFAULT,29503,16,2,3,21
DEFAULT,13817,16,1,3,20
DEFAULT,5949,16,2,3,21
DEFAULT,7478,16,1,3,20
STINGY,1137,5,2,0,7
DEFAULT,4333,17,1,3,21
DEFAULT,8473,18,1,2,21
DEFAULT,10313,14,2,2,18
DEFAULT,5679,17,1,3,21
DEFAULT,2614,15,2,3,20
STINGY,710,6,0,0,6
DEFAULT,2585,15,0,3,18
DEFAULT,10695,12,2,3,17
DEFAULT,16277,16,2,1,19
DEFAULT,10569,13,1,3,17
DEFAULT,5684,18,2,3,23
DEFAULT,5382,14,2,4,20
DEFAULT,8501,16,1,4,21
STINGY,1461,1,0,2,3
DEFAULT,6730,17,0,3,20
DEFAULT,9782,16,1,3,20
DEFAULT,76488,12,1,1,14
DEFAULT,15040,12,2,4,18
DEFAULT,6660,15,2,4,21
DEFAULT,7631,16,2,3,21
DEFAULT,12074,17,2,2,21
STINGY,2388,1,0,0,1
DEFAULT,24087,14,2,2,18
DEFAULT,11315,16,2,2,20
DEFAULT,17459,14,1,3,18
DEFAULT,8382,18,1,3,22
DEFAULT,4451,17,1,4,22
DEFAULT,817,10,0,2,12
STINGY,2199,2,0,0,2
DEFAULT,12367,15,2,2,19
DEFAULT,9120,12,1,3,16
DEFAULT,14060,16,1,3,20
DEFAULT,6345,15,2,3,20
DEFAULT,7924,18,2,3,23
DEFAULT,4753,18,1,3,22
DEFAULT,9491,17,2,2,21
STINGY,16440,9,0,1,10
DEFAULT,4457,15,0,1,16
STINGY,21596,11,0,1,12
DEFAULT,12199,16,2,3,21
DEFAULT,39766,15,2,3,20
DEFAULT,9634,14,2,3,19
DEFAULT,12211,16,2,3,21
DEFAULT,4705,17,2,2,21
DEFAULT,9659,20,1,1,22
DEFAULT,6473,18,0,3,21
DEFAULT,2763,15,2,3,20
STINGY,993,8,0,0,8
DEFAULT,9387,16,1,4,21
DEFAULT,11292,16,2,3,21
DEFAULT,15401,13,2,3,18
DEFAULT,4621,15,2,2,19
DEFAULT,17767,11,1,3,15
DEFAULT,23500,15,2,3,20
DEFAULT,34370,15,2,4,21
DEFAULT,5240,13,1,2,16
STINGY,1880,2,1,0,3
DEFAULT,25736,14,1,2,17
DEFAULT,6026,17,2,3,22
DEFAULT,13950,15,1,4,20
DEFAULT,6009,14,2,3,19
DEFAULT,11958,17,1,0,18
STINGY,1332,3,1,3,7
STINGY,1437,3,0,1,4
DEFAULT,4674,15,2,4,21
DEFAULT,3600,16,1,4,21
DEFAULT,5654,17,0,3,20
STINGY,1256,5,0,0,5
DEFAULT,11408,14,1,3,18
DEFAULT,12175,17,1,1,19
STINGY,2714,3,1,1,5
DEFAULT,3608,16,1,4,21
DEFAULT,37809,13,1,3,17
DEFAULT,10802,11,1,3,15
DEFAULT,10151,18,1,2,21
DEFAULT,4263,15,2,3,20
STINGY,1240,4,0,1,5
DEFAULT,13750,18,1,2,21
STINGY,1400,3,1,1,5
DEFAULT,3507,17,1,4,22
DEFAULT,8044,16,2,3,21
DEFAULT,5188,17,2,4,23
DEFAULT,12204,15,1,4,20
DEFAULT,7834,16,1,1,18
STINGY,2116,1,0,0,1
STINGY,1663,2,2,0,4
STINGY,763,2,0,1,3
STINGY,1816,2,1,0,3
STINGY,1514,4,0,1,5
DEFAULT,5176,16,1,2,19
DEFAULT,6133,13,2,2,17
DEFAULT,42168,14,1,3,18
DEFAULT,2907,16,2,4,22
DEFAULT,2641,14,2,1,17
DEFAULT,7967,16,1,3,20
DEFAULT,11335,16,2,3,21
STINGY,2193,4,1,1,6
DEFAULT,27092,16,2,2,20
STINGY,1434,4,0,0,4
DEFAULT,8112,17,1,3,21
DEFAULT,11644,18,0,2,20
STINGY,1267,2,0,1,3
STINGY,812,3,0,1,4
DEFAULT,7898,18,0,4,22
DEFAULT,14460,15,1,3,19
STINGY,1906,0,1,1,2
DEFAULT,4900,17,1,4,22
DEFAULT,14695,15,1,2,18
DEFAULT,8284,15,2,1,18
STINGY,1264,4,1,0,5
DEFAULT,5810,18,2,2,22
DEFAULT,18095,14,2,2,18
STINGY,1119,3,0,2,5
DEFAULT,2665,14,1,0,15
DEFAULT,5482,15,2,4,21
DEFAULT,15704,15,1,2,18
STINGY,1666,4,0,0,4
DEFAULT,20990,17,1,2,20
DEFAULT,12406,18,2,2,22
STINGY,2095,4,0,2,6
DEFAULT,6730,14,2,2,18
DEFAULT,4264,11,1,3,15
DEFAULT,3799,12,1,4,17
STINGY,1220,3,0,2,5
DEFAULT,4898,13,1,3,17
DEFAULT,26467,14,1,3,18
DEFAULT,8723,17,1,3,21
DEFAULT,5898,17,2,2,21
STINGY,1930,1,0,0,1
STINGY,1875,3,1,1,5
STINGY,1635,3,1,0,4
DEFAULT,4251,13,2,4,19
STINGY,1723,4,1,1,6
STINGY,1462,2,0,0,2
DEFAULT,4355,16,2,3,21
DEFAULT,15768,16,1,3,20
DEFAULT,12344,14,1,2,17
DEFAULT,15457,14,2,3,19
DEFAULT,7388,15,1,3,19
DEFAULT,21781,13,1,3,17
STINGY,1692,1,1,2,4
STINGY,2507,3,0,0,3
STINGY,1590,5,1,1,7
DEFAULT,9632,17,2,3,22
STINGY,3303,4,0,0,4
STINGY,1574,1,0,0,1
STINGY,1470,3,0,0,3
DEFAULT,11580,16,2,2,20
DEFAULT,32552,13,2,3,18
DEFAULT,5967,19,0,4,23
DEFAULT,11842,15,1,2,18
DEFAULT,19842,15,1,3,19
DEFAULT,23756,14,2,3,19
DEFAULT,4454,15,1,3,19
DEFAULT,19451,15,0,3,18
DEFAULT,3942,13,1,4,18
STINGY,1763,3,0,0,3
STINGY,69345,10,1,2,13
DEFAULT,13126,15,1,4,20
STINGY,1035,4,1,2,7
DEFAULT,10753,13,2,4,19
DEFAULT,5113,16,2,3,21
STINGY,1392,5,0,1,6
DEFAULT,8145,14,1,3,18
STINGY,1330,1,1,0,2
DEFAULT,5238,16,1,3,20
STINGY,1379,3,0,0,3
DEFAULT,17202,14,2,3,19
DEFAULT,7555,15,2,4,21
DEFAULT,4788,15,2,4,21
DEFAULT,8705,14,2,3,19
DEFAULT,6516,16,1,2,19
DEFAULT,9607,18,2,1,21
DEFAULT,10603,17,1,3,21
DEFAULT,15948,16,1,2,19
DEFAULT,13555,15,2,3,20
DEFAULT,3497,15,1,4,20
DEFAULT,11802,16,2,3,21
DEFAULT,10519,18,2,2,22
DEFAULT,15367,15,2,3,20
DEFAULT,20130,14,2,3,19
DEFAULT,3385,21,1,3,25
STINGY,1340,2,0,0,2
DEFAULT,7613,15,1,3,19
STINGY,1370,4,0,0,4
DEFAULT,4386,18,1,4,23
STINGY,1675,5,1,0,6
DEFAULT,8579,14,1,4,19
DEFAULT,49,6,2,1,9
DEFAULT,18700,14,2,1,17
DEFAULT,11801,15,1,3,19
DEFAULT,3664,15,1,4,20
STINGY,1162,4,2,0,6
STINGY,1664,4,1,2,7
DEFAULT,12772,13,2,3,18
STINGY,62548,11,1,1,13
DEFAULT,2828,10,2,3,15
STINGY,1042,6,1,0,7
DEFAULT,23991,15,1,3,19
DEFAULT,16507,16,2,0,18
DEFAULT,8504,14,1,3,18
DEFAULT,20227,15,2,3,20
DEFAULT,4337,16,2,3,21
DEFAULT,7667,15,2,3,20
DEFAULT,26595,12,2,2,16
STINGY,1490,3,1,1,5
STINGY,2319,0,0,2,2
DEFAULT,5929,15,1,2,18
STINGY,1161,6,1,0,7
DEFAULT,22264,16,1,2,19
DEFAULT,3951,18,1,4,23
DEFAULT,5075,14,2,2,18
DEFAULT,17272,16,2,2,20
DEFAULT,6495,16,2,3,21
DEFAULT,5317,15,1,4,20
DEFAULT,3854,18,2,2,22
DEFAULT,15073,15,1,2,18
DEFAULT,5481,16,2,3,21
DEFAULT,5476,16,2,4,22
STINGY,1142,1,0,0,1
DEFAULT,6204,16,2,3,21
STINGY,1201,4,0,0,4
DEFAULT,26284,15,1,3,19
DEFAULT,4162,14,1,4,19
DEFAULT,7351,13,2,2,17
DEFAULT,14295,16,2,3,21
DEFAULT,30280,16,2,2,20
DEFAULT,21907,15,2,2,19
DEFAULT,5049,18,1,1,20
DEFAULT,13509,16,0,3,19
DEFAULT,8970,15,0,4,19
STINGY,1417,6,1,1,8
DEFAULT,6027,16,2,3,21
DEFAULT,6736,14,1,4,19
DEFAULT,3417,16,2,4,22
DEFAULT,12247,17,1,3,21
DEFAULT,9147,15,2,3,20
DEFAULT,2799,11,0,2,13
DEFAULT,7337,17,2,4,23
DEFAULT,8454,15,2,2,19
DEFAULT,6950,18,2,2,22
DEFAULT,32440,15,1,2,18
STINGY,1430,3,0,0,3
DEFAULT,8930,17,1,3,21
STINGY,2011,5,0,0,5
STINGY,1884,0,0,0,0
DEFAULT,8099,18,2,3,23
DEFAULT,3970,15,1,3,19
DEFAULT,4758,14,1,4,19
DEFAULT,3304,19,2,3,24
DEFAULT,7867,16,2,4,22
STINGY,1611,6,1,3,10
STINGY,1108,4,1,1,6
DEFAULT,8146,15,2,3,20
DEFAULT,9401,16,2,2,20
DEFAULT,16051,13,1,3,17
DEFAULT,23193,15,2,2,19
STINGY,930,6,0,3,9
DEFAULT,8024,16,2,3,21
STINGY,1403,2,1,2,5
STINGY,1908,5,0,1,6
STINGY,1619,2,1,1,4
STINGY,2004,4,1,1,6
DEFAULT,4680,17,1,4,22
DEFAULT,9258,14,2,4,20
DEFAULT,12110,14,1,3,18
DEFAULT,9618,15,1,1,17
DEFAULT,10618,16,2,2,20
DEFAULT,1390,3,2,2,7
DEFAULT,29438,12,0,3,15
DEFAULT,5479,17,1,3,21
DEFAULT,28738,14,1,4,19
DEFAULT,6912,16,2,3,21
DEFAULT,16930,13,2,3,18
STINGY,1333,3,0,0,3
DEFAULT,4360,15,1,4,20
DEFAULT,3668,13,2,4,19
STINGY,49560,12,1,0,13
DEFAULT,5643,14,1,4,19
DEFAULT,11759,16,2,3,21
STINGY,918,5,1,0,6
DEFAULT,4686,15,1,4,20
DEFAULT,9580,16,2,3,21
STINGY,1720,2,0,0,2
STINGY,2830,7,0,3,10
DEFAULT,4447,14,1,4,19
DEFAULT,9062,16,0,3,19
DEFAULT,7453,17,2,2,21
STINGY,2736,1,0,0,1
DEFAULT,6715,17,1,3,21
DEFAULT,11312,17,1,3,21
DEFAULT,14391,13,2,2,17
DEFAULT,11478,15,1,3,19
DEFAULT,21272,15,1,2,18
DEFAULT,13583,16,0,3,19
STINGY,1869,0,0,0,0
DEFAULT,9812,17,1,2,20
DEFAULT,45105,12,2,2,16
DEFAULT,3071,13,1,4,18
DEFAULT,5369,12,1,3,16
DEFAULT,6998,14,2,4,20
DEFAULT,3033,17,1,3,21
DEFAULT,10841,16,2,2,20
STINGY,1737,3,0,1,4
STINGY,1413,4,0,0,4
STINGY,1237,1,1,2,4
DEFAULT,3731,13,1,2,16
STINGY,2426,6,1,2,9
STINGY,1686,2,0,0,2
DEFAULT,11969,15,2,3,20
STINGY,9520,8,1,3,12
DEFAULT,7011,15,2,2,19
DEFAULT,19136,19,1,2,22
DEFAULT,7157,14,2,3,19
DEFAULT,8118,18,2,3,23
DEFAULT,5703,15,1,2,18
STINGY,1083,7,0,1,8
DEFAULT,22491,15,2,1,18
STINGY,2307,4,0,0,4
DEFAULT,21153,15,1,3,19
DEFAULT,9991,18,2,2,22
DEFAULT,5574,19,2,4,25
DEFAULT,10781,18,2,4,24
DEFAULT,4093,15,1,4,20
DEFAULT,3373,14,2,3,19
DEFAULT,9892,19,1,2,22
STINGY,1250,0,1,0,1
DEFAULT,2206,16,1,4,21
STINGY,1651,2,0,0,2
DEFAULT,5633,15,2,2,19
STINGY,1961,1,0,0,1
STINGY,1634,3,0,0,3
DEFAULT,7952,13,2,2,17
STINGY,2427,0,0,0,0
DEFAULT,3454,20,2,3,25
DEFAULT,9183,14,0,4,18
DEFAULT,16550,15,2,3,20
DEFAULT,1654,14,2,4,20
DEFAULT,7783,15,2,2,19
DEFAULT,6635,18,2,3,23
STINGY,1320,4,1,0,5
DEFAULT,6927,16,0,2,18
DEFAULT,4986,10,1,4,15
STINGY,1283,2,1,1,4
STINGY,1812,6,1,1,8
DEFAULT,83561,16,1,1,18
DEFAULT,9060,15,2,4,21
DEFAULT,16818,17,1,1,19
STINGY,1978,4,0,0,4
DEFAULT,19098,16,2,3,21
STINGY,60956,9,1,1,11
DEFAULT,16960,16,2,2,20
DEFAULT,19877,12,1,2,15
STINGY,938,5,1,2,8
STINGY,434,5,0,1,6
DEFAULT,17888,16,1,3,20
DEFAULT,4560,16,0,4,20
DEFAULT,13856,17,1,2,20
DEFAULT,11911,17,1,3,21
STINGY,868,4,1,0,5
DEFAULT,4852,12,1,3,16
DEFAULT,5248,13,1,4,18
DEFAULT,4462,14,1,1,16
DEFAULT,6276,15,0,3,18
DEFAULT,8065,17,1,3,21
DEFAULT,2152,14,2,4,20
DEFAULT,20108,15,2,2,19
DEFAULT,5600,17,1,2,20
DEFAULT,30011,13,1,3,17
DEFAULT,4796,16,2,3,21
DEFAULT,3117,18,1,1,20
DEFAULT,7903,18,1,2,21
DEFAULT,7503,16,2,3,21
STINGY,1793,4,0,0,4
DEFAULT,12703,16,2,3,21
DEFAULT,8432,16,2,3,21
DEFAULT,6021,19,2,3,24
STINGY,970,5,0,2,7
DEFAULT,11283,17,2,2,21
DEFAULT,28298,13,1,1,15
DEFAULT,4015,14,2,2,18
DEFAULT,18614,14,2,4,20
DEFAULT,10706,15,1,3,19
STINGY,1598,3,0,1,4
DEFAULT,6601,13,2,4,19
DEFAULT,8340,18,1,3,22
DEFAULT,8081,19,2,1,22
DEFAULT,9061,15,2,2,19
STINGY,1225,5,0,2,7
DEFAULT,8219,16,2,2,20
DEFAULT,7004,16,1,3,20
DEFAULT,4531,18,1,4,23
STINGY,2027,5,1,1,7
STINGY,1315,1,0,2,3
DEFAULT,6948,17,1,1,19
DEFAULT,26651,12,0,2,14
DEFAULT,14221,16,1,3,20
STINGY,1333,4,0,4,8
DEFAULT,9654,18,1,3,22
DEFAULT,6486,12,2,2,16
DEFAULT,4745,18,0,2,20
DEFAULT,8300,16,1,3,20
DEFAULT,26453,17,1,2,20
STINGY,1643,1,0,0,1
STINGY,1417,2,0,1,3
DEFAULT,4871,15,2,4,21
STINGY,1528,4,0,0,4
DEFAULT,15437,16,1,2,19
STINGY,1371,6,0,2,8
DEFAULT,12212,16,1,2,19
DEFAULT,14258,15,2,3,20
STINGY,966,4,0,1,5
STINGY,832,4,1,1,6
DEFAULT,18949,16,1,2,19
DEFAULT,4491,11,1,3,15
DEFAULT,14995,13,2,1,16
STINGY,2491,4,2,0,6
DEFAULT,5874,18,0,2,20
DEFAULT,7547,16,1,4,21
DEFAULT,8278,13,2,4,19
DEFAULT,4851,11,2,2,15
STINGY,1958,4,0,0,4
DEFAULT,21894,11,1,4,16
DEFAULT,16409,15,2,2,19
STINGY,1566,2,0,1,3
DEFAULT,7562,19,2,2,23
DEFAULT,39799,16,1,1,18
DEFAULT,7952,16,0,2,18
DEFAULT,9878,15,2,3,20
DEFAULT,12388,18,1,3,22
DEFAULT,7180,17,2,3,22
STINGY,1672,2,1,1,4
STINGY,2186,2,0,1,3
DEFAULT,5391,19,1,3,23
DEFAULT,14332,16,2,2,20
DEFAULT,4535,10,1,4,15
DEFAULT,14409,14,2,4,20
DEFAULT,6335,17,2,3,22
STINGY,2005,1,0,0,1
DEFAULT,5693,17,1,4,22
DEFAULT,13285,15,0,4,19
DEFAULT,8234,17,1,2,20
DEFAULT,6979,13,2,4,19
DEFAULT,5456,12,2,4,18
DEFAULT,9581,20,0,3,23
STINGY,1276,4,0,0,4
STINGY,2278,2,1,1,4
STINGY,1467,5,0,0,5
DEFAULT,7879,18,1,3,22
DEFAULT,24779,14,2,3,19
DEFAULT,26240,17,2,2,21
DEFAULT,13201,13,1,1,15
STINGY,686,6,1,2,9
DEFAULT,6837,15,1,4,20
DEFAULT,9014,15,2,2,19
STINGY,1548,1,0,2,3
DEFAULT,9884,14,1,4,19
DEFAULT,7458,19,1,3,23
DEFAULT,5143,17,1,4,22
DEFAULT,5865,15,1,2,18
DEFAULT,4369,13,2,4,19
DEFAULT,8508,16,2,4,22
STINGY,1315,5,1,1,7
DEFAULT,11358,19,0,4,23
DEFAULT,21741,15,2,1,18
STINGY,67037,10,0,2,12
STINGY,1486,2,0,0,2
DEFAULT,14580,15,1,2,18
STINGY,1031,4,0,1,5
DEFAULT,10947,16,1,3,20
STINGY,1185,3,0,0,3
DEFAULT,3661,16,2,3,21
DEFAULT,12451,16,1,3,20
STINGY,1476,2,0,0,2
DEFAULT,6208,15,1,3,19
DEFAULT,13136,17,2,1,20
STINGY,950,2,1,1,4
DEFAULT,6473,16,0,3,19
DEFAULT,9055,15,1,1,17
STINGY,1625,4,1,1,6
DEFAULT,23321,14,1,3,18
DEFAULT,9847,15,2,2,19
DEFAULT,25142,15,2,4,21
DEFAULT,6545,15,1,3,19
STINGY,780,5,0,1,6
DEFAULT,13742,15,2,2,19
DEFAULT,14630,16,1,2,19
DEFAULT,5610,14,2,4,20
DEFAULT,21684,14,1,4,19
DEFAULT,6436,15,2,3,20
STINGY,1936,2,0,0,2
STINGY,1169,6,0,2,8
STINGY,2013,4,1,0,5
DEFAULT,17583,16,1,3,20
DEFAULT,5516,15,1,4,20
DEFAULT,7409,17,2,3,22
DEFAULT,14370,16,2,1,19
DEFAULT,2944,12,1,3,16
DEFAULT,40472,12,2,3,17
STINGY,758,5,0,1,6
DEFAULT,8196,16,1,3,20
DEFAULT,12619,13,2,4,19
DEFAULT,6062,14,1,4,19
DEFAULT,22782,17,2,1,20
DEFAULT,12435,14,2,3,19
DEFAULT,8979,17,1,2,20
DEFAULT,9523,19,2,3,24
DEFAULT,10503,16,2,4,22
DEFAULT,16726,16,2,3,21
DEFAULT,3106,13,1,3,17
DEFAULT,21261,13,2,3,18
DEFAULT,11512,14,1,3,18
DEFAULT,5532,13,2,3,18
DEFAULT,12717,13,1,4,18
STINGY,1431,3,1,0,4
DEFAULT,19886,14,2,2,18
DEFAULT,2983,13,0,3,16
DEFAULT,10410,18,1,3,22
DEFAULT,15775,16,0,1,17
DEFAULT,7238,18,1,4,23
DEFAULT,3584,13,2,3,18
DEFAULT,6817,19,2,3,24
DEFAULT,7229,16,2,3,21
DEFAULT,4275,17,0,3,20
STINGY,1327,3,1,1,5
STINGY,1962,7,0,0,7
DEFAULT,9935,18,1,3,22
DEFAULT,5558,15,2,2,19
DEFAULT,22511,16,1,2,19
DEFAULT,8494,17,1,3,21
DEFAULT,13785,18,1,2,21
DEFAULT,23310,16,2,2,20
STINGY,1477,1,0,0,1
DEFAULT,29577,15,1,2,18
STINGY,993,4,0,0,4
DEFAULT,18820,13,2,3,18
DEFAULT,5540,13,2,3,18
DEFAULT,11915,14,1,4,19
DEFAULT,5708,13,1,2,16
DEFAULT,11880,15,2,4,21
DEFAULT,14032,16,2,3,21
DEFAULT,10175,16,1,4,21
STINGY,2125,6,2,2,10
DEFAULT,38043,13,1,2,16
STINGY,1946,8,1,0,9
DEFAULT,6702,13,2,4,19
DEFAULT,7079,15,1,3,19
STINGY,2378,2,1,0,3
DEFAULT,2155,15,1,2,18
DEFAULT,8553,15,1,3,19
DEFAULT,13910,16,0,2,18
DEFAULT,24038,17,1,3,21
STINGY,2087,6,0,0,6
DEFAULT,35907,14,2,3,19
STINGY,1211,1,0,1,2
DEFAULT,5944,14,1,4,19
DEFAULT,21681,15,0,1,16
DEFAULT,6749,18,2,3,23
DEFAULT,6934,18,2,4,24
DEFAULT,8731,18,2,3,23
DEFAULT,3035,14,0,4,18
STINGY,20338,12,2,3,17
STINGY,1793,1,0,1,2
STINGY,1477,3,0,3,6
DEFAULT,73388,13,2,2,17
STINGY,2170,3,0,0,3
DEFAULT,20227,18,2,3,23
DEFAULT,3216,16,2,4,22
DEFAULT,8658,13,0,4,17
STINGY,915,5,0,2,7
DEFAULT,5865,17,2,4,23
DEFAULT,10136,16,1,4,21
DEFAULT,10466,16,1,3,20
DEFAULT,10210,16,1,3,20
DEFAULT,10257,15,2,3,20
DEFAULT,2985,13,2,3,18
DEFAULT,7268,11,2,4,17
DEFAULT,6173,13,2,4,19
DEFAULT,9848,18,2,2,22
DEFAULT,11315,12,1,4,17
DEFAULT,7434,12,2,3,17
DEFAULT,8981,17,2,3,22
DEFAULT,7264,17,2,2,21
STINGY,1094,4,0,0,4
STINGY,2150,4,0,0,4
STINGY,1020,2,0,2,4
STINGY,1673,2,1,0,3
DEFAULT,12219,17,2,2,21
STINGY,1537,5,0,1,6
DEFAULT,11680,16,1,4,21
STINGY,1757,2,0,0,2
DEFAULT,25074,17,1,2,20
DEFAULT,8403,16,2,3,21
DEFAULT,6123,15,2,3,20
DEFAULT,6765,17,1,3,21
DEFAULT,17827,16,1,2,19
DEFAULT,5553,13,2,1,16
DEFAULT,20678,15,1,4,20
DEFAULT,6614,21,2,3,26
DEFAULT,6765,21,2,4,27
DEFAULT,4646,14,2,3,19
STINGY,2028,2,1,1,4
STINGY,2095,5,1,1,7
STINGY,2663,4,0,1,5
DEFAULT,15173,14,2,2,18
DEFAULT,21765,16,1,3,20
DEFAULT,11720,15,2,3,20
DEFAULT,5085,15,2,4,21
DEFAULT,11135,14,2,3,19
DEFAULT,8074,15,1,4,20
DEFAULT,85396,15,0,2,17
DEFAULT,13203,17,2,2,21
STINGY,1648,3,0,0,3
DEFAULT,9125,15,2,2,19
DEFAULT,1284,17,2,2,21
DEFAULT,11167,17,1,2,20
DEFAULT,2879,11,1,4,16
DEFAULT,6676,14,2,4,20
STINGY,1728,1,0,0,1
DEFAULT,5220,13,1,4,18
DEFAULT,6398,19,1,3,23
DEFAULT,10840,20,1,4,25
STINGY,1795,3,0,2,5
DEFAULT,12338,16,2,2,20
DEFAULT,5312,15,2,3,20
DEFAULT,5182,20,1,3,24
STINGY,1717,3,0,0,3
STINGY,1313,1,0,1,2
DEFAULT,12147,17,1,2,20
DEFAULT,5089,16,0,3,19
DEFAULT,14293,16,1,2,19
DEFAULT,45754,14,2,1,17
DEFAULT,3733,14,2,2,18
STINGY,10513,7,0,0,7
DEFAULT,11567,17,1,2,20
DEFAULT,3233,11,1,4,16
STINGY,1496,1,1,0,2
DEFAULT,7923,13,2,3,18
DEFAULT,10369,15,0,2,17
DEFAULT,5237,10,2,4,16
DEFAULT,13554,16,1,3,20
STINGY,1559,2,0,0,2
DEFAULT,1518,14,1,4,19
DEFAULT,16333,14,2,3,19
DEFAULT,6775,12,2,4,18
DEFAULT,9614,12,2,4,18
DEFAULT,11193,16,2,2,20
STINGY,1073,4,1,0,5
DEFAULT,17935,16,1,3,20
DEFAULT,5871,13,2,2,17
STINGY,8825,12,0,3,15
STINGY,2213,9,0,1,10
DEFAULT,12726,17,1,2,20
DEFAULT,7531,14,1,4,19
DEFAULT,6649,16,2,4,22
DEFAULT,1248,5,0,3,8
DEFAULT,8971,17,1,3,21
DEFAULT,8161,17,1,3,21
DEFAULT,4974,13,0,4,17
DEFAULT,14543,15,2,2,19
DEFAULT,6753,15,1,4,20
DEFAULT,13506,17,1,2,20
DEFAULT,11522,18,2,3,23
STINGY,1178,3,0,2,5
DEFAULT,3631,11,1,4,16
STINGY,1915,2,0,0,2
DEFAULT,4199,17,1,1,19
DEFAULT,10124,15,0,3,18
DEFAULT,5458,17,1,4,22
DEFAULT,16406,15,2,3,20
STINGY,1735,4,0,1,5
DEFAULT,6588,16,1,2,19
DEFAULT,5644,16,2,4,22
DEFAULT,4015,18,1,3,22
DEFAULT,11425,17,1,3,21
DEFAULT,55786,13,2,3,18
DEFAULT,3220,16,1,3,20
DEFAULT,23850,15,2,3,20
DEFAULT,34485,12,1,3,16
DEFAULT,2382,11,2,3,16
DEFAULT,10626,15,1,4,20
DEFAULT,21238,14,2,1,17
STINGY,959,4,1,1,6
DEFAULT,6493,13,1,2,16
DEFAULT,9462,16,2,3,21
DEFAULT,20075,14,1,2,17
STINGY,1473,4,0,2,6
STINGY,89323,9,2,0,11
DEFAULT,7901,14,2,3,19
DEFAULT,8967,15,2,3,20
STINGY,1669,4,0,0,4
DEFAULT,9437,13,1,3,17
DEFAULT,5830,17,1,4,22
DEFAULT,2924,15,1,4,20
DEFAULT,46674,13,1,3,17
DEFAULT,10236,16,2,3,21
DEFAULT,4896,16,1,4,21
DEFAULT,1431,6,1,4,11
DEFAULT,10774,12,2,1,15
DEFAULT,7181,17,1,3,21
DEFAULT,12177,15,2,3,20
DEFAULT,10375,12,2,4,18
DEFAULT,10252,16,1,2,19
DEFAULT,8504,16,1,2,19
DEFAULT,9948,19,1,3,23
DEFAULT,16319,13,0,4,17
DEFAULT,3610,16,0,4,20
DEFAULT,13848,17,1,2,20
DEFAULT,7950,18,1,3,22
DEFAULT,16212,14,2,2,18
DEFAULT,4875,17,2,2,21
STINGY,438,4,0,1,5
DEFAULT,27694,15,2,2,19
STINGY,1589,2,1,4,7
DEFAULT,24824,16,2,2,20
DEFAULT,23654,13,2,2,17
DEFAULT,6144,13,1,2,16
DEFAULT,10549,15,2,3,20
DEFAULT,6633,17,2,3,22
DEFAULT,7001,15,1,3,19
DEFAULT,4880,14,0,4,18
DEFAULT,9192,19,1,3,23
DEFAULT,18919,14,0,2,16
DEFAULT,55459,14,2,2,18
DEFAULT,11403,17,1,3,21
DEFAULT,2835,12,2,4,18
DEFAULT,14012,17,1,2,20
DEFAULT,9277,15,1,2,18
STINGY,86088,7,0,1,8
DEFAULT,2305,12,1,3,16
DEFAULT,7429,17,0,3,20
DEFAULT,7875,14,1,4,19
DEFAULT,4796,14,2,3,19
DEFAULT,5221,15,1,3,19
DEFAULT,11638,15,2,3,20
DEFAULT,11312,14,2,2,18
DEFAULT,5621,16,2,2,20
DEFAULT,12275,16,2,2,20
DEFAULT,11057,14,1,2,17
DEFAULT,9573,18,2,3,23
DEFAULT,4894,16,2,3,21
DEFAULT,8744,16,1,3,20
DEFAULT,8825,16,2,2,20
STINGY,2136,1,1,0,2
DEFAULT,4335,16,2,4,22
DEFAULT,20087,15,0,4,19
STINGY,1656,1,1,3,5
DEFAULT,9620,16,2,4,22
DEFAULT,11258,15,2,2,19
DEFAULT,5159,15,2,3,20
DEFAULT,9178,17,2,2,21
DEFAULT,14383,17,1,3,21
DEFAULT,6113,15,2,3,20
DEFAULT,18230,13,1,3,17
STINGY,1631,2,0,0,2
DEFAULT,9964,16,1,3,20
DEFAULT,10462,16,1,3,20
DEFAULT,1433,11,0,4,15
DEFAULT,7671,17,2,3,22
DEFAULT,6704,13,1,2,16
DEFAULT,8692,15,1,3,19
DEFAULT,2884,16,2,3,21
STINGY,1448,4,1,0,5
DEFAULT,2886,14,2,4,20
STINGY,1604,2,0,0,2
DEFAULT,21093,14,1,3,18
DEFAULT,5534,15,2,1,18
STINGY,1439,4,0,1,5
DEFAULT,11617,16,2,3,21
DEFAULT,4921,16,2,2,20
DEFAULT,8727,15,1,4,20
DEFAULT,3501,12,2,2,16
DEFAULT,14774,16,2,3,21
DEFAULT,11154,17,2,3,22
DEFAULT,11989,18,1,2,21
DEFAULT,11747,13,2,1,16
DEFAULT,8630,16,0,2,18
DEFAULT,10088,17,2,1,20
DEFAULT,30332,16,1,3,20
STINGY,797,3,0,1,4
DEFAULT,7654,18,1,3,22
DEFAULT,11984,18,2,2,22
STINGY,1063,3,0,1,4
DEFAULT,8290,17,2,4,23
DEFAULT,18341,12,2,2,16
DEFAULT,10349,18,2,4,24
DEFAULT,9639,15,1,3,19
DEFAULT,11342,17,1,2,20
STINGY,1505,3,2,1,6
DEFAULT,4303,16,0,3,19
DEFAULT,3149,18,2,3,23
DEFAULT,12604,14,1,3,18
STINGY,1403,6,0,0,6
DEFAULT,9911,17,2,4,23
DEFAULT,5654,16,0,4,20
STINGY,1503,1,1,1,3
DEFAULT,6952,17,1,3,21
STINGY,2124,0,0,0,0
DEFAULT,9940,17,2,3,22
DEFAULT,14904,16,1,3,20
STINGY,1989,1,0,0,1
DEFAULT,3503,13,2,2,17
STINGY,1748,0,0,0,0
DEFAULT,24798,16,1,2,19
DEFAULT,4631,14,2,3,19
DEFAULT,2994,15,2,3,20
DEFAULT,8298,14,1,1,16
DEFAULT,5853,13,2,2,17
DEFAULT,7662,14,1,4,19
STINGY,1340,1,0,0,1
DEFAULT,7865,14,2,3,19
DEFAULT,41507,11,1,2,14
STINGY,1687,3,0,0,3
DEFAULT,10537,13,2,3,18
DEFAULT,12532,17,2,2,21
STINGY,39768,6,0,3,9
DEFAULT,7328,18,1,3,22
DEFAULT,6642,15,1,4,20
DEFAULT,68289,14,2,2,18
DEFAULT,18676,14,2,3,19
STINGY,1401,2,0,2,4
DEFAULT,3892,12,2,4,18
DEFAULT,5975,16,1,3,20
DEFAULT,8357,17,1,3,21
DEFAULT,19294,15,2,3,20
DEFAULT,4492,13,1,3,17
DEFAULT,11502,14,1,2,17
DEFAULT,8041,15,1,0,16
DEFAULT,1954,13,0,4,17
DEFAULT,56753,12,1,2,15
DEFAULT,10619,13,2,4,19
DEFAULT,11438,16,2,4,22
DEFAULT,9060,17,2,2,21
DEFAULT,2998,16,2,3,21
DEFAULT,6456,17,2,2,21
DEFAULT,12520,15,2,2,19
DEFAULT,7212,16,2,3,21
DEFAULT,1699,13,1,4,18
DEFAULT,16561,15,1,3,19
DEFAULT,5518,15,1,4,20
DEFAULT,6391,20,2,3,25
STINGY,1524,3,2,0,5
DEFAULT,2027,11,1,4,16
DEFAULT,3226,18,1,4,23
DEFAULT,10099,16,1,3,20
DEFAULT,14539,14,1,3,18
DEFAULT,6496,15,1,4,20
DEFAULT,9109,16,2,4,22
DEFAULT,8261,16,2,3,21
DEFAULT,7192,15,1,2,18
DEFAULT,21643,15,1,3,19
DEFAULT,12943,17,1,4,22
DEFAULT,8248,13,2,2,17
STINGY,1375,3,0,0,3
DEFAULT,2371,16,0,4,20
DEFAULT,15055,16,1,2,19
DEFAULT,12439,17,1,3,21
DEFAULT,12407,15,1,3,19
DEFAULT,11222,15,2,2,19
STINGY,1361,3,0,1,4
DEFAULT,4504,12,1,3,16
DEFAULT,6147,17,1,4,22
DEFAULT,11140,13,1,4,18
STINGY,1392,3,0,0,3
STINGY,1173,6,0,0,6
STINGY,12456,7,0,2,9
DEFAULT,6667,14,2,3,19
DEFAULT,9815,16,2,3,21
DEFAULT,12487,15,2,3,20
STINGY,2179,4,1,3,8
DEFAULT,10505,18,2,2,22
DEFAULT,13784,15,2,2,19
DEFAULT,6849,17,2,3,22
DEFAULT,5479,18,2,3,23
DEFAULT,6721,15,1,4,20
DEFAULT,39890,14,1,3,18
DEFAULT,1569,11,2,4,17
DEFAULT,8548,17,2,2,21
STINGY,2132,2,0,0,2
DEFAULT,3307,14,2,4,20
DEFAULT,5455,13,0,2,15
DEFAULT,2366,16,0,3,19
DEFAULT,2530,14,2,3,19
STINGY,2207,3,1,1,5
STINGY,1125,6,1,1,8
DEFAULT,9578,17,1,1,19
DEFAULT,1907,16,2,4,22
DEFAULT,4558,18,2,3,23
DEFAULT,9048,19,1,3,23
DEFAULT,2694,19,2,4,25
STINGY,11244,9,1,0,10
DEFAULT,6514,15,1,2,18
STINGY,19021,8,0,3,11
DEFAULT,30656,16,2,3,21
STINGY,682,4,0,1,5
DEFAULT,7796,15,1,3,19
DEFAULT,25254,15,1,3,19
STINGY,727,6,0,1,7
DEFAULT,20785,14,0,4,18
DEFAULT,18965,17,1,3,21
DEFAULT,7822,17,1,2,20
DEFAULT,7121,13,1,4,18
DEFAULT,15830,14,1,3,18
DEFAULT,3761,19,2,2,23
DEFAULT,12785,17,1,2,20
DEFAULT,3236,13,1,4,18
DEFAULT,7385,18,2,3,23
DEFAULT,8636,15,2,3,20
DEFAULT,6457,16,1,2,19
DEFAULT,19922,16,2,2,20
DEFAULT,12912,16,2,1,19
DEFAULT,1282,10,0,3,13
DEFAULT,21600,16,1,2,19
STINGY,1416,2,0,1,3
STINGY,1000,3,0,0,3
DEFAULT,11635,16,2,3,21
DEFAULT,10610,16,2,3,21
DEFAULT,13142,17,2,2,21
DEFAULT,23454,16,2,2,20
DEFAULT,36967,14,1,3,18
DEFAULT,2140,13,2,3,18
DEFAULT,4516,18,2,2,22
DEFAULT,6861,19,2,3,24
DEFAULT,22442,17,1,1,19
DEFAULT,34954,10,1,4,15
STINGY,1126,3,1,1,5
DEFAULT,17403,13,1,3,17
DEFAULT,7860,17,2,3,22
DEFAULT,7733,16,1,3,20
DEFAULT,8873,16,1,4,21
DEFAULT,4160,13,1,4,18
STINGY,1606,4,0,0,4
DEFAULT,7273,18,1,2,21
DEFAULT,11362,14,1,4,19
DEFAULT,10427,17,1,2,20
DEFAULT,5931,16,2,3,21
DEFAULT,6580,14,0,4,18
DEFAULT,9127,15,1,4,20
DEFAULT,9493,12,1,3,16
STINGY,1733,5,0,1,6
DEFAULT,9809,15,1,2,18
STINGY,1544,5,0,3,8
DEFAULT,9171,17,1,2,20
STINGY,1301,4,1,2,7
DEFAULT,6337,15,2,3,20
DEFAULT,15698,16,1,3,20
DEFAULT,23250,16,1,2,19
DEFAULT,21023,17,2,2,21
DEFAULT,5730,18,2,3,23
DEFAULT,20609,14,1,3,18
DEFAULT,67994,14,1,1,16
DEFAULT,25355,15,1,2,18
STINGY,1088,6,0,2,8
DEFAULT,10238,16,2,1,19
STINGY,2249,1,1,1,3
STINGY,934,2,0,1,3
STINGY,529,7,0,0,7
DEFAULT,6945,15,0,2,17
DEFAULT,44873,12,2,3,17
DEFAULT,8149,14,1,2,17
DEFAULT,19929,17,0,3,20
DEFAULT,10573,19,1,2,22
DEFAULT,2253,9,1,4,14
DEFAULT,11615,16,1,3,20
DEFAULT,16885,16,1,3,20
STINGY,1385,1,0,0,1
STINGY,1411,3,1,1,5
DEFAULT,31067,14,2,2,18
DEFAULT,16988,16,1,0,17
DEFAULT,6819,15,2,4,21
DEFAULT,13958,17,2,1,20
DEFAULT,32083,15,2,2,19
DEFAULT,15623,16,0,3,19
DEFAULT,6964,16,2,3,21
STINGY,1528,1,0,0,1
DEFAULT,7178,17,1,3,21
DEFAULT,16219,14,1,3,18
STINGY,1772,1,0,0,1
DEFAULT,25386,12,1,3,16
STINGY,38958,10,2,2,14
STINGY,88899,12,2,0,14
DEFAULT,6693,17,1,2,20
STINGY,915,5,0,0,5
STINGY,1180,3,0,0,3
DEFAULT,17549,17,1,2,20
DEFAULT,10396,19,2,3,24
DEFAULT,10816,14,2,2,18
DEFAULT,2998,11,1,4,16
STINGY,2006,2,2,0,4
DEFAULT,8661,14,2,3,19
DEFAULT,8891,13,2,3,18
DEFAULT,25410,13,1,1,15
DEFAULT,7478,16,1,4,21
DEFAULT,18846,17,2,3,22
DEFAULT,7297,17,1,3,21
DEFAULT,19977,13,1,3,17
DEFAULT,15993,13,2,3,18
STINGY,1120,4,0,3,7
DEFAULT,1393,14,2,4,20
DEFAULT,5230,13,1,3,17
STINGY,2260,4,1,4,9
DEFAULT,11503,17,1,3,21
DEFAULT,9342,16,1,4,21
DEFAULT,5630,15,0,4,19
DEFAULT,21787,11,1,3,15
DEFAULT,4214,15,2,3,20
DEFAULT,9362,17,2,2,21
DEFAULT,11400,15,2,3,20
DEFAULT,8782,16,2,4,22
STINGY,1654,3,0,0,3
DEFAULT,7743,19,1,2,22
DEFAULT,14230,14,1,3,18
DEFAULT,3761,13,2,4,19
DEFAULT,8051,14,1,3,18
STINGY,1490,1,1,1,3
STINGY,2038,1,1,0,2
STINGY,1750,2,0,0,2
DEFAULT,82531,13,1,0,14
DEFAULT,37098,13,2,1,16
DEFAULT,9318,18,2,1,21
STINGY,1091,4,1,0,5
DEFAULT,7746,15,2,3,20
STINGY,1166,1,1,1,3
