strategy,money,countries,utilities,stations,totalLandsOwned
STATION_GUY,596,6,0,3,9
UTILITY_GUY,514,5,1,3,9
STATION_GUY,14766,13,0,2,15
STATION_GUY,11620,13,1,4,18
UTILITY_GUY,12665,9,1,1,11
STATION_GUY,816,2,0,3,5
STATION_GUY,21940,8,2,2,12
UTILITY_GUY,35114,15,1,1,17
UTILITY_GUY,21237,15,2,2,19
UTILITY_GUY,11515,10,2,2,14
UTILITY_GUY,8017,13,2,0,15
STATION_GUY,10090,13,0,2,15
STATION_GUY,88792,11,1,3,15
UTILITY_GUY,1352,6,2,2,10
STATION_GUY,17858,12,1,2,15
STATION_GUY,678,7,0,4,11
STATION_GUY,10661,13,1,2,16
STATION_GUY,4511,10,1,4,15
UTILITY_GUY,11047,11,2,1,14
UTILITY_GUY,15578,12,2,1,15
UTILITY_GUY,1473,9,2,3,14
STATION_GUY,10715,12,0,2,14
STATION_GUY,7581,14,0,4,18
STATION_GUY,214,7,0,3,10
UTILITY_GUY,180,9,1,1,11
STATION_GUY,13569,14,1,2,17
UTILITY_GUY,6330,15,1,3,19
STATION_GUY,21817,13,1,2,16
UTILITY_GUY,1971,11,2,3,16
STATION_GUY,506,7,0,3,10
STATION_GUY,1019,5,0,3,8
UTILITY_GUY,9079,13,0,1,14
UTILITY_GUY,10360,12,2,0,14
UTILITY_GUY,29766,7,0,3,10
STATION_GUY,27074,12,0,2,14
STATION_GUY,19658,10,1,2,13
STATION_GUY,1484,6,0,2,8
UTILITY_GUY,26605,13,1,1,15
STATION_GUY,1415,7,0,4,11
STATION_GUY,2884,11,1,4,16
STATION_GUY,8483,14,1,1,16
UTILITY_GUY,666,4,2,0,6
UTILITY_GUY,37172,11,2,0,13
UTILITY_GUY,11269,13,1,1,15
STATION_GUY,965,5,0,3,8
UTILITY_GUY,24012,11,1,1,13
STATION_GUY,4254,10,1,2,13
STATION_GUY,2827,11,1,3,15
STATION_GUY,10303,10,0,4,14
UTILITY_GUY,39841,10,1,1,12
STATION_GUY,8369,11,1,4,16
STATION_GUY,3367,10,1,4,15
UTILITY_GUY,10664,12,2,0,14
UTILITY_GUY,3234,11,2,3,16
UTILITY_GUY,10710,14,1,2,17
STATION_GUY,11953,12,0,2,14
STATION_GUY,12253,12,1,3,16
UTILITY_GUY,918,3,0,1,4
STATION_GUY,13185,7,2,3,12
STATION_GUY,1507,10,0,3,13
UTILITY_GUY,7092,14,2,1,17
STATION_GUY,6165,11,2,3,16
STATION_GUY,2572,8,0,4,12
UTILITY_GUY,6339,12,2,0,14
UTILITY_GUY,1286,8,1,0,9
UTILITY_GUY,79,9,0,0,9
UTILITY_GUY,2109,5,2,1,8
STATION_GUY,58838,13,1,3,17
STATION_GUY,16624,11,2,3,16
STATION_GUY,6370,10,1,3,14
UTILITY_GUY,13875,14,1,3,18
STATION_GUY,24199,11,0,2,13
STATION_GUY,1017,10,1,3,14
STATION_GUY,1817,9,1,4,14
UTILITY_GUY,16351,13,1,2,16
STATION_GUY,4669,9,2,4,15
STATION_GUY,4468,13,0,3,16
STATION_GUY,7255,12,0,3,15
STATION_GUY,23367,14,0,3,17
UTILITY_GUY,732,4,1,0,5
STATION_GUY,4910,12,0,3,15
STATION_GUY,12071,8,1,4,13
STATION_GUY,2128,5,0,3,8
UTILITY_GUY,21967,12,2,2,16
STATION_GUY,1468,7,0,3,10
UTILITY_GUY,22804,12,1,2,15
UTILITY_GUY,37191,12,1,1,14
UTILITY_GUY,19981,14,1,2,17
UTILITY_GUY,998,5,1,0,6
STATION_GUY,990,5,2,3,10
STATION_GUY,1398,4,1,1,6
STATION_GUY,1143,8,0,4,12
UTILITY_GUY,30872,14,1,1,16
STATION_GUY,13261,12,0,2,14
UTILITY_GUY,18540,9,2,1,12
UTILITY_GUY,7701,13,2,3,18
STATION_GUY,8019,12,0,3,15
STATION_GUY,8594,11,1,3,15
UTILITY_GUY,6001,12,1,2,15
UTILITY_GUY,7125,13,1,2,16
STATION_GUY,2851,9,0,4,13
STATION_GUY,37007,13,0,3,16
STATION_GUY,28616,11,0,3,14
UTILITY_GUY,18686,12,1,1,14
STATION_GUY,22024,13,1,4,18
STATION_GUY,26670,13,0,1,14
UTILITY_GUY,18053,7,2,2,11
UTILITY_GUY,1678,8,2,3,13
STATION_GUY,8469,14,1,3,18
UTILITY_GUY,8956,12,1,2,15
STATION_GUY,1624,5,1,3,9
STATION_GUY,29316,11,0,1,12
STATION_GUY,23894,12,0,2,14
STATION_GUY,14830,16,0,4,20
UTILITY_GUY,9933,12,2,3,17
UTILITY_GUY,7199,10,1,2,13
STATION_GUY,3022,11,1,4,16
STATION_GUY,31043,12,0,2,14
STATION_GUY,26982,14,0,2,16
STATION_GUY,2600,10,1,3,14
STATION_GUY,14658,12,0,3,15
STATION_GUY,4179,13,0,4,17
STATION_GUY,7884,14,0,3,17
STATION_GUY,39927,9,0,2,11
UTILITY_GUY,2006,13,2,3,18
UTILITY_GUY,9511,12,2,2,16
STATION_GUY,13547,11,1,3,15
UTILITY_GUY,6711,12,2,1,15
STATION_GUY,785,8,0,3,11
STATION_GUY,2760,9,0,4,13
UTILITY_GUY,11993,13,1,2,16
STATION_GUY,9159,12,2,4,18
STATION_GUY,1832,9,1,2,12
UTILITY_GUY,254,6,1,1,8
UTILITY_GUY,11341,12,1,2,15
STATION_GUY,12908,12,0,2,14
STATION_GUY,2063,9,2,3,14
STATION_GUY,776,6,0,1,7
STATION_GUY,18976,8,0,2,10
UTILITY_GUY,1263,6,2,3,11
UTILITY_GUY,650,7,1,0,8
UTILITY_GUY,7744,14,2,2,18
UTILITY_GUY,6133,11,1,2,14
STATION_GUY,1132,12,0,4,16
STATION_GUY,25759,8,1,3,12
STATION_GUY,20625,12,0,3,15
STATION_GUY,7864,15,0,3,18
STATION_GUY,1648,4,1,4,9
UTILITY_GUY,10124,13,2,1,16
UTILITY_GUY,8554,12,2,1,15
STATION_GUY,18138,13,1,2,16
UTILITY_GUY,14097,11,2,1,14
STATION_GUY,5555,8,0,2,10
STATION_GUY,1110,5,0,4,9
UTILITY_GUY,11780,15,2,2,19
STATION_GUY,18974,11,1,2,14
STATION_GUY,1182,6,0,4,10
UTILITY_GUY,20710,11,1,1,13
STATION_GUY,1990,7,1,4,12
STATION_GUY,27510,13,1,1,15
STATION_GUY,10000,13,1,3,17
UTILITY_GUY,811,4,2,1,7
UTILITY_GUY,34957,14,1,1,16
UTILITY_GUY,19823,12,1,3,16
STATION_GUY,621,7,0,3,10
STATION_GUY,16743,15,1,3,19
UTILITY_GUY,888,7,0,1,8
STATION_GUY,78396,12,0,2,14
STATION_GUY,11198,13,0,3,16
UTILITY_GUY,9919,11,1,2,14
STATION_GUY,15330,14,0,2,16
STATION_GUY,33673,13,0,2,15
STATION_GUY,3574,10,0,4,14
STATION_GUY,30733,12,0,3,15
UTILITY_GUY,15542,12,1,2,15
STATION_GUY,12370,13,2,3,18
UTILITY_GUY,8998,16,0,1,17
STATION_GUY,1146,7,1,3,11
STATION_GUY,29692,14,0,3,17
UTILITY_GUY,8422,11,1,2,14
STATION_GUY,1249,4,0,1,5
STATION_GUY,9752,12,0,2,14
STATION_GUY,6024,11,0,4,15
STATION_GUY,6122,14,1,2,17
UTILITY_GUY,855,7,2,3,12
UTILITY_GUY,17832,12,2,1,15
STATION_GUY,3344,10,0,4,14
UTILITY_GUY,234,5,1,2,8
STATION_GUY,1303,11,0,3,14
UTILITY_GUY,5172,10,1,2,13
STATION_GUY,886,7,1,3,11
STATION_GUY,1279,6,0,4,10
STATION_GUY,5101,12,0,2,14
STATION_GUY,5543,11,1,4,16
UTILITY_GUY,549,8,1,1,10
UTILITY_GUY,22591,12,1,2,15
UTILITY_GUY,2008,7,2,2,11
STATION_GUY,31335,11,1,3,15
UTILITY_GUY,5644,11,2,3,16
STATION_GUY,659,9,1,3,13
STATION_GUY,5984,12,1,4,17
STATION_GUY,9126,16,0,3,19
STATION_GUY,6152,14,0,3,17
STATION_GUY,934,5,0,2,7
UTILITY_GUY,45489,13,1,1,15
STATION_GUY,10854,11,1,4,16
STATION_GUY,4174,13,0,4,17
UTILITY_GUY,1685,7,2,2,11
STATION_GUY,962,5,0,1,6
STATION_GUY,63954,13,1,3,17
STATION_GUY,839,10,1,4,15
STATION_GUY,10365,13,2,3,18
STATION_GUY,1982,6,1,3,10
STATION_GUY,2071,5,1,3,9
UTILITY_GUY,45684,11,1,0,12
UTILITY_GUY,12496,16,0,3,19
STATION_GUY,2261,9,0,4,13
STATION_GUY,11655,13,0,3,16
STATION_GUY,5205,9,1,2,12
UTILITY_GUY,492,5,1,2,8
STATION_GUY,4378,13,1,2,16
UTILITY_GUY,236,7,1,1,9
UTILITY_GUY,1341,8,2,2,12
UTILITY_GUY,11475,11,1,1,13
STATION_GUY,3650,10,1,4,15
STATION_GUY,5844,10,1,2,13
UTILITY_GUY,785,4,1,0,5
STATION_GUY,594,4,1,4,9
STATION_GUY,5810,15,1,2,18
STATION_GUY,21037,14,0,2,16
STATION_GUY,1639,10,2,4,16
STATION_GUY,6223,15,1,2,18
STATION_GUY,2279,11,0,4,15
UTILITY_GUY,5809,10,2,1,13
UTILITY_GUY,1087,2,1,2,5
STATION_GUY,975,7,0,3,10
UTILITY_GUY,1435,6,2,3,11
UTILITY_GUY,12796,9,2,1,12
UTILITY_GUY,12955,12,0,1,13
STATION_GUY,733,3,0,0,3
STATION_GUY,4813,11,0,3,14
STATION_GUY,927,4,2,2,8
UTILITY_GUY,1472,6,0,4,10
UTILITY_GUY,17229,12,1,1,14
STATION_GUY,11938,14,1,3,18
STATION_GUY,13341,12,0,3,15
STATION_GUY,23588,12,1,3,16
STATION_GUY,9484,11,1,4,16
STATION_GUY,39390,11,0,2,13
STATION_GUY,10327,13,1,3,17
UTILITY_GUY,34721,12,1,1,14
STATION_GUY,8037,13,1,2,16
STATION_GUY,443,9,1,4,14
STATION_GUY,4468,11,1,3,15
STATION_GUY,1906,11,1,4,16
UTILITY_GUY,12570,14,1,3,18
STATION_GUY,22705,13,1,3,17
STATION_GUY,1944,10,0,4,14
UTILITY_GUY,14659,12,2,2,16
STATION_GUY,3027,9,1,4,14
STATION_GUY,3198,11,0,3,14
UTILITY_GUY,889,6,2,3,11
STATION_GUY,5322,11,0,4,15
UTILITY_GUY,29207,12,1,1,14
STATION_GUY,1696,10,2,3,15
UTILITY_GUY,36589,12,1,2,15
UTILITY_GUY,711,7,1,4,12
UTILITY_GUY,19544,13,2,1,16
STATION_GUY,3759,6,2,4,12
STATION_GUY,17088,12,2,3,17
STATION_GUY,8167,12,1,3,16
STATION_GUY,3161,12,1,4,17
UTILITY_GUY,5813,11,1,1,13
UTILITY_GUY,13670,15,1,1,17
UTILITY_GUY,12891,11,2,0,13
UTILITY_GUY,278,9,1,2,12
UTILITY_GUY,8810,13,2,0,15
STATION_GUY,1571,5,0,1,6
STATION_GUY,39523,15,0,2,17
UTILITY_GUY,22031,12,1,1,14
STATION_GUY,2432,10,1,4,15
STATION_GUY,10917,12,1,3,16
UTILITY_GUY,29981,12,2,2,16
STATION_GUY,1074,5,1,2,8
STATION_GUY,1382,7,0,4,11
STATION_GUY,9121,16,1,2,19
STATION_GUY,11090,11,1,3,15
UTILITY_GUY,24031,14,2,1,17
UTILITY_GUY,33370,9,2,1,12
STATION_GUY,1630,6,2,3,11
STATION_GUY,13148,11,1,3,15
UTILITY_GUY,8058,12,2,1,15
STATION_GUY,1278,11,0,4,15
UTILITY_GUY,914,4,0,0,4
STATION_GUY,3969,8,1,4,13
STATION_GUY,1173,13,0,3,16
STATION_GUY,4296,8,0,4,12
STATION_GUY,557,7,1,3,11
UTILITY_GUY,25889,12,0,1,13
STATION_GUY,120,5,1,3,9
UTILITY_GUY,37621,11,2,0,13
UTILITY_GUY,1833,14,2,4,20
UTILITY_GUY,11045,16,0,2,18
STATION_GUY,19512,7,0,3,10
UTILITY_GUY,16927,11,0,1,12
UTILITY_GUY,814,7,1,1,9
UTILITY_GUY,1068,2,1,1,4
UTILITY_GUY,156,7,2,0,9
UTILITY_GUY,15154,12,1,2,15
STATION_GUY,1380,3,1,2,6
STATION_GUY,15203,12,1,2,15
STATION_GUY,2608,8,0,4,12
STATION_GUY,22010,14,0,3,17
STATION_GUY,34522,14,1,3,18
STATION_GUY,1119,8,0,4,12
UTILITY_GUY,1230,3,1,0,4
STATION_GUY,540,6,0,3,9
UTILITY_GUY,18596,10,1,1,12
STATION_GUY,1629,8,0,4,12
UTILITY_GUY,11431,12,1,2,15
UTILITY_GUY,29064,11,1,2,14
STATION_GUY,3424,12,1,3,16
UTILITY_GUY,929,5,0,1,6
STATION_GUY,11893,8,0,2,10
UTILITY_GUY,12066,14,1,1,16
STATION_GUY,454,8,0,3,11
STATION_GUY,22648,10,1,2,13
STATION_GUY,500,8,0,3,11
UTILITY_GUY,15818,11,1,1,13
STATION_GUY,9149,13,0,4,17
UTILITY_GUY,9909,12,2,1,15
UTILITY_GUY,4066,10,2,2,14
UTILITY_GUY,14001,8,1,2,11
STATION_GUY,2857,8,2,3,13
UTILITY_GUY,29478,12,2,1,15
STATION_GUY,2469,9,1,4,14
STATION_GUY,3578,12,0,3,15
UTILITY_GUY,11621,12,2,1,15
STATION_GUY,20619,13,1,2,16
STATION_GUY,42812,13,0,1,14
STATION_GUY,1034,11,0,4,15
UTILITY_GUY,16702,15,1,1,17
STATION_GUY,3088,13,0,2,15
UTILITY_GUY,12479,12,1,1,14
STATION_GUY,511,7,1,3,11
STATION_GUY,2614,7,0,4,11
STATION_GUY,862,4,0,3,7
UTILITY_GUY,5821,12,1,1,14
STATION_GUY,1608,10,0,3,13
UTILITY_GUY,1140,7,2,2,11
UTILITY_GUY,936,2,1,1,4
UTILITY_GUY,5381,14,1,3,18
UTILITY_GUY,280,8,0,0,8
UTILITY_GUY,1142,4,0,1,5
STATION_GUY,45641,11,2,3,16
STATION_GUY,1786,8,1,4,13
STATION_GUY,791,4,0,3,7
UTILITY_GUY,29470,15,2,0,17
UTILITY_GUY,34660,13,1,1,15
UTILITY_GUY,5386,8,2,3,13
STATION_GUY,1033,8,0,4,12
STATION_GUY,399,9,2,2,13
UTILITY_GUY,37464,13,1,2,16
UTILITY_GUY,1207,3,2,0,5
STATION_GUY,1688,6,0,4,10
STATION_GUY,778,6,0,4,10
UTILITY_GUY,13749,12,1,0,13
STATION_GUY,8126,8,1,3,12
STATION_GUY,12922,12,0,3,15
UTILITY_GUY,24384,13,1,2,16
STATION_GUY,14190,13,1,2,16
STATION_GUY,311,7,1,2,10
UTILITY_GUY,16914,10,2,1,13
STATION_GUY,683,10,0,3,13
STATION_GUY,3030,8,0,4,12
STATION_GUY,1041,7,0,2,9
STATION_GUY,14608,14,0,3,17
UTILITY_GUY,1068,9,2,2,13
STATION_GUY,544,8,0,4,12
STATION_GUY,758,3,0,2,5
STATION_GUY,1246,3,0,1,4
UTILITY_GUY,25285,15,1,1,17
STATION_GUY,4977,8,1,3,12
STATION_GUY,17395,10,0,3,13
UTILITY_GUY,15948,12,1,1,14
STATION_GUY,9864,9,1,1,11
STATION_GUY,44785,12,0,2,14
STATION_GUY,866,6,0,2,8
STATION_GUY,4555,14,1,2,17
STATION_GUY,26661,12,1,3,16
UTILITY_GUY,1036,2,1,1,4
UTILITY_GUY,20180,11,1,2,14
UTILITY_GUY,89995,13,2,1,16
UTILITY_GUY,470,5,0,1,6
STATION_GUY,11489,13,0,3,16
UTILITY_GUY,30804,11,1,2,14
STATION_GUY,8590,13,1,3,17
STATION_GUY,1237,9,1,3,13
STATION_GUY,1962,9,0,4,13
STATION_GUY,1076,8,0,4,12
STATION_GUY,1536,2,0,4,6
UTILITY_GUY,425,8,1,1,10
UTILITY_GUY,10662,17,2,1,20
UTILITY_GUY,13924,13,2,0,15
STATION_GUY,9115,11,1,3,15
STATION_GUY,1645,6,1,4,11
STATION_GUY,14980,13,1,2,16
STATION_GUY,42918,12,1,2,15
STATION_GUY,68229,11,1,3,15
UTILITY_GUY,8036,12,2,2,16
STATION_GUY,1275,6,1,4,11
STATION_GUY,18411,9,1,3,13
UTILITY_GUY,2911,11,2,1,14
UTILITY_GUY,5014,13,2,1,16
STATION_GUY,17066,12,0,3,15
UTILITY_GUY,15862,13,1,1,15
UTILITY_GUY,29984,12,2,1,15
STATION_GUY,1092,7,0,2,9
UTILITY_GUY,482,8,1,0,9
STATION_GUY,16009,13,1,3,17
STATION_GUY,23443,14,1,1,16
UTILITY_GUY,43379,10,2,1,13
UTILITY_GUY,22433,10,1,2,13
STATION_GUY,35440,12,0,3,15
STATION_GUY,9431,13,2,3,18
STATION_GUY,674,5,1,4,10
STATION_GUY,2730,9,2,1,12
STATION_GUY,1631,7,0,4,11
UTILITY_GUY,1876,10,0,2,12
UTILITY_GUY,60397,12,0,2,14
STATION_GUY,1652,5,1,4,10
UTILITY_GUY,9693,14,1,1,16
UTILITY_GUY,9578,14,1,2,17
STATION_GUY,6960,12,2,2,16
STATION_GUY,17061,13,1,1,15
UTILITY_GUY,584,6,1,2,9
UTILITY_GUY,32225,13,2,1,16
STATION_GUY,21862,10,0,2,12
STATION_GUY,14953,11,2,3,16
STATION_GUY,1684,6,1,4,11
STATION_GUY,7540,11,0,4,15
STATION_GUY,8068,11,0,4,15
STATION_GUY,1096,4,1,4,9
UTILITY_GUY,49335,11,2,1,14
STATION_GUY,3051,12,1,4,17
UTILITY_GUY,7391,14,2,0,16
STATION_GUY,2059,11,1,4,16
STATION_GUY,8367,10,0,4,14
UTILITY_GUY,21364,11,2,1,14
UTILITY_GUY,1272,5,0,0,5
UTILITY_GUY,1395,9,2,3,14
STATION_GUY,4648,13,1,4,18
STATION_GUY,4722,12,1,4,17
STATION_GUY,20893,9,2,3,14
STATION_GUY,1840,7,1,4,12
STATION_GUY,288,9,1,0,10
STATION_GUY,30228,12,1,3,16
STATION_GUY,842,8,0,4,12
STATION_GUY,18555,14,0,3,17
STATION_GUY,4227,9,0,4,13
STATION_GUY,5664,14,1,3,18
STATION_GUY,9780,16,1,4,21
UTILITY_GUY,10352,11,1,2,14
UTILITY_GUY,27112,12,2,2,16
UTILITY_GUY,235,9,0,3,12
STATION_GUY,32991,15,0,1,16
STATION_GUY,29279,11,1,4,16
UTILITY_GUY,1014,4,0,2,6
UTILITY_GUY,9706,12,1,1,14
UTILITY_GUY,86612,11,1,2,14
UTILITY_GUY,15842,12,2,0,14
UTILITY_GUY,20380,12,1,1,14
STATION_GUY,1468,10,1,3,14
UTILITY_GUY,21864,13,1,2,16
STATION_GUY,4093,7,1,4,12
STATION_GUY,22073,10,0,2,12
UTILITY_GUY,6760,10,2,1,13
STATION_GUY,12639,14,0,3,17
STATION_GUY,1301,6,2,3,11
STATION_GUY,5468,12,0,4,16
UTILITY_GUY,630,9,2,2,13
UTILITY_GUY,18556,14,2,2,18
STATION_GUY,6600,13,1,3,17
STATION_GUY,604,9,0,2,11
UTILITY_GUY,790,9,1,1,11
STATION_GUY,3852,8,0,4,12
STATION_GUY,10807,13,0,3,16
STATION_GUY,10185,10,1,4,15
STATION_GUY,12106,11,1,3,15
STATION_GUY,8023,9,0,3,12
STATION_GUY,9099,15,0,2,17
STATION_GUY,30168,14,0,3,17
STATION_GUY,2333,12,0,4,16
UTILITY_GUY,31510,15,2,0,17
UTILITY_GUY,60347,10,1,0,11
UTILITY_GUY,12466,14,1,0,15
STATION_GUY,691,5,0,1,6
STATION_GUY,1093,6,0,3,9
UTILITY_GUY,17380,17,0,2,19
UTILITY_GUY,21356,14,0,1,15
STATION_GUY,764,4,2,4,10
UTILITY_GUY,13446,14,1,2,17
UTILITY_GUY,68350,13,2,1,16
STATION_GUY,16563,13,1,3,17
STATION_GUY,3953,10,1,4,15
STATION_GUY,11980,13,0,3,16
STATION_GUY,21228,14,0,4,18
UTILITY_GUY,4050,11,0,2,13
STATION_GUY,35339,11,1,3,15
STATION_GUY,38330,14,1,2,17
STATION_GUY,4265,10,0,4,14
STATION_GUY,8688,12,1,3,16
STATION_GUY,4047,8,0,3,11
STATION_GUY,1091,8,0,4,12
UTILITY_GUY,30871,13,1,1,15
STATION_GUY,7716,10,1,3,14
STATION_GUY,12287,12,0,3,15
STATION_GUY,27211,15,0,2,17
STATION_GUY,3288,11,2,3,16
UTILITY_GUY,16837,12,1,2,15
STATION_GUY,7289,9,0,3,12
STATION_GUY,27782,13,1,3,17
STATION_GUY,7334,15,1,3,19
STATION_GUY,13533,14,0,1,15
UTILITY_GUY,480,7,0,3,10
UTILITY_GUY,28994,12,1,2,15
UTILITY_GUY,2000,5,1,1,7
UTILITY_GUY,35788,10,2,1,13
UTILITY_GUY,16350,15,2,2,19
UTILITY_GUY,853,6,2,0,8
STATION_GUY,1162,7,1,4,12
STATION_GUY,9935,13,1,4,18
UTILITY_GUY,23621,11,1,2,14
UTILITY_GUY,28965,13,2,1,16
UTILITY_GUY,9450,14,1,1,16
UTILITY_GUY,26538,10,1,1,12
STATION_GUY,592,9,1,0,10
UTILITY_GUY,8586,11,2,3,16
UTILITY_GUY,34208,12,1,0,13
UTILITY_GUY,2891,6,2,3,11
STATION_GUY,855,7,0,4,11
UTILITY_GUY,9206,12,1,1,14
STATION_GUY,9923,12,1,3,16
STATION_GUY,3840,13,0,4,17
UTILITY_GUY,1182,7,0,1,8
UTILITY_GUY,53312,13,1,1,15
STATION_GUY,10069,14,0,3,17
STATION_GUY,34643,14,0,3,17
STATION_GUY,10347,10,1,3,14
STATION_GUY,8641,12,2,2,16
STATION_GUY,8136,11,1,3,15
UTILITY_GUY,8432,12,2,1,15
STATION_GUY,21351,14,1,2,17
STATION_GUY,3649,11,1,4,16
UTILITY_GUY,10035,11,2,3,16
STATION_GUY,14957,12,1,3,16
STATION_GUY,18334,13,0,4,17
UTILITY_GUY,4678,10,2,3,15
STATION_GUY,27843,13,0,1,14
STATION_GUY,19179,11,0,3,14
UTILITY_GUY,1016,7,2,2,11
STATION_GUY,944,2,1,3,6
UTILITY_GUY,56635,12,1,1,14
UTILITY_GUY,19213,16,2,1,19
UTILITY_GUY,562,7,0,0,7
UTILITY_GUY,737,8,2,1,11
STATION_GUY,8631,13,0,2,15
STATION_GUY,42248,12,0,3,15
STATION_GUY,12998,11,1,3,15
UTILITY_GUY,8037,15,1,2,18
STATION_GUY,1228,3,0,3,6
STATION_GUY,9583,11,1,3,15
UTILITY_GUY,4988,15,1,0,16
STATION_GUY,1887,11,1,4,16
UTILITY_GUY,13621,15,1,0,16
UTILITY_GUY,1163,5,1,2,8
STATION_GUY,3710,13,1,4,18
UTILITY_GUY,342,12,1,2,15
STATION_GUY,29492,14,1,2,17
UTILITY_GUY,27173,13,2,1,16
UTILITY_GUY,16250,11,1,2,14
STATION_GUY,6412,14,0,2,16
UTILITY_GUY,1690,3,2,2,7
STATION_GUY,16984,11,1,2,14
STATION_GUY,1342,7,0,4,11
UTILITY_GUY,27826,11,1,1,13
STATION_GUY,33683,10,1,2,13
STATION_GUY,20330,13,1,3,17
STATION_GUY,647,6,1,3,10
STATION_GUY,13947,13,0,1,14
UTILITY_GUY,5702,14,2,0,16
UTILITY_GUY,437,8,2,2,12
STATION_GUY,13472,14,1,2,17
UTILITY_GUY,403,8,2,2,12
STATION_GUY,15931,16,0,3,19
STATION_GUY,20207,13,0,3,16
STATION_GUY,1575,8,0,3,11
STATION_GUY,2196,11,0,2,13
UTILITY_GUY,692,11,1,3,15
UTILITY_GUY,15499,10,1,1,12
UTILITY_GUY,15237,10,1,1,12
STATION_GUY,7277,14,0,4,18
STATION_GUY,943,8,0,2,10
UTILITY_GUY,1129,2,2,2,6
STATION_GUY,3659,12,0,4,16
STATION_GUY,24138,14,0,3,17
UTILITY_GUY,9454,11,2,2,15
UTILITY_GUY,1800,0,1,4,5
STATION_GUY,8764,15,1,2,18
UTILITY_GUY,2060,14,2,3,19
UTILITY_GUY,9311,11,2,1,14
STATION_GUY,1281,9,1,4,14
STATION_GUY,4242,8,1,4,13
STATION_GUY,8909,14,0,3,17
STATION_GUY,3218,9,0,4,13
STATION_GUY,1521,9,1,3,13
STATION_GUY,5144,12,0,4,16
STATION_GUY,4522,10,0,2,12
STATION_GUY,8924,13,2,3,18
STATION_GUY,24429,12,1,2,15
UTILITY_GUY,11545,11,2,2,15
STATION_GUY,1451,7,0,4,11
UTILITY_GUY,31990,8,1,2,11
UTILITY_GUY,8499,15,1,1,17
STATION_GUY,2263,13,0,3,16
UTILITY_GUY,654,4,2,0,6
UTILITY_GUY,27959,10,1,1,12
UTILITY_GUY,11089,14,2,2,18
STATION_GUY,16286,11,2,3,16
UTILITY_GUY,16049,12,2,1,15
STATION_GUY,14960,11,1,3,15
STATION_GUY,21166,11,0,2,13
UTILITY_GUY,26032,14,1,0,15
STATION_GUY,915,4,0,2,6
UTILITY_GUY,1161,4,1,1,6
STATION_GUY,11042,10,0,3,13
UTILITY_GUY,435,8,2,1,11
UTILITY_GUY,9994,12,1,3,16
STATION_GUY,802,7,1,3,11
STATION_GUY,908,6,1,3,10
UTILITY_GUY,34696,13,1,2,16
STATION_GUY,18331,11,1,3,15
STATION_GUY,9452,14,0,3,17
STATION_GUY,12068,8,1,4,13
UTILITY_GUY,19329,13,1,1,15
UTILITY_GUY,361,6,1,1,8
STATION_GUY,1883,7,0,2,9
UTILITY_GUY,31884,15,1,1,17
STATION_GUY,12236,15,0,3,18
STATION_GUY,1396,6,0,4,10
STATION_GUY,3775,12,0,3,15
UTILITY_GUY,12140,12,2,1,15
STATION_GUY,787,5,1,4,10
UTILITY_GUY,2558,9,2,2,13
UTILITY_GUY,3053,11,2,1,14
STATION_GUY,4030,11,0,4,15
STATION_GUY,6766,14,0,4,18
UTILITY_GUY,1006,4,2,0,6
UTILITY_GUY,20695,15,1,1,17
STATION_GUY,1813,7,1,3,11
STATION_GUY,18788,15,0,3,18
STATION_GUY,66005,10,0,3,13
STATION_GUY,1040,5,1,3,9
STATION_GUY,4992,11,1,3,15
UTILITY_GUY,14757,14,1,2,17
UTILITY_GUY,521,5,2,1,8
STATION_GUY,167,6,2,3,11
UTILITY_GUY,2796,7,2,1,10
STATION_GUY,11518,14,0,2,16
STATION_GUY,1151,9,2,4,15
UTILITY_GUY,16279,11,0,3,14
UTILITY_GUY,54456,12,1,2,15
UTILITY_GUY,13906,16,2,2,20
STATION_GUY,64221,12,0,3,15
STATION_GUY,1427,11,0,4,15
STATION_GUY,24521,10,0,3,13
UTILITY_GUY,1529,1,1,2,4
STATION_GUY,1197,7,0,2,9
STATION_GUY,21630,13,0,4,17
UTILITY_GUY,1684,7,1,4,12
STATION_GUY,489,8,0,3,11
STATION_GUY,1172,8,0,4,12
UTILITY_GUY,6965,14,1,2,17
STATION_GUY,3683,10,1,2,13
STATION_GUY,9271,13,0,1,14
STATION_GUY,2085,15,1,3,19
UTILITY_GUY,10838,11,0,1,12
STATION_GUY,1574,2,0,1,3
STATION_GUY,718,5,1,1,7
UTILITY_GUY,16373,10,1,2,13
STATION_GUY,365,7,0,3,10
STATION_GUY,2509,4,1,4,9
UTILITY_GUY,4832,14,0,1,15
UTILITY_GUY,1418,6,1,4,11
STATION_GUY,14278,17,2,1,20
STATION_GUY,27035,13,1,3,17
UTILITY_GUY,28990,12,2,2,16
UTILITY_GUY,5381,17,1,3,21
STATION_GUY,2018,3,1,4,8
UTILITY_GUY,62581,12,2,0,14
UTILITY_GUY,800,7,1,2,10
STATION_GUY,29094,12,0,2,14
STATION_GUY,10279,12,1,3,16
UTILITY_GUY,16060,10,1,2,13
UTILITY_GUY,10390,15,1,1,17
UTILITY_GUY,10255,14,1,0,15
STATION_GUY,16726,12,0,3,15
UTILITY_GUY,52782,12,1,1,14
STATION_GUY,66988,11,0,2,13
STATION_GUY,11672,11,1,3,15
STATION_GUY,8619,14,0,1,15
STATION_GUY,2049,13,2,4,19
UTILITY_GUY,667,11,1,1,13
UTILITY_GUY,18002,13,1,0,14
UTILITY_GUY,18712,11,1,2,14
STATION_GUY,820,7,1,4,12
STATION_GUY,704,5,0,3,8
STATION_GUY,4300,13,0,4,17
STATION_GUY,25702,12,1,2,15
STATION_GUY,580,2,1,2,5
UTILITY_GUY,537,10,2,0,12
STATION_GUY,39912,12,1,2,15
UTILITY_GUY,388,8,0,1,9
STATION_GUY,7914,15,1,3,19
STATION_GUY,574,6,1,2,9
UTILITY_GUY,13065,11,2,1,14
STATION_GUY,967,4,1,3,8
STATION_GUY,4100,10,1,4,15
STATION_GUY,13527,10,2,2,14
STATION_GUY,62486,13,2,2,17
UTILITY_GUY,866,7,1,2,10
STATION_GUY,967,4,0,1,5
STATION_GUY,3751,12,1,4,17
STATION_GUY,1720,6,2,4,12
STATION_GUY,1527,11,0,4,15
STATION_GUY,1153,5,0,0,5
UTILITY_GUY,24253,13,2,1,16
STATION_GUY,10565,13,1,3,17
UTILITY_GUY,23312,11,1,3,15
UTILITY_GUY,2043,7,1,4,12
STATION_GUY,20782,14,1,2,17
UTILITY_GUY,12768,7,1,3,11
STATION_GUY,20901,11,1,2,14
UTILITY_GUY,1215,6,1,1,8
UTILITY_GUY,8778,11,2,1,14
STATION_GUY,4576,11,1,4,16
STATION_GUY,571,8,1,2,11
STATION_GUY,2415,7,1,4,12
STATION_GUY,46594,12,1,2,15
UTILITY_GUY,1290,8,1,3,12
UTILITY_GUY,16193,10,2,1,13
UTILITY_GUY,12842,13,2,2,17
UTILITY_GUY,8206,8,2,2,12
STATION_GUY,8785,11,1,2,14
UTILITY_GUY,5674,15,2,1,18
STATION_GUY,4228,15,1,2,18
UTILITY_GUY,9153,12,2,1,15
UTILITY_GUY,35724,11,1,1,13
UTILITY_GUY,60178,11,1,1,13
STATION_GUY,8366,12,0,3,15
STATION_GUY,11502,9,0,3,12
STATION_GUY,1834,8,1,4,13
UTILITY_GUY,26416,14,2,1,17
UTILITY_GUY,35843,14,1,2,17
UTILITY_GUY,21995,11,1,2,14
STATION_GUY,1139,8,2,4,14
STATION_GUY,11993,14,0,2,16
STATION_GUY,2826,10,1,4,15
STATION_GUY,14293,11,0,3,14
STATION_GUY,1374,7,0,4,11
STATION_GUY,23027,12,1,3,16
UTILITY_GUY,11853,12,1,2,15
STATION_GUY,6959,16,1,3,20
STATION_GUY,21344,14,0,3,17
UTILITY_GUY,816,4,2,1,7
STATION_GUY,1343,5,0,4,9
STATION_GUY,8137,12,0,2,14
UTILITY_GUY,3172,11,1,3,15
STATION_GUY,14241,11,0,2,13
STATION_GUY,1851,5,1,3,9
STATION_GUY,15816,8,2,3,13
UTILITY_GUY,899,7,1,3,11
STATION_GUY,1101,4,0,4,8
STATION_GUY,8146,12,2,4,18
UTILITY_GUY,1101,10,2,2,14
STATION_GUY,16684,13,0,3,16
STATION_GUY,1399,5,0,1,6
UTILITY_GUY,327,6,1,1,8
STATION_GUY,38125,12,0,2,14
STATION_GUY,44673,13,2,2,17
STATION_GUY,15731,9,0,3,12
UTILITY_GUY,11091,12,2,2,16
UTILITY_GUY,18339,12,2,1,15
STATION_GUY,7993,12,0,4,16
STATION_GUY,5448,17,0,3,20
STATION_GUY,901,10,0,4,14
STATION_GUY,20300,14,0,4,18
STATION_GUY,19492,12,0,2,14
UTILITY_GUY,11729,12,2,1,15
UTILITY_GUY,1080,5,0,0,5
UTILITY_GUY,17898,13,1,1,15
STATION_GUY,538,8,0,3,11
UTILITY_GUY,689,9,1,2,12
UTILITY_GUY,742,4,2,0,6
UTILITY_GUY,628,6,2,1,9
STATION_GUY,15368,12,0,4,16
UTILITY_GUY,18588,12,2,1,15
STATION_GUY,8034,9,1,3,13
UTILITY_GUY,1494,8,2,2,12
STATION_GUY,41911,13,0,2,15
STATION_GUY,1564,14,0,2,16
STATION_GUY,5361,9,0,3,12
STATION_GUY,3359,13,1,4,18
UTILITY_GUY,976,6,1,1,8
STATION_GUY,2617,9,0,4,13
STATION_GUY,19536,12,1,3,16
UTILITY_GUY,815,4,1,1,6
UTILITY_GUY,33326,9,2,1,12
UTILITY_GUY,1708,9,2,1,12
STATION_GUY,24528,14,0,3,17
UTILITY_GUY,26011,12,2,1,15
UTILITY_GUY,9132,15,1,2,18
UTILITY_GUY,12533,15,2,1,18
STATION_GUY,503,9,0,3,12
UTILITY_GUY,781,7,0,2,9
STATION_GUY,10996,15,0,2,17
UTILITY_GUY,10398,13,2,1,16
STATION_GUY,14387,13,0,4,17
STATION_GUY,897,8,1,3,12
STATION_GUY,2106,7,1,4,12
UTILITY_GUY,1136,6,2,0,8
UTILITY_GUY,21549,14,0,1,15
STATION_GUY,16059,16,0,3,19
STATION_GUY,477,8,0,4,12
STATION_GUY,9505,10,1,3,14
STATION_GUY,3398,11,1,2,14
UTILITY_GUY,28917,12,2,2,16
UTILITY_GUY,999,6,2,2,10
UTILITY_GUY,5,4,2,2,8
UTILITY_GUY,32665,12,2,0,14
STATION_GUY,5226,10,1,4,15
UTILITY_GUY,79804,12,2,1,15
UTILITY_GUY,6646,11,1,2,14
UTILITY_GUY,7839,11,1,2,14
STATION_GUY,6757,15,1,3,19
UTILITY_GUY,997,5,1,0,6
STATION_GUY,10046,13,2,2,17
UTILITY_GUY,659,7,1,2,10
UTILITY_GUY,11239,13,1,2,16
STATION_GUY,6050,17,0,4,21
STATION_GUY,51597,13,1,3,17
STATION_GUY,410,5,0,2,7
UTILITY_GUY,22798,13,2,1,16
UTILITY_GUY,42382,11,2,0,13
STATION_GUY,4610,8,0,4,12
STATION_GUY,10974,12,0,3,15
STATION_GUY,26308,12,1,3,16
STATION_GUY,71754,11,1,3,15
UTILITY_GUY,8099,8,0,1,9
UTILITY_GUY,878,7,1,1,9
STATION_GUY,640,9,0,1,10
UTILITY_GUY,23136,10,1,2,13
STATION_GUY,3807,16,0,4,20
STATION_GUY,15558,12,0,4,16
UTILITY_GUY,14211,13,2,1,16
UTILITY_GUY,6421,11,2,0,13
STATION_GUY,15714,13,0,3,16
UTILITY_GUY,16590,15,2,3,20
STATION_GUY,2885,6,2,4,12
STATION_GUY,20210,12,1,3,16
UTILITY_GUY,1214,5,1,2,8
STATION_GUY,9506,15,1,3,19
STATION_GUY,1680,2,1,3,6
UTILITY_GUY,8642,13,2,3,18
STATION_GUY,956,8,0,3,11
STATION_GUY,1787,3,0,4,7
UTILITY_GUY,43103,11,1,1,13
STATION_GUY,68566,13,0,3,16
UTILITY_GUY,40748,12,2,3,17
STATION_GUY,1540,3,1,2,6
UTILITY_GUY,542,7,0,1,8
UTILITY_GUY,16536,13,1,2,16
STATION_GUY,1587,12,1,4,17
UTILITY_GUY,17182,12,1,2,15
UTILITY_GUY,1651,7,2,1,10
STATION_GUY,37629,12,1,3,16
STATION_GUY,706,7,0,3,10
STATION_GUY,5288,14,0,4,18
STATION_GUY,12209,13,1,3,17
UTILITY_GUY,708,6,1,2,9
UTILITY_GUY,7320,12,1,1,14
UTILITY_GUY,8770,13,1,1,15
STATION_GUY,6625,11,0,3,14
STATION_GUY,3086,10,1,4,15
UTILITY_GUY,507,6,1,1,8
STATION_GUY,4961,17,0,4,21
STATION_GUY,8282,13,1,2,16
UTILITY_GUY,19581,13,1,1,15
STATION_GUY,17841,13,1,3,17
STATION_GUY,11016,13,0,3,16
STATION_GUY,2522,12,1,4,17
STATION_GUY,1533,5,0,4,9
STATION_GUY,944,3,1,2,6
UTILITY_GUY,17432,14,1,1,16
STATION_GUY,1530,4,0,3,7
STATION_GUY,13898,9,0,2,11
STATION_GUY,3390,8,1,4,13
STATION_GUY,20772,13,2,3,18
UTILITY_GUY,98411,14,2,1,17
UTILITY_GUY,14359,12,2,1,15
UTILITY_GUY,1562,3,0,0,3
UTILITY_GUY,54119,11,2,1,14
STATION_GUY,2160,6,1,4,11
STATION_GUY,7065,14,0,3,17
STATION_GUY,20109,14,1,3,18
UTILITY_GUY,98179,11,2,2,15
UTILITY_GUY,1166,2,0,2,4
STATION_GUY,574,7,1,2,10
STATION_GUY,7079,11,0,3,14
STATION_GUY,4005,13,1,4,18
STATION_GUY,6721,13,1,3,17
STATION_GUY,1148,8,1,3,12
STATION_GUY,55235,12,2,2,16
UTILITY_GUY,1479,5,2,3,10
UTILITY_GUY,20480,14,2,2,18
STATION_GUY,855,7,0,4,11
STATION_GUY,19134,10,1,3,14
STATION_GUY,1094,11,1,3,15
STATION_GUY,8099,14,1,3,18
STATION_GUY,3533,11,0,3,14
UTILITY_GUY,1498,4,1,0,5
STATION_GUY,12160,15,0,2,17
STATION_GUY,7614,13,1,3,17
UTILITY_GUY,76230,14,1,1,16
STATION_GUY,22900,12,2,0,14
UTILITY_GUY,31561,10,1,2,13
UTILITY_GUY,67858,12,1,3,16
UTILITY_GUY,1083,7,1,0,8
STATION_GUY,1417,8,0,4,12
UTILITY_GUY,632,5,1,2,8
STATION_GUY,1117,8,2,3,13
STATION_GUY,1782,10,1,4,15
UTILITY_GUY,11176,12,2,1,15
STATION_GUY,2037,5,1,4,10
STATION_GUY,18918,13,0,3,16
STATION_GUY,25253,13,1,3,17
UTILITY_GUY,32481,12,1,3,16
STATION_GUY,2079,9,2,4,15
STATION_GUY,4322,16,0,2,18
UTILITY_GUY,10860,15,1,1,17
STATION_GUY,16940,13,0,3,16
STATION_GUY,2289,9,1,4,14
STATION_GUY,4629,9,0,2,11
UTILITY_GUY,33161,11,2,2,15
STATION_GUY,1850,5,0,4,9
STATION_GUY,1813,7,0,4,11
STATION_GUY,315,9,1,4,14
UTILITY_GUY,76663,8,1,2,11
UTILITY_GUY,571,9,1,0,10
STATION_GUY,8765,11,2,3,16
STATION_GUY,7914,13,0,4,17
STATION_GUY,38473,11,1,1,13
STATION_GUY,13888,12,2,2,16
STATION_GUY,25277,15,0,3,18
STATION_GUY,14413,13,2,2,17
STATION_GUY,2912,9,1,4,14
STATION_GUY,1682,1,0,1,2
STATION_GUY,3080,8,0,4,12
STATION_GUY,622,9,1,1,11
STATION_GUY,580,8,1,4,13
UTILITY_GUY,5459,15,2,1,18
STATION_GUY,510,5,0,2,7
STATION_GUY,995,6,1,3,10
STATION_GUY,80343,12,0,2,14
STATION_GUY,22270,12,1,1,14
STATION_GUY,34510,13,0,4,17
UTILITY_GUY,1592,3,2,4,9
UTILITY_GUY,6531,13,1,1,15
UTILITY_GUY,8112,15,1,1,17
STATION_GUY,46497,10,1,3,14
UTILITY_GUY,25025,11,2,0,13
UTILITY_GUY,1094,6,0,2,8
STATION_GUY,13098,11,0,3,14
STATION_GUY,76468,11,1,3,15
STATION_GUY,13902,14,0,2,16
STATION_GUY,2921,7,1,3,11
STATION_GUY,1375,7,0,3,10
STATION_GUY,1378,8,0,3,11
STATION_GUY,701,4,1,4,9
UTILITY_GUY,1059,6,0,2,8
UTILITY_GUY,31612,11,1,1,13
STATION_GUY,13741,12,1,4,17
STATION_GUY,42964,11,0,2,13
STATION_GUY,408,6,0,3,9
STATION_GUY,9801,14,0,3,17
UTILITY_GUY,31571,11,1,2,14
UTILITY_GUY,1174,7,1,0,8
UTILITY_GUY,19636,12,1,2,15
STATION_GUY,2613,9,1,4,14
STATION_GUY,7625,8,0,2,10
STATION_GUY,7733,13,0,3,16
UTILITY_GUY,1268,7,2,2,11
STATION_GUY,4173,12,2,3,17
STATION_GUY,2135,11,0,2,13
STATION_GUY,7158,11,0,2,13
STATION_GUY,867,6,1,2,9
STATION_GUY,501,8,1,1,10
STATION_GUY,7306,12,1,3,16
STATION_GUY,5365,14,1,2,17
STATION_GUY,1748,2,0,3,5
STATION_GUY,2356,7,1,3,11
STATION_GUY,96960,10,0,2,12
STATION_GUY,1351,7,1,4,12
STATION_GUY,1050,6,1,1,8
STATION_GUY,9660,15,0,4,19
UTILITY_GUY,10200,12,1,2,15
UTILITY_GUY,77284,12,2,2,16
STATION_GUY,1825,6,1,3,10
STATION_GUY,3882,8,0,4,12
UTILITY_GUY,26488,11,1,1,13
UTILITY_GUY,699,3,2,4,9
UTILITY_GUY,8938,11,0,0,11
UTILITY_GUY,360,4,1,2,7
UTILITY_GUY,12160,12,1,1,14
UTILITY_GUY,18013,13,1,1,15
STATION_GUY,12284,11,0,3,14
STATION_GUY,26567,11,0,3,14
UTILITY_GUY,948,6,2,1,9
STATION_GUY,366,10,1,1,12
UTILITY_GUY,15742,10,1,0,11
STATION_GUY,6818,13,0,3,16
STATION_GUY,16593,12,0,2,14
STATION_GUY,1766,12,2,4,18
STATION_GUY,33601,10,0,3,13
STATION_GUY,1987,9,2,4,15
STATION_GUY,1074,7,1,4,12
STATION_GUY,6914,14,0,3,17
STATION_GUY,16402,14,1,3,18
STATION_GUY,18637,14,0,1,15
UTILITY_GUY,11037,11,1,1,13
STATION_GUY,2718,11,1,3,15
STATION_GUY,11289,10,1,3,14
UTILITY_GUY,694,5,1,1,7
STATION_GUY,12935,14,2,2,18
STATION_GUY,727,10,0,4,14
UTILITY_GUY,5381,9,2,1,12
STATION_GUY,1431,3,0,4,7
STATION_GUY,32445,12,1,2,15
STATION_GUY,597,7,0,2,9
UTILITY_GUY,8690,15,2,3,20
UTILITY_GUY,23430,12,1,1,14
UTILITY_GUY,18464,11,1,1,13
STATION_GUY,17269,12,1,3,16
STATION_GUY,18018,12,0,4,16
STATION_GUY,10386,10,0,3,13
UTILITY_GUY,14365,15,1,0,16
UTILITY_GUY,16254,13,2,2,17
STATION_GUY,1460,4,0,3,7
UTILITY_GUY,3630,6,2,3,11
UTILITY_GUY,24111,13,1,1,15
UTILITY_GUY,66,8,0,2,10
STATION_GUY,18120,13,0,3,16
STATION_GUY,754,8,1,3,12
STATION_GUY,9860,10,2,2,14
UTILITY_GUY,1024,4,1,0,5
UTILITY_GUY,4459,9,2,1,12
STATION_GUY,8876,11,0,3,14
STATION_GUY,4381,6,1,4,11
UTILITY_GUY,8612,14,1,2,17
UTILITY_GUY,9926,12,1,2,15
UTILITY_GUY,34504,10,2,1,13
STATION_GUY,2328,8,2,4,14
UTILITY_GUY,30868,11,1,2,14
UTILITY_GUY,40030,13,2,3,18
STATION_GUY,99719,13,1,2,16
UTILITY_GUY,1569,3,2,2,7
UTILITY_GUY,618,6,2,2,10
STATION_GUY,7583,13,1,2,16
STATION_GUY,914,6,0,2,8
UTILITY_GUY,19557,13,1,1,15
STATION_GUY,1860,11,0,2,13
STATION_GUY,9466,13,1,1,15
UTILITY_GUY,840,8,2,2,12
STATION_GUY,2701,10,0,4,14
STATION_GUY,1656,2,0,4,6
STATION_GUY,4247,8,0,4,12
STATION_GUY,7942,12,0,4,16
STATION_GUY,2367,11,1,4,16
STATION_GUY,934,8,2,4,14
STATION_GUY,3790,12,0,4,16
STATION_GUY,20753,10,2,3,15
STATION_GUY,1021,7,0,3,10
STATION_GUY,1308,8,2,4,14
STATION_GUY,834,3,0,4,7
STATION_GUY,29894,15,0,3,18
STATION_GUY,2959,10,0,4,14
STATION_GUY,3086,14,1,3,18
STATION_GUY,1269,7,1,2,10
UTILITY_GUY,1101,3,1,1,5
UTILITY_GUY,15616,13,1,2,16
UTILITY_GUY,15844,13,2,2,17
STATION_GUY,4605,13,1,3,17
UTILITY_GUY,3860,10,2,2,14
UTILITY_GUY,4128,12,2,2,16
UTILITY_GUY,4911,8,2,3,13
STATION_GUY,5913,10,1,3,14
STATION_GUY,656,9,0,3,12
UTILITY_GUY,831,3,2,1,6
STATION_GUY,486,5,1,1,7
STATION_GUY,18832,12,0,3,15
STATION_GUY,83331,14,1,2,17
STATION_GUY,16040,12,1,2,15
UTILITY_GUY,576,6,0,3,9
UTILITY_GUY,11770,12,2,3,17
UTILITY_GUY,7597,9,2,4,15
UTILITY_GUY,8395,13,2,1,16
STATION_GUY,775,4,0,1,5
STATION_GUY,11206,12,0,2,14
STATION_GUY,11233,9,1,4,14
STATION_GUY,10788,11,1,3,15
STATION_GUY,171,9,0,2,11
STATION_GUY,7228,15,1,3,19
STATION_GUY,908,9,1,4,14
STATION_GUY,2199,6,1,4,11
UTILITY_GUY,14217,12,1,1,14
STATION_GUY,7568,11,0,1,12
UTILITY_GUY,9821,12,0,2,14
STATION_GUY,2586,9,0,4,13
STATION_GUY,6529,9,2,4,15
STATION_GUY,10540,15,0,2,17
STATION_GUY,13563,10,2,4,16
UTILITY_GUY,1824,9,2,1,12
UTILITY_GUY,24690,12,0,1,13
STATION_GUY,1738,10,0,2,12
STATION_GUY,1107,5,1,3,9
UTILITY_GUY,49894,11,2,1,14
UTILITY_GUY,16055,10,2,3,15
UTILITY_GUY,1107,2,2,0,4
STATION_GUY,780,8,0,1,9
STATION_GUY,1595,8,1,3,12
STATION_GUY,3631,11,1,4,16
UTILITY_GUY,8580,12,2,2,16
STATION_GUY,3324,9,0,4,13
STATION_GUY,1671,2,0,1,3
UTILITY_GUY,7125,11,1,1,13
UTILITY_GUY,78480,11,2,1,14
UTILITY_GUY,509,7,1,1,9
STATION_GUY,2233,9,0,3,12
UTILITY_GUY,1404,2,1,2,5
STATION_GUY,3263,6,0,4,10
UTILITY_GUY,6469,12,1,1,14
UTILITY_GUY,7363,8,1,2,11
UTILITY_GUY,11043,11,1,3,15
UTILITY_GUY,1100,3,0,0,3
UTILITY_GUY,619,4,0,2,6
UTILITY_GUY,2345,8,1,3,12
STATION_GUY,26166,11,0,3,14
STATION_GUY,23595,11,0,3,14
STATION_GUY,1174,11,0,4,15
UTILITY_GUY,10534,15,0,2,17
UTILITY_GUY,787,9,1,1,11
UTILITY_GUY,16583,13,2,2,17
UTILITY_GUY,1705,9,1,3,13
STATION_GUY,11790,12,1,3,16
UTILITY_GUY,233,6,1,1,8
STATION_GUY,8595,9,2,3,14
STATION_GUY,11433,11,0,3,14
STATION_GUY,14661,13,0,3,16
STATION_GUY,827,6,2,2,10
STATION_GUY,1319,8,1,2,11
UTILITY_GUY,284,6,1,2,9
UTILITY_GUY,1006,8,2,2,12
UTILITY_GUY,979,6,0,1,7
STATION_GUY,38728,14,1,3,18
STATION_GUY,2577,10,0,4,14
STATION_GUY,10837,12,1,2,15
UTILITY_GUY,19343,12,2,1,15
STATION_GUY,2918,9,0,4,13
STATION_GUY,1315,6,0,4,10
STATION_GUY,30917,10,1,2,13
UTILITY_GUY,1929,6,1,1,8
UTILITY_GUY,5038,11,1,2,14
UTILITY_GUY,25047,9,2,1,12
UTILITY_GUY,23831,12,1,0,13
STATION_GUY,5122,10,2,3,15
STATION_GUY,32186,13,0,2,15
UTILITY_GUY,997,3,2,1,6
STATION_GUY,6179,13,1,3,17
UTILITY_GUY,18592,10,1,1,12
STATION_GUY,2969,7,1,4,12
UTILITY_GUY,15723,9,2,1,12
STATION_GUY,542,5,0,2,7
UTILITY_GUY,2105,10,2,3,15
STATION_GUY,1104,11,0,3,14
STATION_GUY,4876,12,1,3,16
STATION_GUY,12978,11,0,2,13
STATION_GUY,340,11,1,3,15
UTILITY_GUY,3165,9,1,2,12
STATION_GUY,17209,13,0,2,15
STATION_GUY,557,4,0,3,7
STATION_GUY,55361,11,0,3,14
STATION_GUY,10009,14,0,3,17
STATION_GUY,41317,12,1,2,15
UTILITY_GUY,5087,12,1,3,16
STATION_GUY,11869,13,1,3,17
UTILITY_GUY,413,5,2,2,9
STATION_GUY,7388,13,1,4,18
UTILITY_GUY,22553,11,2,1,14
UTILITY_GUY,46867,12,1,1,14
STATION_GUY,5073,13,0,2,15
STATION_GUY,30201,15,1,2,18
UTILITY_GUY,3921,11,1,2,14
UTILITY_GUY,4969,11,1,1,13
STATION_GUY,18537,13,0,3,16
STATION_GUY,1561,3,1,2,6
STATION_GUY,20004,10,0,3,13
STATION_GUY,21144,9,1,3,13
UTILITY_GUY,22615,11,1,2,14
STATION_GUY,11500,11,0,2,13
STATION_GUY,35099,11,1,2,14
STATION_GUY,1160,4,0,4,8
STATION_GUY,6280,11,0,4,15
UTILITY_GUY,14381,11,2,1,14
STATION_GUY,151,7,0,2,9
UTILITY_GUY,12769,18,0,1,19
UTILITY_GUY,778,7,0,1,8
UTILITY_GUY,1335,2,0,1,3
STATION_GUY,9387,13,0,2,15
STATION_GUY,34786,11,2,3,16
STATION_GUY,2089,7,1,4,12
UTILITY_GUY,314,5,1,2,8
STATION_GUY,1066,7,1,4,12
STATION_GUY,186,6,1,2,9
UTILITY_GUY,738,7,1,0,8
UTILITY_GUY,1117,7,0,3,10
STATION_GUY,57184,12,0,3,15
STATION_GUY,52153,13,0,3,16
STATION_GUY,22493,13,1,2,16
STATION_GUY,7138,10,0,3,13
UTILITY_GUY,2645,10,2,1,13
STATION_GUY,15970,11,2,3,16
UTILITY_GUY,8158,11,2,2,15
STATION_GUY,3911,11,1,4,16
UTILITY_GUY,7208,14,1,1,16
STATION_GUY,3475,11,1,4,16
UTILITY_GUY,16935,13,2,2,17
STATION_GUY,1178,7,1,3,11
STATION_GUY,408,14,1,3,18
STATION_GUY,20090,11,0,3,14
STATION_GUY,52268,11,0,3,14
UTILITY_GUY,27845,12,2,1,15
UTILITY_GUY,811,3,1,1,5
STATION_GUY,13525,11,0,2,13
UTILITY_GUY,1542,7,1,2,10
UTILITY_GUY,17897,9,0,2,11
STATION_GUY,10350,11,0,2,13
UTILITY_GUY,959,11,2,1,14
UTILITY_GUY,3109,10,2,3,15
STATION_GUY,6924,13,1,4,18
STATION_GUY,47336,11,0,3,14
UTILITY_GUY,14536,11,1,2,14
UTILITY_GUY,580,5,1,1,7
STATION_GUY,28975,12,1,3,16
STATION_GUY,34170,13,0,3,16
STATION_GUY,6398,10,2,3,15
STATION_GUY,2193,7,2,4,13
UTILITY_GUY,19590,14,0,3,17
UTILITY_GUY,4871,12,0,1,13
STATION_GUY,3380,15,2,4,21
UTILITY_GUY,20139,12,2,1,15
UTILITY_GUY,2427,6,2,1,9
UTILITY_GUY,390,7,2,0,9
UTILITY_GUY,4096,13,2,2,17
UTILITY_GUY,43259,13,0,3,16
UTILITY_GUY,1290,3,1,1,5
UTILITY_GUY,504,7,1,1,9
UTILITY_GUY,7891,11,1,3,15
UTILITY_GUY,13015,11,2,3,16
UTILITY_GUY,14060,13,1,1,15
UTILITY_GUY,12097,11,1,2,14
STATION_GUY,33445,13,0,2,15
STATION_GUY,1626,9,1,1,11
STATION_GUY,12342,12,1,2,15
STATION_GUY,965,3,1,2,6
STATION_GUY,18827,16,0,2,18
UTILITY_GUY,2003,7,1,2,10
UTILITY_GUY,3477,11,1,3,15
STATION_GUY,14048,12,0,2,14
STATION_GUY,2452,8,0,4,12
UTILITY_GUY,2941,10,2,2,14
STATION_GUY,996,8,0,2,10
UTILITY_GUY,1210,5,1,1,7
STATION_GUY,260,7,0,3,10
STATION_GUY,28529,10,2,4,16
STATION_GUY,15739,12,0,2,14
UTILITY_GUY,51399,9,2,2,13
UTILITY_GUY,56701,13,2,1,16
STATION_GUY,2996,14,1,4,19
STATION_GUY,20279,11,1,3,15
STATION_GUY,44941,13,0,3,16
STATION_GUY,2176,12,1,4,17
STATION_GUY,3840,12,0,4,16
STATION_GUY,958,11,0,4,15
STATION_GUY,35900,15,1,3,19
STATION_GUY,1675,5,0,3,8
UTILITY_GUY,292,6,1,1,8
STATION_GUY,16053,14,2,0,16
UTILITY_GUY,21803,11,1,1,13
UTILITY_GUY,3561,12,2,3,17
STATION_GUY,8538,15,1,2,18
STATION_GUY,20261,13,0,3,16
STATION_GUY,15520,14,1,3,18
STATION_GUY,650,4,1,4,9
STATION_GUY,30786,13,1,3,17
STATION_GUY,21204,12,0,2,14
STATION_GUY,21969,11,1,3,15
UTILITY_GUY,17938,10,2,3,15
STATION_GUY,3044,9,1,4,14
STATION_GUY,5055,11,1,2,14
STATION_GUY,9960,15,0,1,16
UTILITY_GUY,1211,6,0,0,6
STATION_GUY,330,6,0,2,8
STATION_GUY,12748,13,0,2,15
STATION_GUY,2410,11,1,4,16
UTILITY_GUY,653,3,1,2,6
STATION_GUY,5658,10,0,4,14
STATION_GUY,1984,5,0,4,9
UTILITY_GUY,12692,12,2,3,17
UTILITY_GUY,11920,11,1,1,13
STATION_GUY,40826,13,1,1,15
STATION_GUY,732,8,0,3,11
UTILITY_GUY,38072,12,2,0,14
STATION_GUY,3639,6,1,4,11
STATION_GUY,1195,8,1,1,10
STATION_GUY,54906,13,1,3,17
STATION_GUY,11063,13,0,3,16
STATION_GUY,10254,13,2,1,16
UTILITY_GUY,9359,10,1,2,13
STATION_GUY,6915,10,0,3,13
STATION_GUY,9093,10,0,4,14
STATION_GUY,598,8,1,4,13
STATION_GUY,25639,11,0,3,14
UTILITY_GUY,65866,13,0,2,15
UTILITY_GUY,3859,13,2,1,16
UTILITY_GUY,598,8,1,2,11
STATION_GUY,5330,13,1,3,17
STATION_GUY,747,7,1,3,11
UTILITY_GUY,3078,9,2,3,14
STATION_GUY,910,8,0,3,11
UTILITY_GUY,967,5,1,0,6
STATION_GUY,3518,12,2,4,18
UTILITY_GUY,8661,11,2,1,14
STATION_GUY,2860,10,1,4,15
STATION_GUY,2709,6,1,4,11
STATION_GUY,53599,9,0,2,11
UTILITY_GUY,23958,12,0,1,13
UTILITY_GUY,44635,10,2,2,14
STATION_GUY,308,8,0,2,10
UTILITY_GUY,1286,4,0,1,5
STATION_GUY,2702,9,0,4,13
UTILITY_GUY,1132,5,1,3,9
UTILITY_GUY,30705,12,1,1,14
UTILITY_GUY,419,7,1,1,9
STATION_GUY,5258,11,1,4,16
STATION_GUY,3842,12,1,4,17
UTILITY_GUY,16979,11,2,2,15
STATION_GUY,335,6,0,2,8
STATION_GUY,5535,9,0,4,13
STATION_GUY,2719,7,0,4,11
UTILITY_GUY,89886,10,2,1,13
STATION_GUY,10658,15,1,2,18
STATION_GUY,1195,5,0,4,9
UTILITY_GUY,14133,12,2,3,17
STATION_GUY,543,8,1,2,11
STATION_GUY,32359,12,0,3,15
STATION_GUY,9643,14,1,3,18
STATION_GUY,11045,16,0,3,19
UTILITY_GUY,1086,5,2,1,8
STATION_GUY,139,8,1,1,10
STATION_GUY,1580,6,0,4,10
STATION_GUY,1486,8,1,3,12
UTILITY_GUY,451,8,2,0,10
STATION_GUY,1479,4,1,2,7
STATION_GUY,3126,12,0,4,16
STATION_GUY,19303,13,0,3,16
STATION_GUY,3000,9,0,4,13
UTILITY_GUY,30895,13,0,1,14
STATION_GUY,9666,10,1,3,14
UTILITY_GUY,8325,13,2,2,17
STATION_GUY,8083,12,1,3,16
UTILITY_GUY,14226,16,1,1,18
STATION_GUY,817,7,1,1,9
UTILITY_GUY,30732,15,1,0,16
STATION_GUY,1702,9,1,3,13
UTILITY_GUY,773,4,0,1,5
STATION_GUY,17432,13,0,3,16
UTILITY_GUY,14994,12,1,2,15
STATION_GUY,19941,12,1,3,16
UTILITY_GUY,20552,15,1,0,16
STATION_GUY,9157,13,0,3,16
STATION_GUY,19445,15,0,1,16
STATION_GUY,13034,11,0,3,14
UTILITY_GUY,916,5,0,1,6
STATION_GUY,1265,6,2,3,11
UTILITY_GUY,1057,5,1,1,7
STATION_GUY,44651,9,0,3,12
STATION_GUY,19310,13,0,3,16
STATION_GUY,1457,10,1,3,14
STATION_GUY,922,8,0,3,11
STATION_GUY,40345,13,0,2,15
STATION_GUY,733,7,1,2,10
STATION_GUY,2439,9,0,4,13
STATION_GUY,13175,14,1,2,17
UTILITY_GUY,41193,14,2,1,17
STATION_GUY,14692,12,0,1,13
STATION_GUY,11248,14,1,4,19
STATION_GUY,6301,13,1,4,18
STATION_GUY,33783,14,0,2,16
UTILITY_GUY,17476,12,2,1,15
UTILITY_GUY,16742,13,1,1,15
STATION_GUY,10029,14,1,2,17
STATION_GUY,2578,3,0,4,7
UTILITY_GUY,29337,13,1,3,17
STATION_GUY,21551,13,0,3,16
STATION_GUY,5273,13,1,4,18
STATION_GUY,1473,5,0,0,5
STATION_GUY,19134,13,0,2,15
STATION_GUY,1329,8,0,4,12
UTILITY_GUY,1306,11,2,2,15
UTILITY_GUY,13359,13,1,2,16
UTILITY_GUY,2069,11,1,0,12
STATION_GUY,5427,15,1,4,20
STATION_GUY,2376,9,2,2,13
UTILITY_GUY,1316,11,2,1,14
UTILITY_GUY,46540,13,0,1,14
UTILITY_GUY,14473,15,2,0,17
STATION_GUY,17103,12,0,1,13
UTILITY_GUY,22726,15,1,1,17
UTILITY_GUY,61284,11,1,2,14
STATION_GUY,17672,12,0,3,15
STATION_GUY,1691,10,0,3,13
UTILITY_GUY,1750,2,1,0,3
STATION_GUY,7717,8,1,4,13
UTILITY_GUY,301,10,2,0,12
STATION_GUY,3532,8,0,4,12
UTILITY_GUY,13876,13,2,3,18
STATION_GUY,2965,7,1,3,11
STATION_GUY,20203,7,0,3,10
STATION_GUY,1090,6,1,3,10
STATION_GUY,14860,14,1,2,17
UTILITY_GUY,10617,12,2,1,15
STATION_GUY,20155,12,0,2,14
STATION_GUY,11325,10,1,3,14
UTILITY_GUY,667,5,1,1,7
STATION_GUY,62796,14,2,2,18
UTILITY_GUY,994,5,0,0,5
STATION_GUY,21805,13,1,3,17
STATION_GUY,11824,10,0,3,13
UTILITY_GUY,22227,13,1,1,15
STATION_GUY,11684,10,2,3,15
UTILITY_GUY,85304,13,2,1,16
STATION_GUY,5388,11,0,3,14
UTILITY_GUY,1110,1,1,1,3
UTILITY_GUY,850,2,0,2,4
STATION_GUY,2704,6,1,4,11
STATION_GUY,20951,12,0,2,14
STATION_GUY,18690,10,1,3,14
STATION_GUY,695,8,1,1,10
UTILITY_GUY,17302,10,2,1,13
STATION_GUY,2034,9,1,4,14
STATION_GUY,534,9,1,3,13
UTILITY_GUY,99030,14,2,2,18
STATION_GUY,1642,7,0,4,11
STATION_GUY,20470,12,0,4,16
STATION_GUY,770,7,0,4,11
STATION_GUY,1181,8,0,4,12
UTILITY_GUY,26197,13,2,2,17
UTILITY_GUY,490,9,1,0,10
UTILITY_GUY,24875,14,1,1,16
STATION_GUY,26877,12,1,4,17
STATION_GUY,13513,12,0,2,14
STATION_GUY,3625,11,1,4,16
STATION_GUY,2635,8,1,2,11
STATION_GUY,28098,9,0,3,12
UTILITY_GUY,1037,7,2,1,10
STATION_GUY,367,7,1,2,10
STATION_GUY,733,3,0,2,5
UTILITY_GUY,15842,14,2,1,17
STATION_GUY,924,4,0,2,6
STATION_GUY,44352,12,0,3,15
STATION_GUY,30536,11,1,2,14
UTILITY_GUY,2762,8,2,3,13
STATION_GUY,5325,10,1,3,14
STATION_GUY,3192,10,1,4,15
UTILITY_GUY,35061,12,2,0,14
UTILITY_GUY,878,8,2,1,11
STATION_GUY,1493,12,2,3,17
UTILITY_GUY,57581,10,1,1,12
STATION_GUY,3841,10,0,4,14
STATION_GUY,3619,9,1,4,14
UTILITY_GUY,1040,7,1,1,9
UTILITY_GUY,1856,10,1,2,13
UTILITY_GUY,210,6,0,1,7
STATION_GUY,628,4,1,3,8
STATION_GUY,2043,4,0,4,8
UTILITY_GUY,742,8,2,2,12
STATION_GUY,730,5,0,4,9
UTILITY_GUY,20636,12,2,1,15
UTILITY_GUY,24190,12,1,2,15
UTILITY_GUY,29655,12,2,1,15
UTILITY_GUY,24540,13,2,0,15
UTILITY_GUY,636,5,2,4,11
UTILITY_GUY,352,8,2,0,10
UTILITY_GUY,1063,3,2,2,7
STATION_GUY,24776,11,0,3,14
UTILITY_GUY,14053,14,2,2,18
UTILITY_GUY,10390,14,1,0,15
UTILITY_GUY,9866,12,1,1,14
STATION_GUY,11278,12,1,3,16
STATION_GUY,1236,8,0,4,12
UTILITY_GUY,1103,7,2,2,11
STATION_GUY,15135,12,1,4,17
UTILITY_GUY,1313,7,2,1,10
STATION_GUY,2825,6,1,3,10
UTILITY_GUY,13385,12,2,1,15
STATION_GUY,11309,11,1,4,16
UTILITY_GUY,54747,13,2,1,16
UTILITY_GUY,15761,11,2,2,15
STATION_GUY,8619,15,1,3,19
UTILITY_GUY,27702,12,2,0,14
UTILITY_GUY,312,12,2,0,14
STATION_GUY,10756,10,2,4,16
STATION_GUY,27339,12,1,2,15
UTILITY_GUY,980,6,0,0,6
STATION_GUY,1507,9,1,3,13
STATION_GUY,51421,13,0,1,14
STATION_GUY,22392,11,0,4,15
STATION_GUY,823,4,0,2,6
STATION_GUY,1135,5,0,4,9
STATION_GUY,10597,12,0,3,15
UTILITY_GUY,1045,6,2,2,10
STATION_GUY,5182,12,1,4,17
STATION_GUY,1271,10,1,3,14
STATION_GUY,40517,9,0,4,13
STATION_GUY,3883,11,0,4,15
STATION_GUY,742,4,1,3,8
UTILITY_GUY,37046,13,1,1,15
UTILITY_GUY,12558,11,1,2,14
UTILITY_GUY,1227,2,0,0,2
UTILITY_GUY,42438,10,2,1,13
UTILITY_GUY,6731,12,1,2,15
STATION_GUY,740,6,1,2,9
STATION_GUY,5860,12,1,3,16
STATION_GUY,959,5,1,2,8
STATION_GUY,8666,13,0,2,15
STATION_GUY,33169,10,2,3,15
STATION_GUY,1086,7,2,2,11
UTILITY_GUY,15788,13,2,1,16
UTILITY_GUY,17934,11,2,2,15
STATION_GUY,27528,12,1,3,16
UTILITY_GUY,8517,10,2,3,15
UTILITY_GUY,4451,12,2,2,16
STATION_GUY,9374,12,1,3,16
STATION_GUY,520,8,1,0,9
UTILITY_GUY,28462,13,1,1,15
UTILITY_GUY,25984,9,1,1,11
UTILITY_GUY,1310,5,2,1,8
UTILITY_GUY,11421,15,2,2,19
STATION_GUY,12019,15,1,2,18
STATION_GUY,27832,12,1,3,16
UTILITY_GUY,18470,14,2,0,16
UTILITY_GUY,21131,12,2,1,15
STATION_GUY,3239,7,0,4,11
UTILITY_GUY,21011,12,2,1,15
STATION_GUY,7892,15,0,2,17
STATION_GUY,43424,11,0,3,14
STATION_GUY,793,9,1,1,11
UTILITY_GUY,9602,13,1,0,14
UTILITY_GUY,31144,11,2,2,15
UTILITY_GUY,788,5,2,0,7
STATION_GUY,3005,11,2,4,17
UTILITY_GUY,1035,10,2,1,13
UTILITY_GUY,46021,13,1,2,16
STATION_GUY,9308,13,0,3,16
UTILITY_GUY,13054,15,2,2,19
UTILITY_GUY,87034,13,0,1,14
STATION_GUY,1484,13,0,4,17
STATION_GUY,5062,10,0,4,14
UTILITY_GUY,21707,10,1,3,14
STATION_GUY,2796,7,0,3,10
STATION_GUY,253,5,0,2,7
UTILITY_GUY,14975,10,0,1,11
STATION_GUY,991,4,0,3,7
STATION_GUY,11063,15,0,2,17
UTILITY_GUY,1705,1,2,2,5
UTILITY_GUY,797,7,2,0,9
UTILITY_GUY,301,8,1,1,10
STATION_GUY,1175,8,0,3,11
STATION_GUY,14252,13,1,1,15
STATION_GUY,23252,13,0,3,16
STATION_GUY,4606,12,0,3,15
UTILITY_GUY,1043,9,0,0,9
STATION_GUY,211,5,0,3,8
UTILITY_GUY,874,4,2,2,8
STATION_GUY,1371,7,1,3,11
STATION_GUY,387,5,0,1,6
STATION_GUY,6017,10,0,3,13
STATION_GUY,5161,14,0,4,18
STATION_GUY,5172,13,1,4,18
UTILITY_GUY,697,5,1,1,7
STATION_GUY,1938,5,0,4,9
UTILITY_GUY,621,12,2,1,15
UTILITY_GUY,17591,12,2,0,14
STATION_GUY,16059,15,1,3,19
STATION_GUY,2891,11,2,4,17
UTILITY_GUY,51462,11,2,1,14
STATION_GUY,556,9,0,2,11
STATION_GUY,8084,13,1,2,16
STATION_GUY,14610,11,0,4,15
STATION_GUY,51385,9,0,3,12
UTILITY_GUY,1546,6,1,1,8
STATION_GUY,1086,2,0,3,5
UTILITY_GUY,11423,13,2,1,16
STATION_GUY,15943,14,1,3,18
UTILITY_GUY,6161,13,2,2,17
UTILITY_GUY,1720,8,1,2,11
UTILITY_GUY,671,4,1,1,6
STATION_GUY,2557,11,0,4,15
STATION_GUY,12275,15,0,2,17
STATION_GUY,11128,12,1,4,17
STATION_GUY,364,10,1,4,15
UTILITY_GUY,23435,12,2,1,15
STATION_GUY,1510,7,1,4,12
STATION_GUY,1118,6,1,4,11
STATION_GUY,3258,9,0,4,13
STATION_GUY,2598,9,0,4,13
UTILITY_GUY,13131,12,2,2,16
UTILITY_GUY,10460,15,0,2,17
STATION_GUY,33558,11,1,3,15
STATION_GUY,21435,11,0,3,14
STATION_GUY,10782,11,2,2,15
UTILITY_GUY,28059,11,1,1,13
STATION_GUY,9426,10,1,3,14
STATION_GUY,1703,8,1,4,13
STATION_GUY,6508,15,1,3,19
STATION_GUY,1505,4,1,3,8
UTILITY_GUY,266,5,1,1,7
STATION_GUY,16571,12,0,3,15
UTILITY_GUY,1761,5,2,2,9
STATION_GUY,13260,14,1,3,18
UTILITY_GUY,7612,13,2,1,16
UTILITY_GUY,24527,11,1,2,14
STATION_GUY,13648,14,0,4,18
STATION_GUY,1188,2,1,2,5
STATION_GUY,550,9,0,2,11
STATION_GUY,6841,12,2,4,18
STATION_GUY,9510,10,0,0,10
UTILITY_GUY,17630,12,2,1,15
UTILITY_GUY,444,12,1,3,16
STATION_GUY,1994,8,0,4,12
UTILITY_GUY,52709,13,1,1,15
UTILITY_GUY,86896,13,1,1,15
STATION_GUY,7988,12,2,2,16
UTILITY_GUY,22976,13,1,2,16
STATION_GUY,4419,11,0,4,15
UTILITY_GUY,6497,8,1,2,11
UTILITY_GUY,8847,14,2,1,17
UTILITY_GUY,24734,12,0,1,13
STATION_GUY,3096,11,1,4,16
UTILITY_GUY,18399,14,2,0,16
STATION_GUY,1792,6,1,3,10
STATION_GUY,11433,16,0,2,18
UTILITY_GUY,26715,14,1,1,16
UTILITY_GUY,10919,12,1,1,14
STATION_GUY,10138,12,1,3,16
STATION_GUY,76484,9,0,3,12
UTILITY_GUY,3477,10,0,3,13
STATION_GUY,14954,8,0,2,10
STATION_GUY,3238,5,0,4,9
UTILITY_GUY,1573,7,1,3,11
STATION_GUY,3569,14,1,4,19
STATION_GUY,3180,10,0,3,13
STATION_GUY,1864,10,0,4,14
STATION_GUY,5223,13,0,3,16
UTILITY_GUY,93572,14,1,2,17
STATION_GUY,1281,2,0,2,4
UTILITY_GUY,8026,13,1,2,16
UTILITY_GUY,1480,2,1,0,3
UTILITY_GUY,420,3,1,1,5
STATION_GUY,1543,9,1,4,14
STATION_GUY,3323,9,1,3,13
STATION_GUY,15518,16,1,3,20
UTILITY_GUY,666,4,2,0,6
STATION_GUY,7663,9,1,3,13
STATION_GUY,4107,9,1,4,14
UTILITY_GUY,972,7,2,2,11
STATION_GUY,27081,13,0,2,15
UTILITY_GUY,5519,6,2,1,9
STATION_GUY,1898,9,1,2,12
UTILITY_GUY,6696,14,1,1,16
STATION_GUY,17726,14,2,3,19
STATION_GUY,542,9,2,3,14
STATION_GUY,99405,12,0,3,15
UTILITY_GUY,24986,14,0,2,16
UTILITY_GUY,16334,16,2,2,20
STATION_GUY,10505,13,1,3,17
STATION_GUY,4719,10,0,4,14
STATION_GUY,550,12,2,4,18
UTILITY_GUY,909,3,2,1,6
STATION_GUY,794,8,1,4,13
STATION_GUY,1512,5,0,3,8
STATION_GUY,16860,10,0,4,14
STATION_GUY,349,7,1,3,11
UTILITY_GUY,10531,13,2,2,17
STATION_GUY,28337,13,0,4,17
STATION_GUY,1111,5,0,4,9
STATION_GUY,17562,12,0,3,15
STATION_GUY,53512,15,1,3,19
UTILITY_GUY,353,8,2,0,10
UTILITY_GUY,8207,10,2,1,13
UTILITY_GUY,28724,15,1,3,19
UTILITY_GUY,4232,10,0,2,12
STATION_GUY,1322,6,0,4,10
STATION_GUY,8488,15,0,2,17
STATION_GUY,8286,11,1,3,15
UTILITY_GUY,22966,15,2,1,18
STATION_GUY,1322,7,1,4,12
UTILITY_GUY,26313,15,1,2,18
STATION_GUY,8435,11,0,4,15
UTILITY_GUY,44189,16,1,0,17
UTILITY_GUY,50987,14,2,1,17
UTILITY_GUY,13253,13,2,1,16
STATION_GUY,3771,10,1,4,15
STATION_GUY,17831,12,2,3,17
STATION_GUY,14626,12,0,1,13
STATION_GUY,743,4,1,2,7
STATION_GUY,1365,5,0,4,9
STATION_GUY,14648,12,1,1,14
UTILITY_GUY,567,7,0,1,8
UTILITY_GUY,5818,7,2,1,10
